Edge	32	28	38	1	0	0	58	-1
	Sequence	+edge_17_0_+disjointig_2_2936_4784 1848 5 37003 2936 4784
	Sequence	+edge_17_1_+disjointig_2_17243_19091 1848 5 37003 17243 19091
	Sequence	+edge_17_2_+disjointig_2_31477_33317 1840 5 37003 31477 33317
	Sequence	+edge_17_3_+disjointig_8_11934_13782 1848 11 643982 11934 13782
	Sequence	+edge_17_4_+disjointig_9_233398_235246 1848 12 247138 233398 235246
Edge	33	56	57	1	0	0	58	-1
	Sequence	-edge_17_0_+disjointig_2_2936_4784 1848 -5 37003 32218 34066
	Sequence	-edge_17_1_+disjointig_2_17243_19091 1848 -5 37003 17911 19759
	Sequence	-edge_17_2_+disjointig_2_31477_33317 1840 -5 37003 3685 5525
	Sequence	-edge_17_3_+disjointig_8_11934_13782 1848 -11 643982 630199 632047
	Sequence	-edge_17_4_+disjointig_9_233398_235246 1848 -12 247138 11891 13739
Edge	34	57	40	0	0	0	18	-1
	Sequence	+edge_18_0_-disjointig_9_13739_88435 74696 -12 247138 13739 88435
Edge	35	67	28	0	0	0	18	-1
	Sequence	-edge_18_0_-disjointig_9_13739_88435 74696 12 247138 158702 233398
Edge	44	53	53	0	0	0	20	-1
	Sequence	+edge_23_0_+disjointig_3_10_42880 42870 6 85513 10 42880
	Sequence	+edge_23_1_+disjointig_3_42880_85504 42624 6 85513 42880 85504
Edge	45	55	55	0	0	0	20	-1
	Sequence	-edge_23_0_+disjointig_3_10_42880 42870 -6 85513 42632 85502
	Sequence	-edge_23_1_+disjointig_3_42880_85504 42624 -6 85513 8 42632
Edge	52	61	41	0	0	0	9	-1
	Sequence	+edge_27_0_+disjointig_5_0_246126 246126 8 246127 0 246126
Edge	53	63	54	0	0	0	9	-1
	Sequence	-edge_27_0_+disjointig_5_0_246126 246126 -8 246127 0 246126
Edge	60	34	65	0	0	1	22	-1
	Sequence	+edge_31_0_+disjointig_7_15265_18510 3245 10 1709078 15265 18510
	Sequence	+edge_31_1_+disjointig_7_152950_156193 3243 10 1709078 152950 156193
	Sequence	+edge_31_2_+disjointig_7_264431_267755 3324 10 1709078 264431 267755
	Sequence	+edge_31_3_+disjointig_7_541654_544978 3324 10 1709078 541654 544978
	Sequence	+edge_31_4_-disjointig_7_929935_933138 3203 -10 1709078 929935 933138
	Sequence	+edge_31_5_-disjointig_7_893732_896935 3203 -10 1709078 893732 896935
	Sequence	+edge_31_6_-disjointig_7_833764_837016 3252 -10 1709078 833764 837016
	Sequence	+edge_31_7_-disjointig_7_827787_830994 3207 -10 1709078 827787 830994
	Sequence	+edge_31_8_-disjointig_7_685580_688779 3199 -10 1709078 685580 688779
	Sequence	+edge_31_9_-disjointig_9_89253_92499 3246 -12 247138 89253 92499
Edge	61	51	32	0	0	1	22	-1
	Sequence	-edge_31_0_+disjointig_7_15265_18510 3245 -10 1709078 1690567 1693812
	Sequence	-edge_31_1_+disjointig_7_152950_156193 3243 -10 1709078 1552884 1556127
	Sequence	-edge_31_2_+disjointig_7_264431_267755 3324 -10 1709078 1441322 1444646
	Sequence	-edge_31_3_+disjointig_7_541654_544978 3324 -10 1709078 1164099 1167423
	Sequence	-edge_31_4_-disjointig_7_929935_933138 3203 10 1709078 775939 779142
	Sequence	-edge_31_5_-disjointig_7_893732_896935 3203 10 1709078 812142 815345
	Sequence	-edge_31_6_-disjointig_7_833764_837016 3252 10 1709078 872061 875313
	Sequence	-edge_31_7_-disjointig_7_827787_830994 3207 10 1709078 878083 881290
	Sequence	-edge_31_8_-disjointig_7_685580_688779 3199 10 1709078 1020298 1023497
	Sequence	-edge_31_9_-disjointig_9_89253_92499 3246 12 247138 154638 157884
Edge	62	19	43	0	0	0	17	-1
	Sequence	+edge_32_0_+disjointig_7_779142_810374 31232 10 1709078 779142 810374
Edge	63	1	18	0	0	0	17	-1
	Sequence	-edge_32_0_+disjointig_7_779142_810374 31232 -10 1709078 898703 929935
Edge	64	3	11	0	0	0	14	-1
	Sequence	+edge_33_0_+disjointig_7_815345_870288 54943 10 1709078 815345 870288
Edge	65	12	2	0	0	0	14	-1
	Sequence	-edge_33_0_+disjointig_7_815345_870288 54943 -10 1709078 838789 893732
Edge	66	8	29	0	0	0	12	-1
	Sequence	+edge_34_0_+disjointig_7_881290_1018527 137237 10 1709078 881290 1018527
Edge	67	36	10	0	0	0	12	-1
	Sequence	-edge_34_0_+disjointig_7_881290_1018527 137237 -10 1709078 690550 827787
Edge	68	24	66	0	0	0	11	-1
	Sequence	+edge_35_0_-disjointig_7_1444646_1551114 106468 -10 1709078 1444646 1551114
Edge	69	4	27	0	0	0	11	-1
	Sequence	-edge_35_0_-disjointig_7_1444646_1551114 106468 10 1709078 157963 264431
Edge	70	22	17	0	0	0	16	-1
	Sequence	+edge_36_0_-disjointig_7_1556127_1688794 132667 -10 1709078 1556127 1688794
Edge	71	14	20	0	0	0	16	-1
	Sequence	-edge_36_0_-disjointig_7_1556127_1688794 132667 10 1709078 20283 152950
Edge	72	32	67	0	0	1	16	-1
	Sequence	+edge_37_0_+disjointig_7_875313_876136 823 10 1709078 875313 876136
	Sequence	+edge_37_1_+disjointig_9_157884_158702 818 12 247138 157884 158702
Edge	73	40	34	0	0	1	16	-1
	Sequence	-edge_37_0_+disjointig_7_875313_876136 823 -10 1709078 832941 833764
	Sequence	-edge_37_1_+disjointig_9_157884_158702 818 -12 247138 88435 89253
Edge	74	65	71	0	0	1	19	-1
	Sequence	+edge_38_0_+disjointig_7_18510_20283 1773 10 1709078 18510 20283
	Sequence	+edge_38_1_+disjointig_7_156193_157963 1770 10 1709078 156193 157963
	Sequence	+edge_38_2_+disjointig_7_267755_269528 1773 10 1709078 267755 269528
	Sequence	+edge_38_3_+disjointig_7_544978_546751 1773 10 1709078 544978 546751
	Sequence	+edge_38_4_-disjointig_7_933138_934911 1773 -10 1709078 933138 934911
	Sequence	+edge_38_5_-disjointig_7_896935_898703 1768 -10 1709078 896935 898703
	Sequence	+edge_38_6_-disjointig_7_837016_838789 1773 -10 1709078 837016 838789
	Sequence	+edge_38_7_-disjointig_7_688779_690550 1771 -10 1709078 688779 690550
	Sequence	+edge_38_8_-disjointig_9_92499_94269 1770 -12 247138 92499 94269
Edge	75	31	51	0	0	1	19	-1
	Sequence	-edge_38_0_+disjointig_7_18510_20283 1773 -10 1709078 1688794 1690567
	Sequence	-edge_38_1_+disjointig_7_156193_157963 1770 -10 1709078 1551114 1552884
	Sequence	-edge_38_2_+disjointig_7_267755_269528 1773 -10 1709078 1439549 1441322
	Sequence	-edge_38_3_+disjointig_7_544978_546751 1773 -10 1709078 1162326 1164099
	Sequence	-edge_38_4_-disjointig_7_933138_934911 1773 10 1709078 774166 775939
	Sequence	-edge_38_5_-disjointig_7_896935_898703 1768 10 1709078 810374 812142
	Sequence	-edge_38_6_-disjointig_7_837016_838789 1773 10 1709078 870288 872061
	Sequence	-edge_38_7_-disjointig_7_688779_690550 1771 10 1709078 1018527 1020298
	Sequence	-edge_38_8_-disjointig_9_92499_94269 1770 12 247138 152868 154638
Edge	76	9	13	0	0	0	12	-1
	Sequence	+edge_39_0_-disjointig_7_830994_832941 1947 -10 1709078 830994 832941
Edge	77	64	23	0	0	0	12	-1
	Sequence	-edge_39_0_-disjointig_7_830994_832941 1947 10 1709078 876136 878083
Edge	78	50	21	0	0	0	12	-1
	Sequence	+edge_40_0_+disjointig_7_546751_774166 227415 10 1709078 546751 774166
Edge	79	70	69	0	0	0	12	-1
	Sequence	-edge_40_0_+disjointig_7_546751_774166 227415 -10 1709078 934911 1162326
Edge	80	38	59	0	0	0	15	-1
	Sequence	+edge_41_0_+disjointig_8_13782_643975 630193 11 643982 13782 643975
Edge	81	60	56	0	0	0	15	-1
	Sequence	-edge_41_0_+disjointig_8_13782_643975 630193 -11 643982 6 630199
Edge	82	59	42	0	0	0	12	-1
	Sequence	+edge_42_0_+disjointig_4_20074_262798 242724 7 264789 20074 262798
Edge	83	45	60	0	0	0	12	-1
	Sequence	-edge_42_0_+disjointig_4_20074_262798 242724 -7 264789 1990 244714
Edge	84	42	52	0	0	0	10	-1
	Sequence	+edge_43_0_+disjointig_1_3847_184395 180548 1 184396 3847 184395
Edge	85	47	45	0	0	0	10	-1
	Sequence	-edge_43_0_+disjointig_1_3847_184395 180548 -1 184396 0 180548
Edge	86	48	44	0	0	0	5	-1
	Sequence	+edge_44_0_-disjointig_7_1693812_1708696 14884 -10 1709078 1693812 1708696
Edge	87	35	16	0	0	0	5	-1
	Sequence	-edge_44_0_-disjointig_7_1693812_1708696 14884 10 1709078 381 15265
Edge	88	44	15	0	0	0	12	-1
	Sequence	+edge_45_0_+disjointig_10_4363_205206 200843 2 210216 4363 205206
Edge	89	37	35	0	0	0	12	-1
	Sequence	-edge_45_0_+disjointig_10_4363_205206 200843 -2 210216 5009 205852
Edge	90	15	31	0	0	0	14	-1
	Sequence	+edge_46_0_+disjointig_9_7315_152868 145553 12 247138 7315 152868
Edge	91	71	37	0	0	0	14	-1
	Sequence	-edge_46_0_+disjointig_9_7315_152868 145553 -12 247138 94269 239822
Edge	92	6	49	0	0	0	13	-1
	Sequence	+edge_47_0_-disjointig_6_608235_1171926 563691 -9 1171927 608235 1171926
Edge	93	46	5	0	0	0	13	-1
	Sequence	-edge_47_0_-disjointig_6_608235_1171926 563691 9 1171927 0 563691
Edge	94	49	33	0	0	0	14	-1
	Sequence	+edge_48_0_-disjointig_7_17506_685580 668074 -10 1709078 17506 685580
Edge	95	7	46	0	0	0	14	-1
	Sequence	-edge_48_0_-disjointig_7_17506_685580 668074 10 1709078 1023497 1691571
Edge	96	5	68	0	0	0	13	-1
	Sequence	+edge_49_0_+disjointig_6_563691_1171926 608235 9 1171927 563691 1171926
Edge	97	62	6	0	0	0	13	-1
	Sequence	-edge_49_0_+disjointig_6_563691_1171926 608235 -9 1171927 0 608235
Edge	98	39	39	0	0	0	56	-1
	Sequence	+edge_50_0_+disjointig_11_11156_23234 12078 3 35306 11156 23234
	Sequence	+edge_50_1_+disjointig_11_23234_35302 12068 3 35306 23234 35302
Edge	99	58	58	0	0	0	56	-1
	Sequence	-edge_50_0_+disjointig_11_11156_23234 12078 -3 35306 12071 24149
	Sequence	-edge_50_1_+disjointig_11_23234_35302 12068 -3 35306 3 12071
Edge	100	30	25	0	0	0	13	-1
	Sequence	+edge_51_0_-disjointig_7_1167423_1439549 272126 -10 1709078 1167423 1439549
Edge	101	26	0	0	0	0	13	-1
	Sequence	-edge_51_0_-disjointig_7_1167423_1439549 272126 10 1709078 269528 541654
Edge	102	38	28	0	0	0	46	-1
	Sequence	+edge_52_0_+disjointig_2_4784_17243 12459 5 37003 4784 17243
	Sequence	+edge_52_1_+disjointig_2_19091_31477 12386 5 37003 19091 31477
Edge	103	57	56	0	0	0	46	-1
	Sequence	-edge_52_0_+disjointig_2_4784_17243 12459 -5 37003 19759 32218
	Sequence	-edge_52_1_+disjointig_2_19091_31477 12386 -5 37003 5525 17911
Edge	104	27	26	0	0	0	12	-1
	Sequence	+edge_53_0_-cfe89132-4b62-4383-aa2c-508a10886f75_4967_10063 5096 * 0 0 0
Edge	105	25	24	0	0	0	12	-1
	Sequence	-edge_53_0_-cfe89132-4b62-4383-aa2c-508a10886f75_4967_10063 5096 * 0 0 0
Edge	106	21	19	0	0	0	14	-1
	Sequence	+edge_54_0_-13429dd0-3fdd-4c26-96a0-552971c7cc42_20214_25190 4976 * 0 0 0
Edge	107	18	70	0	0	0	14	-1
	Sequence	-edge_54_0_-13429dd0-3fdd-4c26-96a0-552971c7cc42_20214_25190 4976 * 0 0 0
Edge	108	17	48	0	0	0	10	-1
	Sequence	+edge_55_0_+131b2017-8c92-470b-8f2c-4ce0e6764dd8_929_5945 5016 * 0 0 0
Edge	109	16	14	0	0	0	10	-1
	Sequence	-edge_55_0_+131b2017-8c92-470b-8f2c-4ce0e6764dd8_929_5945 5016 * 0 0 0
Edge	110	13	12	0	0	0	13	-1
	Sequence	+edge_56_0_+73226d3b-e060-433d-abd2-d3c86eb81d44_4158_10005 5847 * 0 0 0
Edge	111	11	64	0	0	0	13	-1
	Sequence	-edge_56_0_+73226d3b-e060-433d-abd2-d3c86eb81d44_4158_10005 5847 * 0 0 0
Edge	112	10	9	0	0	0	12	-1
	Sequence	+edge_57_0_+5520854e-de74-489b-9cf3-86f601af4a3a_3093_6299 3206 * 0 0 0
Edge	113	23	8	0	0	0	12	-1
	Sequence	-edge_57_0_+5520854e-de74-489b-9cf3-86f601af4a3a_3093_6299 3206 * 0 0 0
Edge	114	33	36	0	0	0	13	-1
	Sequence	+edge_58_0_-b433bf4a-3c9a-4ada-b8fa-54b009bee3c6_27020_31994 4974 * 0 0 0
Edge	115	29	7	0	0	0	13	-1
	Sequence	-edge_58_0_-b433bf4a-3c9a-4ada-b8fa-54b009bee3c6_27020_31994 4974 * 0 0 0
Edge	118	66	22	0	0	0	13	-1
	Sequence	+edge_60_0_+68c08528-b73d-4c6f-bdba-d3cc9e1174c9_5500_10506 5006 * 0 0 0
Edge	119	20	4	0	0	0	13	-1
	Sequence	-edge_60_0_+68c08528-b73d-4c6f-bdba-d3cc9e1174c9_5500_10506 5006 * 0 0 0
Edge	120	43	3	0	0	0	15	-1
	Sequence	+edge_61_0_-7b0b7333-fcdb-4081-be74-c32976e783c0_2000_6972 4972 * 0 0 0
Edge	121	2	1	0	0	0	15	-1
	Sequence	-edge_61_0_-7b0b7333-fcdb-4081-be74-c32976e783c0_2000_6972 4972 * 0 0 0
Edge	122	0	50	0	0	0	12	-1
	Sequence	+edge_62_0_-852eebc5-af96-4683-9736-728d98ad624c_8195_13292 5097 * 0 0 0
Edge	123	69	30	0	0	0	12	-1
	Sequence	-edge_62_0_-852eebc5-af96-4683-9736-728d98ad624c_8195_13292 5097 * 0 0 0
