Edge	0	32	32	1	0	0	116659	-1
	Sequence	+edge_1_0_+disjointig_1_12_521 509 1 51440 12 521
	Sequence	+edge_1_1_+disjointig_1_521_1049 528 1 51440 521 1049
	Sequence	+edge_1_2_+disjointig_1_1049_1577 528 1 51440 1049 1577
	Sequence	+edge_1_3_+disjointig_1_1577_2105 528 1 51440 1577 2105
	Sequence	+edge_1_4_+disjointig_1_2105_2633 528 1 51440 2105 2633
	Sequence	+edge_1_5_+disjointig_1_2633_3161 528 1 51440 2633 3161
	Sequence	+edge_1_6_+disjointig_1_3161_3689 528 1 51440 3161 3689
	Sequence	+edge_1_7_+disjointig_1_3689_4217 528 1 51440 3689 4217
	Sequence	+edge_1_8_+disjointig_1_4217_4745 528 1 51440 4217 4745
	Sequence	+edge_1_9_+disjointig_1_4745_5273 528 1 51440 4745 5273
	Sequence	+edge_1_10_+disjointig_1_5273_5801 528 1 51440 5273 5801
	Sequence	+edge_1_11_+disjointig_1_5801_6329 528 1 51440 5801 6329
	Sequence	+edge_1_12_+disjointig_1_6329_6857 528 1 51440 6329 6857
	Sequence	+edge_1_13_+disjointig_1_6857_7385 528 1 51440 6857 7385
	Sequence	+edge_1_14_+disjointig_1_7385_7913 528 1 51440 7385 7913
	Sequence	+edge_1_15_+disjointig_1_7913_8441 528 1 51440 7913 8441
	Sequence	+edge_1_16_+disjointig_1_8441_8977 536 1 51440 8441 8977
	Sequence	+edge_1_17_+disjointig_1_8977_9486 509 1 51440 8977 9486
	Sequence	+edge_1_18_+disjointig_1_9486_9989 503 1 51440 9486 9989
	Sequence	+edge_1_19_+disjointig_1_9989_10492 503 1 51440 9989 10492
	Sequence	+edge_1_20_+disjointig_1_10492_10995 503 1 51440 10492 10995
	Sequence	+edge_1_21_+disjointig_1_10995_11498 503 1 51440 10995 11498
	Sequence	+edge_1_22_+disjointig_1_11498_12001 503 1 51440 11498 12001
	Sequence	+edge_1_23_+disjointig_1_12001_12504 503 1 51440 12001 12504
	Sequence	+edge_1_24_+disjointig_1_12504_13007 503 1 51440 12504 13007
	Sequence	+edge_1_25_+disjointig_1_13007_13510 503 1 51440 13007 13510
	Sequence	+edge_1_26_+disjointig_1_13510_14013 503 1 51440 13510 14013
	Sequence	+edge_1_27_+disjointig_1_14013_14516 503 1 51440 14013 14516
	Sequence	+edge_1_28_+disjointig_1_14516_15019 503 1 51440 14516 15019
	Sequence	+edge_1_29_+disjointig_1_15019_15522 503 1 51440 15019 15522
	Sequence	+edge_1_30_+disjointig_1_15522_16025 503 1 51440 15522 16025
	Sequence	+edge_1_31_+disjointig_1_16025_16528 503 1 51440 16025 16528
	Sequence	+edge_1_32_+disjointig_1_16528_17031 503 1 51440 16528 17031
	Sequence	+edge_1_33_+disjointig_1_17031_17534 503 1 51440 17031 17534
	Sequence	+edge_1_34_+disjointig_1_17534_18037 503 1 51440 17534 18037
	Sequence	+edge_1_35_+disjointig_1_18037_18540 503 1 51440 18037 18540
	Sequence	+edge_1_36_+disjointig_1_18540_19043 503 1 51440 18540 19043
	Sequence	+edge_1_37_+disjointig_1_19043_19546 503 1 51440 19043 19546
	Sequence	+edge_1_38_+disjointig_1_19546_20049 503 1 51440 19546 20049
	Sequence	+edge_1_39_+disjointig_1_20049_20552 503 1 51440 20049 20552
	Sequence	+edge_1_40_+disjointig_1_20552_21055 503 1 51440 20552 21055
	Sequence	+edge_1_41_+disjointig_1_21055_21578 523 1 51440 21055 21578
	Sequence	+edge_1_42_+disjointig_1_21578_22087 509 1 51440 21578 22087
	Sequence	+edge_1_43_+disjointig_1_22087_22590 503 1 51440 22087 22590
	Sequence	+edge_1_44_+disjointig_1_22590_23093 503 1 51440 22590 23093
	Sequence	+edge_1_45_+disjointig_1_23093_23596 503 1 51440 23093 23596
	Sequence	+edge_1_46_+disjointig_1_23596_24099 503 1 51440 23596 24099
	Sequence	+edge_1_47_+disjointig_1_24099_24602 503 1 51440 24099 24602
	Sequence	+edge_1_48_+disjointig_1_24602_25105 503 1 51440 24602 25105
	Sequence	+edge_1_49_+disjointig_1_25105_25608 503 1 51440 25105 25608
	Sequence	+edge_1_50_+disjointig_1_25608_26111 503 1 51440 25608 26111
	Sequence	+edge_1_51_+disjointig_1_26111_26614 503 1 51440 26111 26614
	Sequence	+edge_1_52_+disjointig_1_26614_27117 503 1 51440 26614 27117
	Sequence	+edge_1_53_+disjointig_1_27117_27620 503 1 51440 27117 27620
	Sequence	+edge_1_54_+disjointig_1_27620_28123 503 1 51440 27620 28123
	Sequence	+edge_1_55_+disjointig_1_28123_28626 503 1 51440 28123 28626
	Sequence	+edge_1_56_+disjointig_1_28626_29129 503 1 51440 28626 29129
	Sequence	+edge_1_57_+disjointig_1_29129_29632 503 1 51440 29129 29632
	Sequence	+edge_1_58_+disjointig_1_29632_30135 503 1 51440 29632 30135
	Sequence	+edge_1_59_+disjointig_1_30135_30638 503 1 51440 30135 30638
	Sequence	+edge_1_60_+disjointig_1_30638_31141 503 1 51440 30638 31141
	Sequence	+edge_1_61_+disjointig_1_31141_31644 503 1 51440 31141 31644
	Sequence	+edge_1_62_+disjointig_1_31644_32147 503 1 51440 31644 32147
	Sequence	+edge_1_63_+disjointig_1_32147_32650 503 1 51440 32147 32650
	Sequence	+edge_1_64_+disjointig_1_32650_33153 503 1 51440 32650 33153
	Sequence	+edge_1_65_+disjointig_1_33153_33656 503 1 51440 33153 33656
	Sequence	+edge_1_66_+disjointig_1_33656_34161 505 1 51440 33656 34161
	Sequence	+edge_1_67_+disjointig_1_34161_34687 526 1 51440 34161 34687
	Sequence	+edge_1_68_+disjointig_1_34687_35242 555 1 51440 34687 35242
	Sequence	+edge_1_69_+disjointig_1_35242_35797 555 1 51440 35242 35797
	Sequence	+edge_1_70_+disjointig_1_35797_36352 555 1 51440 35797 36352
	Sequence	+edge_1_71_+disjointig_1_36352_36907 555 1 51440 36352 36907
	Sequence	+edge_1_72_+disjointig_1_36907_37462 555 1 51440 36907 37462
	Sequence	+edge_1_73_+disjointig_1_37462_38017 555 1 51440 37462 38017
	Sequence	+edge_1_74_+disjointig_1_38017_38572 555 1 51440 38017 38572
	Sequence	+edge_1_75_+disjointig_1_38572_39127 555 1 51440 38572 39127
	Sequence	+edge_1_76_+disjointig_1_39127_39684 557 1 51440 39127 39684
	Sequence	+edge_1_77_+disjointig_1_39684_40312 628 1 51440 39684 40312
	Sequence	+edge_1_78_+disjointig_1_40312_41140 828 1 51440 40312 41140
	Sequence	+edge_1_79_+disjointig_1_41140_41999 859 1 51440 41140 41999
	Sequence	+edge_1_80_+disjointig_1_41999_42587 588 1 51440 41999 42587
	Sequence	+edge_1_81_+disjointig_1_42587_43175 588 1 51440 42587 43175
	Sequence	+edge_1_82_+disjointig_1_43175_43763 588 1 51440 43175 43763
	Sequence	+edge_1_83_+disjointig_1_43763_44353 590 1 51440 43763 44353
	Sequence	+edge_1_84_+disjointig_1_44353_44856 503 1 51440 44353 44856
	Sequence	+edge_1_85_+disjointig_1_44856_45359 503 1 51440 44856 45359
	Sequence	+edge_1_86_+disjointig_1_45359_45862 503 1 51440 45359 45862
	Sequence	+edge_1_87_+disjointig_1_45862_46365 503 1 51440 45862 46365
	Sequence	+edge_1_88_+disjointig_1_46365_46868 503 1 51440 46365 46868
	Sequence	+edge_1_89_+disjointig_1_46868_47371 503 1 51440 46868 47371
	Sequence	+edge_1_90_+disjointig_1_47371_47874 503 1 51440 47371 47874
	Sequence	+edge_1_91_+disjointig_1_47874_48377 503 1 51440 47874 48377
	Sequence	+edge_1_92_+disjointig_1_48377_48880 503 1 51440 48377 48880
	Sequence	+edge_1_93_+disjointig_1_48880_49383 503 1 51440 48880 49383
	Sequence	+edge_1_94_+disjointig_1_49383_49886 503 1 51440 49383 49886
	Sequence	+edge_1_95_+disjointig_1_49886_50389 503 1 51440 49886 50389
	Sequence	+edge_1_96_+disjointig_1_50389_50892 503 1 51440 50389 50892
	Sequence	+edge_1_97_+disjointig_1_50892_51407 515 1 51440 50892 51407
	Sequence	+edge_1_98_+disjointig_138_0_830 830 2 16127 0 830
	Sequence	+edge_1_99_+disjointig_138_830_1348 518 2 16127 830 1348
	Sequence	+edge_1_100_+disjointig_138_1348_1866 518 2 16127 1348 1866
	Sequence	+edge_1_101_+disjointig_138_1866_2384 518 2 16127 1866 2384
	Sequence	+edge_1_102_+disjointig_138_2384_2902 518 2 16127 2384 2902
	Sequence	+edge_1_103_+disjointig_138_2902_3420 518 2 16127 2902 3420
	Sequence	+edge_1_104_+disjointig_138_3420_3938 518 2 16127 3420 3938
	Sequence	+edge_1_105_+disjointig_138_3938_4456 518 2 16127 3938 4456
	Sequence	+edge_1_106_+disjointig_138_4456_4974 518 2 16127 4456 4974
	Sequence	+edge_1_107_+disjointig_138_4974_5492 518 2 16127 4974 5492
	Sequence	+edge_1_108_+disjointig_138_5492_6010 518 2 16127 5492 6010
	Sequence	+edge_1_109_+disjointig_138_6010_6528 518 2 16127 6010 6528
	Sequence	+edge_1_110_+disjointig_138_6528_7046 518 2 16127 6528 7046
	Sequence	+edge_1_111_+disjointig_138_7046_7564 518 2 16127 7046 7564
	Sequence	+edge_1_112_+disjointig_138_7564_8082 518 2 16127 7564 8082
	Sequence	+edge_1_113_+disjointig_138_8082_8600 518 2 16127 8082 8600
	Sequence	+edge_1_114_+disjointig_138_8600_9118 518 2 16127 8600 9118
	Sequence	+edge_1_115_+disjointig_138_9118_9636 518 2 16127 9118 9636
	Sequence	+edge_1_116_+disjointig_138_9636_10154 518 2 16127 9636 10154
	Sequence	+edge_1_117_+disjointig_138_10154_10672 518 2 16127 10154 10672
	Sequence	+edge_1_118_+disjointig_138_10672_11190 518 2 16127 10672 11190
	Sequence	+edge_1_119_+disjointig_138_11190_11708 518 2 16127 11190 11708
	Sequence	+edge_1_120_+disjointig_138_11708_12226 518 2 16127 11708 12226
	Sequence	+edge_1_121_+disjointig_138_12226_12761 535 2 16127 12226 12761
	Sequence	+edge_1_122_+disjointig_138_12761_13289 528 2 16127 12761 13289
	Sequence	+edge_1_123_+disjointig_138_13289_13795 506 2 16127 13289 13795
	Sequence	+edge_1_124_+disjointig_138_13795_14301 506 2 16127 13795 14301
	Sequence	+edge_1_125_+disjointig_138_14301_14807 506 2 16127 14301 14807
	Sequence	+edge_1_126_+disjointig_138_14807_15313 506 2 16127 14807 15313
	Sequence	+edge_1_127_+disjointig_138_15313_15823 510 2 16127 15313 15823
	Sequence	+edge_1_128_-disjointig_17_21061_21715 654 -4 21716 21061 21715
	Sequence	+edge_1_129_-disjointig_17_20545_21061 516 -4 21716 20545 21061
	Sequence	+edge_1_130_-disjointig_17_20029_20545 516 -4 21716 20029 20545
	Sequence	+edge_1_131_-disjointig_17_19513_20029 516 -4 21716 19513 20029
	Sequence	+edge_1_132_-disjointig_17_18997_19513 516 -4 21716 18997 19513
	Sequence	+edge_1_133_-disjointig_17_18481_18997 516 -4 21716 18481 18997
	Sequence	+edge_1_134_-disjointig_17_17965_18481 516 -4 21716 17965 18481
	Sequence	+edge_1_135_-disjointig_17_17449_17965 516 -4 21716 17449 17965
	Sequence	+edge_1_136_-disjointig_17_16933_17449 516 -4 21716 16933 17449
	Sequence	+edge_1_137_-disjointig_17_16417_16933 516 -4 21716 16417 16933
	Sequence	+edge_1_138_-disjointig_17_15901_16417 516 -4 21716 15901 16417
	Sequence	+edge_1_139_-disjointig_17_15385_15901 516 -4 21716 15385 15901
	Sequence	+edge_1_140_-disjointig_17_14869_15385 516 -4 21716 14869 15385
	Sequence	+edge_1_141_-disjointig_17_14353_14869 516 -4 21716 14353 14869
	Sequence	+edge_1_142_-disjointig_17_13837_14353 516 -4 21716 13837 14353
	Sequence	+edge_1_143_-disjointig_17_13321_13837 516 -4 21716 13321 13837
	Sequence	+edge_1_144_-disjointig_17_12805_13321 516 -4 21716 12805 13321
	Sequence	+edge_1_145_-disjointig_17_12289_12805 516 -4 21716 12289 12805
	Sequence	+edge_1_146_-disjointig_17_11773_12289 516 -4 21716 11773 12289
	Sequence	+edge_1_147_-disjointig_17_11257_11773 516 -4 21716 11257 11773
	Sequence	+edge_1_148_-disjointig_17_10741_11257 516 -4 21716 10741 11257
	Sequence	+edge_1_149_-disjointig_17_10225_10741 516 -4 21716 10225 10741
	Sequence	+edge_1_150_-disjointig_17_9709_10225 516 -4 21716 9709 10225
	Sequence	+edge_1_151_-disjointig_17_9193_9709 516 -4 21716 9193 9709
	Sequence	+edge_1_152_-disjointig_17_8677_9193 516 -4 21716 8677 9193
	Sequence	+edge_1_153_-disjointig_17_8161_8677 516 -4 21716 8161 8677
	Sequence	+edge_1_154_-disjointig_17_7645_8161 516 -4 21716 7645 8161
	Sequence	+edge_1_155_-disjointig_17_7129_7645 516 -4 21716 7129 7645
	Sequence	+edge_1_156_-disjointig_17_6593_7129 536 -4 21716 6593 7129
	Sequence	+edge_1_157_-disjointig_17_6056_6593 537 -4 21716 6056 6593
	Sequence	+edge_1_158_-disjointig_17_5476_6056 580 -4 21716 5476 6056
	Sequence	+edge_1_159_-disjointig_17_4896_5476 580 -4 21716 4896 5476
	Sequence	+edge_1_160_-disjointig_17_4316_4896 580 -4 21716 4316 4896
	Sequence	+edge_1_161_-disjointig_17_3736_4316 580 -4 21716 3736 4316
	Sequence	+edge_1_162_-disjointig_17_2968_3736 768 -4 21716 2968 3736
	Sequence	+edge_1_163_-disjointig_17_2417_2968 551 -4 21716 2417 2968
	Sequence	+edge_1_164_-disjointig_17_1866_2417 551 -4 21716 1866 2417
	Sequence	+edge_1_165_-disjointig_17_1315_1866 551 -4 21716 1315 1866
	Sequence	+edge_1_166_-disjointig_17_762_1315 553 -4 21716 762 1315
	Sequence	+edge_1_167_-disjointig_17_8_762 754 -4 21716 8 762
	Sequence	+edge_1_168_-disjointig_181_14115_14776 661 -5 14777 14115 14776
	Sequence	+edge_1_169_-disjointig_181_13587_14115 528 -5 14777 13587 14115
	Sequence	+edge_1_170_-disjointig_181_13067_13587 520 -5 14777 13067 13587
	Sequence	+edge_1_171_-disjointig_181_12547_13067 520 -5 14777 12547 13067
	Sequence	+edge_1_172_-disjointig_181_12027_12547 520 -5 14777 12027 12547
	Sequence	+edge_1_173_-disjointig_181_11507_12027 520 -5 14777 11507 12027
	Sequence	+edge_1_174_-disjointig_181_10987_11507 520 -5 14777 10987 11507
	Sequence	+edge_1_175_-disjointig_181_10467_10987 520 -5 14777 10467 10987
	Sequence	+edge_1_176_-disjointig_181_9947_10467 520 -5 14777 9947 10467
	Sequence	+edge_1_177_-disjointig_181_9427_9947 520 -5 14777 9427 9947
	Sequence	+edge_1_178_-disjointig_181_8907_9427 520 -5 14777 8907 9427
	Sequence	+edge_1_179_-disjointig_181_8387_8907 520 -5 14777 8387 8907
	Sequence	+edge_1_180_-disjointig_181_7865_8387 522 -5 14777 7865 8387
	Sequence	+edge_1_181_-disjointig_181_7167_7865 698 -5 14777 7167 7865
	Sequence	+edge_1_182_-disjointig_181_6535_7167 632 -5 14777 6535 7167
	Sequence	+edge_1_183_-disjointig_181_5852_6535 683 -5 14777 5852 6535
	Sequence	+edge_1_184_-disjointig_181_5265_5852 587 -5 14777 5265 5852
	Sequence	+edge_1_185_-disjointig_181_4629_5265 636 -5 14777 4629 5265
	Sequence	+edge_1_186_-disjointig_181_3993_4629 636 -5 14777 3993 4629
	Sequence	+edge_1_187_-disjointig_181_3483_3993 510 -5 14777 3483 3993
	Sequence	+edge_1_188_-disjointig_181_2914_3483 569 -5 14777 2914 3483
	Sequence	+edge_1_189_-disjointig_181_2182_2914 732 -5 14777 2182 2914
	Sequence	+edge_1_190_-disjointig_181_1552_2182 630 -5 14777 1552 2182
	Sequence	+edge_1_191_-disjointig_181_866_1552 686 -5 14777 866 1552
	Sequence	+edge_1_192_-disjointig_181_36_866 830 -5 14777 36 866
	Sequence	+edge_1_193_-disjointig_304_20830_21816 986 -9 21842 20830 21816
	Sequence	+edge_1_194_-disjointig_304_20258_20830 572 -9 21842 20258 20830
	Sequence	+edge_1_195_-disjointig_304_19686_20258 572 -9 21842 19686 20258
	Sequence	+edge_1_196_-disjointig_304_19114_19686 572 -9 21842 19114 19686
	Sequence	+edge_1_197_-disjointig_304_18539_19114 575 -9 21842 18539 19114
	Sequence	+edge_1_198_-disjointig_304_17981_18539 558 -9 21842 17981 18539
	Sequence	+edge_1_199_-disjointig_304_17447_17981 534 -9 21842 17447 17981
	Sequence	+edge_1_200_-disjointig_304_16913_17447 534 -9 21842 16913 17447
	Sequence	+edge_1_201_-disjointig_304_16379_16913 534 -9 21842 16379 16913
	Sequence	+edge_1_202_-disjointig_304_15845_16379 534 -9 21842 15845 16379
	Sequence	+edge_1_203_-disjointig_304_15311_15845 534 -9 21842 15311 15845
	Sequence	+edge_1_204_-disjointig_304_14777_15311 534 -9 21842 14777 15311
	Sequence	+edge_1_205_-disjointig_304_14243_14777 534 -9 21842 14243 14777
	Sequence	+edge_1_206_-disjointig_304_13709_14243 534 -9 21842 13709 14243
	Sequence	+edge_1_207_-disjointig_304_13175_13709 534 -9 21842 13175 13709
	Sequence	+edge_1_208_-disjointig_304_12641_13175 534 -9 21842 12641 13175
	Sequence	+edge_1_209_-disjointig_304_12107_12641 534 -9 21842 12107 12641
	Sequence	+edge_1_210_-disjointig_304_11562_12107 545 -9 21842 11562 12107
	Sequence	+edge_1_211_-disjointig_304_10910_11562 652 -9 21842 10910 11562
	Sequence	+edge_1_212_-disjointig_304_10357_10910 553 -9 21842 10357 10910
	Sequence	+edge_1_213_-disjointig_304_9804_10357 553 -9 21842 9804 10357
	Sequence	+edge_1_214_-disjointig_304_9251_9804 553 -9 21842 9251 9804
	Sequence	+edge_1_215_-disjointig_304_8698_9251 553 -9 21842 8698 9251
	Sequence	+edge_1_216_-disjointig_304_8145_8698 553 -9 21842 8145 8698
	Sequence	+edge_1_217_-disjointig_304_7592_8145 553 -9 21842 7592 8145
	Sequence	+edge_1_218_-disjointig_304_7039_7592 553 -9 21842 7039 7592
	Sequence	+edge_1_219_-disjointig_304_6486_7039 553 -9 21842 6486 7039
	Sequence	+edge_1_220_-disjointig_304_5932_6486 554 -9 21842 5932 6486
	Sequence	+edge_1_221_-disjointig_304_5384_5932 548 -9 21842 5384 5932
	Sequence	+edge_1_222_-disjointig_304_4748_5384 636 -9 21842 4748 5384
	Sequence	+edge_1_223_-disjointig_304_4112_4748 636 -9 21842 4112 4748
	Sequence	+edge_1_224_-disjointig_304_3585_4112 527 -9 21842 3585 4112
	Sequence	+edge_1_225_-disjointig_304_3035_3585 550 -9 21842 3035 3585
	Sequence	+edge_1_226_-disjointig_304_2485_3035 550 -9 21842 2485 3035
	Sequence	+edge_1_227_-disjointig_304_1935_2485 550 -9 21842 1935 2485
	Sequence	+edge_1_228_-disjointig_304_1342_1935 593 -9 21842 1342 1935
	Sequence	+edge_1_229_-disjointig_304_764_1342 578 -9 21842 764 1342
	Sequence	+edge_1_230_-disjointig_304_146_764 618 -9 21842 146 764
	Sequence	+edge_1_231_+disjointig_305_100_774 674 10 18126 100 774
	Sequence	+edge_1_232_+disjointig_305_774_1299 525 10 18126 774 1299
	Sequence	+edge_1_233_+disjointig_305_1299_1824 525 10 18126 1299 1824
	Sequence	+edge_1_234_+disjointig_305_1824_2349 525 10 18126 1824 2349
	Sequence	+edge_1_235_+disjointig_305_2349_2874 525 10 18126 2349 2874
	Sequence	+edge_1_236_+disjointig_305_2874_3399 525 10 18126 2874 3399
	Sequence	+edge_1_237_+disjointig_305_3399_3924 525 10 18126 3399 3924
	Sequence	+edge_1_238_+disjointig_305_3924_4453 529 10 18126 3924 4453
	Sequence	+edge_1_239_+disjointig_305_4453_4956 503 10 18126 4453 4956
	Sequence	+edge_1_240_+disjointig_305_4956_5456 500 10 18126 4956 5456
	Sequence	+edge_1_241_+disjointig_305_5456_5956 500 10 18126 5456 5956
	Sequence	+edge_1_242_+disjointig_305_5956_6456 500 10 18126 5956 6456
	Sequence	+edge_1_243_+disjointig_305_6456_6956 500 10 18126 6456 6956
	Sequence	+edge_1_244_+disjointig_305_6956_7456 500 10 18126 6956 7456
	Sequence	+edge_1_245_+disjointig_305_7456_7956 500 10 18126 7456 7956
	Sequence	+edge_1_246_+disjointig_305_7956_8456 500 10 18126 7956 8456
	Sequence	+edge_1_247_+disjointig_305_8456_8956 500 10 18126 8456 8956
	Sequence	+edge_1_248_+disjointig_305_8956_9456 500 10 18126 8956 9456
	Sequence	+edge_1_249_+disjointig_305_9456_9956 500 10 18126 9456 9956
	Sequence	+edge_1_250_+disjointig_305_9956_10456 500 10 18126 9956 10456
	Sequence	+edge_1_251_+disjointig_305_10456_10956 500 10 18126 10456 10956
	Sequence	+edge_1_252_+disjointig_305_10956_11456 500 10 18126 10956 11456
	Sequence	+edge_1_253_+disjointig_305_11456_11956 500 10 18126 11456 11956
	Sequence	+edge_1_254_+disjointig_305_11956_12456 500 10 18126 11956 12456
	Sequence	+edge_1_255_+disjointig_305_12456_12956 500 10 18126 12456 12956
	Sequence	+edge_1_256_+disjointig_305_12956_13456 500 10 18126 12956 13456
	Sequence	+edge_1_257_+disjointig_305_13456_13956 500 10 18126 13456 13956
	Sequence	+edge_1_258_+disjointig_305_13956_14456 500 10 18126 13956 14456
	Sequence	+edge_1_259_+disjointig_305_14456_14956 500 10 18126 14456 14956
	Sequence	+edge_1_260_+disjointig_305_14956_15456 500 10 18126 14956 15456
	Sequence	+edge_1_261_+disjointig_305_15456_15956 500 10 18126 15456 15956
	Sequence	+edge_1_262_+disjointig_305_15956_16456 500 10 18126 15956 16456
	Sequence	+edge_1_263_+disjointig_305_16456_16971 515 10 18126 16456 16971
	Sequence	+edge_1_264_+disjointig_305_16971_17496 525 10 18126 16971 17496
	Sequence	+edge_1_265_+disjointig_305_17496_18088 592 10 18126 17496 18088
	Sequence	+edge_1_266_+disjointig_343_1_651 650 11 18734 1 651
	Sequence	+edge_1_267_+disjointig_343_651_1163 512 11 18734 651 1163
	Sequence	+edge_1_268_+disjointig_343_1163_1675 512 11 18734 1163 1675
	Sequence	+edge_1_269_+disjointig_343_1675_2187 512 11 18734 1675 2187
	Sequence	+edge_1_270_+disjointig_343_2187_2699 512 11 18734 2187 2699
	Sequence	+edge_1_271_+disjointig_343_2699_3211 512 11 18734 2699 3211
	Sequence	+edge_1_272_+disjointig_343_3211_3723 512 11 18734 3211 3723
	Sequence	+edge_1_273_+disjointig_343_3723_4235 512 11 18734 3723 4235
	Sequence	+edge_1_274_+disjointig_343_4235_4747 512 11 18734 4235 4747
	Sequence	+edge_1_275_+disjointig_343_4747_5259 512 11 18734 4747 5259
	Sequence	+edge_1_276_+disjointig_343_5259_5771 512 11 18734 5259 5771
	Sequence	+edge_1_277_+disjointig_343_5771_6283 512 11 18734 5771 6283
	Sequence	+edge_1_278_+disjointig_343_6283_6795 512 11 18734 6283 6795
	Sequence	+edge_1_279_+disjointig_343_6795_7307 512 11 18734 6795 7307
	Sequence	+edge_1_280_+disjointig_343_7307_7819 512 11 18734 7307 7819
	Sequence	+edge_1_281_+disjointig_343_7819_8331 512 11 18734 7819 8331
	Sequence	+edge_1_282_+disjointig_343_8331_8843 512 11 18734 8331 8843
	Sequence	+edge_1_283_+disjointig_343_8843_9355 512 11 18734 8843 9355
	Sequence	+edge_1_284_+disjointig_343_9355_9867 512 11 18734 9355 9867
	Sequence	+edge_1_285_+disjointig_343_9867_10379 512 11 18734 9867 10379
	Sequence	+edge_1_286_+disjointig_343_10379_10891 512 11 18734 10379 10891
	Sequence	+edge_1_287_+disjointig_343_10891_11403 512 11 18734 10891 11403
	Sequence	+edge_1_288_+disjointig_343_11403_11915 512 11 18734 11403 11915
	Sequence	+edge_1_289_+disjointig_343_11915_12427 512 11 18734 11915 12427
	Sequence	+edge_1_290_+disjointig_343_12427_12939 512 11 18734 12427 12939
	Sequence	+edge_1_291_+disjointig_343_12939_13451 512 11 18734 12939 13451
	Sequence	+edge_1_292_+disjointig_343_13451_13963 512 11 18734 13451 13963
	Sequence	+edge_1_293_+disjointig_343_13963_14475 512 11 18734 13963 14475
	Sequence	+edge_1_294_+disjointig_343_14475_14987 512 11 18734 14475 14987
	Sequence	+edge_1_295_+disjointig_343_14987_15499 512 11 18734 14987 15499
	Sequence	+edge_1_296_+disjointig_343_15499_16011 512 11 18734 15499 16011
	Sequence	+edge_1_297_+disjointig_343_16011_16523 512 11 18734 16011 16523
	Sequence	+edge_1_298_+disjointig_343_16523_17035 512 11 18734 16523 17035
	Sequence	+edge_1_299_+disjointig_343_17035_17547 512 11 18734 17035 17547
	Sequence	+edge_1_300_+disjointig_343_17547_18076 529 11 18734 17547 18076
	Sequence	+edge_1_301_+disjointig_343_18076_18731 655 11 18734 18076 18731
	Sequence	+edge_1_302_+disjointig_35_1356_2101 745 12 22063 1356 2101
	Sequence	+edge_1_303_+disjointig_35_2101_2654 553 12 22063 2101 2654
	Sequence	+edge_1_304_+disjointig_35_2654_3207 553 12 22063 2654 3207
	Sequence	+edge_1_305_+disjointig_35_3207_3760 553 12 22063 3207 3760
	Sequence	+edge_1_306_+disjointig_35_3760_4313 553 12 22063 3760 4313
	Sequence	+edge_1_307_+disjointig_35_4313_4866 553 12 22063 4313 4866
	Sequence	+edge_1_308_+disjointig_35_4866_5419 553 12 22063 4866 5419
	Sequence	+edge_1_309_+disjointig_35_5419_5972 553 12 22063 5419 5972
	Sequence	+edge_1_310_+disjointig_35_5972_6525 553 12 22063 5972 6525
	Sequence	+edge_1_311_+disjointig_35_6525_7086 561 12 22063 6525 7086
	Sequence	+edge_1_312_+disjointig_35_7086_7712 626 12 22063 7086 7712
	Sequence	+edge_1_313_+disjointig_35_7712_8318 606 12 22063 7712 8318
	Sequence	+edge_1_314_+disjointig_35_8318_8924 606 12 22063 8318 8924
	Sequence	+edge_1_315_+disjointig_35_8924_9530 606 12 22063 8924 9530
	Sequence	+edge_1_316_+disjointig_35_9530_10139 609 12 22063 9530 10139
	Sequence	+edge_1_317_+disjointig_35_10139_10697 558 12 22063 10139 10697
	Sequence	+edge_1_318_+disjointig_35_10697_11221 524 12 22063 10697 11221
	Sequence	+edge_1_319_+disjointig_35_11221_11745 524 12 22063 11221 11745
	Sequence	+edge_1_320_+disjointig_35_11745_12269 524 12 22063 11745 12269
	Sequence	+edge_1_321_+disjointig_35_12269_12793 524 12 22063 12269 12793
	Sequence	+edge_1_322_+disjointig_35_12793_13317 524 12 22063 12793 13317
	Sequence	+edge_1_323_+disjointig_35_13317_13841 524 12 22063 13317 13841
	Sequence	+edge_1_324_+disjointig_35_13841_14365 524 12 22063 13841 14365
	Sequence	+edge_1_325_+disjointig_35_14365_14889 524 12 22063 14365 14889
	Sequence	+edge_1_326_+disjointig_35_14889_15413 524 12 22063 14889 15413
	Sequence	+edge_1_327_+disjointig_35_15413_15937 524 12 22063 15413 15937
	Sequence	+edge_1_328_+disjointig_35_15937_16461 524 12 22063 15937 16461
	Sequence	+edge_1_329_+disjointig_35_16461_16985 524 12 22063 16461 16985
	Sequence	+edge_1_330_+disjointig_35_16985_17509 524 12 22063 16985 17509
	Sequence	+edge_1_331_+disjointig_35_17509_18033 524 12 22063 17509 18033
	Sequence	+edge_1_332_+disjointig_35_18033_18557 524 12 22063 18033 18557
	Sequence	+edge_1_333_+disjointig_35_18557_19081 524 12 22063 18557 19081
	Sequence	+edge_1_334_+disjointig_35_19081_19606 525 12 22063 19081 19606
	Sequence	+edge_1_335_+disjointig_35_19606_20349 743 12 22063 19606 20349
	Sequence	+edge_1_336_+disjointig_35_20349_21290 941 12 22063 20349 21290
	Sequence	+edge_1_337_+disjointig_35_21290_22060 770 12 22063 21290 22060
	Sequence	+edge_1_338_-disjointig_373_20296_21118 822 -15 21133 20296 21118
	Sequence	+edge_1_339_-disjointig_373_19765_20296 531 -15 21133 19765 20296
	Sequence	+edge_1_340_-disjointig_373_19257_19765 508 -15 21133 19257 19765
	Sequence	+edge_1_341_-disjointig_373_18749_19257 508 -15 21133 18749 19257
	Sequence	+edge_1_342_-disjointig_373_18241_18749 508 -15 21133 18241 18749
	Sequence	+edge_1_343_-disjointig_373_17733_18241 508 -15 21133 17733 18241
	Sequence	+edge_1_344_-disjointig_373_17225_17733 508 -15 21133 17225 17733
	Sequence	+edge_1_345_-disjointig_373_16717_17225 508 -15 21133 16717 17225
	Sequence	+edge_1_346_-disjointig_373_16209_16717 508 -15 21133 16209 16717
	Sequence	+edge_1_347_-disjointig_373_15701_16209 508 -15 21133 15701 16209
	Sequence	+edge_1_348_-disjointig_373_15193_15701 508 -15 21133 15193 15701
	Sequence	+edge_1_349_-disjointig_373_14685_15193 508 -15 21133 14685 15193
	Sequence	+edge_1_350_-disjointig_373_14177_14685 508 -15 21133 14177 14685
	Sequence	+edge_1_351_-disjointig_373_13669_14177 508 -15 21133 13669 14177
	Sequence	+edge_1_352_-disjointig_373_13161_13669 508 -15 21133 13161 13669
	Sequence	+edge_1_353_-disjointig_373_12653_13161 508 -15 21133 12653 13161
	Sequence	+edge_1_354_-disjointig_373_12145_12653 508 -15 21133 12145 12653
	Sequence	+edge_1_355_-disjointig_373_11637_12145 508 -15 21133 11637 12145
	Sequence	+edge_1_356_-disjointig_373_11129_11637 508 -15 21133 11129 11637
	Sequence	+edge_1_357_-disjointig_373_10621_11129 508 -15 21133 10621 11129
	Sequence	+edge_1_358_-disjointig_373_10113_10621 508 -15 21133 10113 10621
	Sequence	+edge_1_359_-disjointig_373_9605_10113 508 -15 21133 9605 10113
	Sequence	+edge_1_360_-disjointig_373_9097_9605 508 -15 21133 9097 9605
	Sequence	+edge_1_361_-disjointig_373_8589_9097 508 -15 21133 8589 9097
	Sequence	+edge_1_362_-disjointig_373_8081_8589 508 -15 21133 8081 8589
	Sequence	+edge_1_363_-disjointig_373_7573_8081 508 -15 21133 7573 8081
	Sequence	+edge_1_364_-disjointig_373_7065_7573 508 -15 21133 7065 7573
	Sequence	+edge_1_365_-disjointig_373_6557_7065 508 -15 21133 6557 7065
	Sequence	+edge_1_366_-disjointig_373_6049_6557 508 -15 21133 6049 6557
	Sequence	+edge_1_367_-disjointig_373_5541_6049 508 -15 21133 5541 6049
	Sequence	+edge_1_368_-disjointig_373_5019_5541 522 -15 21133 5019 5541
	Sequence	+edge_1_369_-disjointig_373_4378_5019 641 -15 21133 4378 5019
	Sequence	+edge_1_370_-disjointig_373_3815_4378 563 -15 21133 3815 4378
	Sequence	+edge_1_371_-disjointig_373_3252_3815 563 -15 21133 3252 3815
	Sequence	+edge_1_372_-disjointig_373_2689_3252 563 -15 21133 2689 3252
	Sequence	+edge_1_373_-disjointig_373_2126_2689 563 -15 21133 2126 2689
	Sequence	+edge_1_374_-disjointig_373_1561_2126 565 -15 21133 1561 2126
	Sequence	+edge_1_375_-disjointig_373_658_1561 903 -15 21133 658 1561
	Sequence	+edge_1_376_-disjointig_373_1_658 657 -15 21133 1 658
	Sequence	+edge_1_377_+disjointig_383_10_567 557 16 19936 10 567
	Sequence	+edge_1_378_+disjointig_383_567_1146 579 16 19936 567 1146
	Sequence	+edge_1_379_+disjointig_383_1146_1725 579 16 19936 1146 1725
	Sequence	+edge_1_380_+disjointig_383_1725_2305 580 16 19936 1725 2305
	Sequence	+edge_1_381_+disjointig_383_2305_2866 561 16 19936 2305 2866
	Sequence	+edge_1_382_+disjointig_383_2866_3392 526 16 19936 2866 3392
	Sequence	+edge_1_383_+disjointig_383_3392_3918 526 16 19936 3392 3918
	Sequence	+edge_1_384_+disjointig_383_3918_4444 526 16 19936 3918 4444
	Sequence	+edge_1_385_+disjointig_383_4444_4970 526 16 19936 4444 4970
	Sequence	+edge_1_386_+disjointig_383_4970_5496 526 16 19936 4970 5496
	Sequence	+edge_1_387_+disjointig_383_5496_6022 526 16 19936 5496 6022
	Sequence	+edge_1_388_+disjointig_383_6022_6548 526 16 19936 6022 6548
	Sequence	+edge_1_389_+disjointig_383_6548_7074 526 16 19936 6548 7074
	Sequence	+edge_1_390_+disjointig_383_7074_7600 526 16 19936 7074 7600
	Sequence	+edge_1_391_+disjointig_383_7600_8126 526 16 19936 7600 8126
	Sequence	+edge_1_392_+disjointig_383_8126_8652 526 16 19936 8126 8652
	Sequence	+edge_1_393_+disjointig_383_8652_9178 526 16 19936 8652 9178
	Sequence	+edge_1_394_+disjointig_383_9178_9704 526 16 19936 9178 9704
	Sequence	+edge_1_395_+disjointig_383_9704_10230 526 16 19936 9704 10230
	Sequence	+edge_1_396_+disjointig_383_10230_10756 526 16 19936 10230 10756
	Sequence	+edge_1_397_+disjointig_383_10756_11282 526 16 19936 10756 11282
	Sequence	+edge_1_398_+disjointig_383_11282_11814 532 16 19936 11282 11814
	Sequence	+edge_1_399_+disjointig_383_11814_12321 507 16 19936 11814 12321
	Sequence	+edge_1_400_+disjointig_383_12321_12969 648 16 19936 12321 12969
	Sequence	+edge_1_401_+disjointig_383_12969_13617 648 16 19936 12969 13617
	Sequence	+edge_1_402_+disjointig_383_13617_14265 648 16 19936 13617 14265
	Sequence	+edge_1_403_+disjointig_383_14265_14793 528 16 19936 14265 14793
	Sequence	+edge_1_404_+disjointig_383_14793_15387 594 16 19936 14793 15387
	Sequence	+edge_1_405_+disjointig_383_15387_15982 595 16 19936 15387 15982
	Sequence	+edge_1_406_+disjointig_383_15982_16626 644 16 19936 15982 16626
	Sequence	+edge_1_407_+disjointig_383_16626_17189 563 16 19936 16626 17189
	Sequence	+edge_1_408_+disjointig_383_17189_17752 563 16 19936 17189 17752
	Sequence	+edge_1_409_+disjointig_383_17752_18315 563 16 19936 17752 18315
	Sequence	+edge_1_410_+disjointig_383_18315_18881 566 16 19936 18315 18881
	Sequence	+edge_1_411_+disjointig_383_18881_19906 1025 16 19936 18881 19906
	Sequence	+edge_1_412_-disjointig_63_19886_20573 687 -18 20578 19886 20573
	Sequence	+edge_1_413_-disjointig_63_19367_19886 519 -18 20578 19367 19886
	Sequence	+edge_1_414_-disjointig_63_18848_19367 519 -18 20578 18848 19367
	Sequence	+edge_1_415_-disjointig_63_18329_18848 519 -18 20578 18329 18848
	Sequence	+edge_1_416_-disjointig_63_17810_18329 519 -18 20578 17810 18329
	Sequence	+edge_1_417_-disjointig_63_17291_17810 519 -18 20578 17291 17810
	Sequence	+edge_1_418_-disjointig_63_16772_17291 519 -18 20578 16772 17291
	Sequence	+edge_1_419_-disjointig_63_16247_16772 525 -18 20578 16247 16772
	Sequence	+edge_1_420_-disjointig_63_15719_16247 528 -18 20578 15719 16247
	Sequence	+edge_1_421_-disjointig_63_15200_15719 519 -18 20578 15200 15719
	Sequence	+edge_1_422_-disjointig_63_14681_15200 519 -18 20578 14681 15200
	Sequence	+edge_1_423_-disjointig_63_14162_14681 519 -18 20578 14162 14681
	Sequence	+edge_1_424_-disjointig_63_13643_14162 519 -18 20578 13643 14162
	Sequence	+edge_1_425_-disjointig_63_13124_13643 519 -18 20578 13124 13643
	Sequence	+edge_1_426_-disjointig_63_12605_13124 519 -18 20578 12605 13124
	Sequence	+edge_1_427_-disjointig_63_12086_12605 519 -18 20578 12086 12605
	Sequence	+edge_1_428_-disjointig_63_11567_12086 519 -18 20578 11567 12086
	Sequence	+edge_1_429_-disjointig_63_11048_11567 519 -18 20578 11048 11567
	Sequence	+edge_1_430_-disjointig_63_10529_11048 519 -18 20578 10529 11048
	Sequence	+edge_1_431_-disjointig_63_10010_10529 519 -18 20578 10010 10529
	Sequence	+edge_1_432_-disjointig_63_9491_10010 519 -18 20578 9491 10010
	Sequence	+edge_1_433_-disjointig_63_8972_9491 519 -18 20578 8972 9491
	Sequence	+edge_1_434_-disjointig_63_8453_8972 519 -18 20578 8453 8972
	Sequence	+edge_1_435_-disjointig_63_7934_8453 519 -18 20578 7934 8453
	Sequence	+edge_1_436_-disjointig_63_7415_7934 519 -18 20578 7415 7934
	Sequence	+edge_1_437_-disjointig_63_6896_7415 519 -18 20578 6896 7415
	Sequence	+edge_1_438_-disjointig_63_6377_6896 519 -18 20578 6377 6896
	Sequence	+edge_1_439_-disjointig_63_5858_6377 519 -18 20578 5858 6377
	Sequence	+edge_1_440_-disjointig_63_5339_5858 519 -18 20578 5339 5858
	Sequence	+edge_1_441_-disjointig_63_4820_5339 519 -18 20578 4820 5339
	Sequence	+edge_1_442_-disjointig_63_4301_4820 519 -18 20578 4301 4820
	Sequence	+edge_1_443_-disjointig_63_3762_4301 539 -18 20578 3762 4301
	Sequence	+edge_1_444_-disjointig_63_3173_3762 589 -18 20578 3173 3762
	Sequence	+edge_1_445_-disjointig_63_2620_3173 553 -18 20578 2620 3173
	Sequence	+edge_1_446_-disjointig_63_2067_2620 553 -18 20578 2067 2620
	Sequence	+edge_1_447_-disjointig_63_1514_2067 553 -18 20578 1514 2067
	Sequence	+edge_1_448_-disjointig_63_961_1514 553 -18 20578 961 1514
	Sequence	+edge_1_449_-disjointig_63_13_961 948 -18 20578 13 961
	Sequence	+edge_1_450_+disjointig_72_4_675 671 20 19340 4 675
	Sequence	+edge_1_451_+disjointig_72_675_1402 727 20 19340 675 1402
	Sequence	+edge_1_452_+disjointig_72_1402_1978 576 20 19340 1402 1978
	Sequence	+edge_1_453_+disjointig_72_1978_2554 576 20 19340 1978 2554
	Sequence	+edge_1_454_+disjointig_72_2554_3130 576 20 19340 2554 3130
	Sequence	+edge_1_455_+disjointig_72_3130_3709 579 20 19340 3130 3709
	Sequence	+edge_1_456_+disjointig_72_3709_4265 556 20 19340 3709 4265
	Sequence	+edge_1_457_+disjointig_72_4265_4791 526 20 19340 4265 4791
	Sequence	+edge_1_458_+disjointig_72_4791_5317 526 20 19340 4791 5317
	Sequence	+edge_1_459_+disjointig_72_5317_5843 526 20 19340 5317 5843
	Sequence	+edge_1_460_+disjointig_72_5843_6369 526 20 19340 5843 6369
	Sequence	+edge_1_461_+disjointig_72_6369_6895 526 20 19340 6369 6895
	Sequence	+edge_1_462_+disjointig_72_6895_7421 526 20 19340 6895 7421
	Sequence	+edge_1_463_+disjointig_72_7421_7947 526 20 19340 7421 7947
	Sequence	+edge_1_464_+disjointig_72_7947_8473 526 20 19340 7947 8473
	Sequence	+edge_1_465_+disjointig_72_8473_8999 526 20 19340 8473 8999
	Sequence	+edge_1_466_+disjointig_72_8999_9525 526 20 19340 8999 9525
	Sequence	+edge_1_467_+disjointig_72_9525_10051 526 20 19340 9525 10051
	Sequence	+edge_1_468_+disjointig_72_10051_10577 526 20 19340 10051 10577
	Sequence	+edge_1_469_+disjointig_72_10577_11103 526 20 19340 10577 11103
	Sequence	+edge_1_470_+disjointig_72_11103_11629 526 20 19340 11103 11629
	Sequence	+edge_1_471_+disjointig_72_11629_12155 526 20 19340 11629 12155
	Sequence	+edge_1_472_+disjointig_72_12155_12681 526 20 19340 12155 12681
	Sequence	+edge_1_473_+disjointig_72_12681_13210 529 20 19340 12681 13210
	Sequence	+edge_1_474_+disjointig_72_13210_13719 509 20 19340 13210 13719
	Sequence	+edge_1_475_+disjointig_72_13719_14379 660 20 19340 13719 14379
	Sequence	+edge_1_476_+disjointig_72_14379_15039 660 20 19340 14379 15039
	Sequence	+edge_1_477_+disjointig_72_15039_15700 661 20 19340 15039 15700
	Sequence	+edge_1_478_+disjointig_72_15700_16213 513 20 19340 15700 16213
	Sequence	+edge_1_479_+disjointig_72_16213_16806 593 20 19340 16213 16806
	Sequence	+edge_1_480_+disjointig_72_16806_17428 622 20 19340 16806 17428
	Sequence	+edge_1_481_+disjointig_72_17428_18050 622 20 19340 17428 18050
	Sequence	+edge_1_482_+disjointig_72_18050_18674 624 20 19340 18050 18674
	Sequence	+edge_1_483_+disjointig_72_18674_19287 613 20 19340 18674 19287
	Sequence	+edge_1_484_-disjointig_87_18404_19359 955 -24 19373 18404 19359
	Sequence	+edge_1_485_-disjointig_87_17750_18404 654 -24 19373 17750 18404
	Sequence	+edge_1_486_-disjointig_87_17247_17750 503 -24 19373 17247 17750
	Sequence	+edge_1_487_-disjointig_87_16744_17247 503 -24 19373 16744 17247
	Sequence	+edge_1_488_-disjointig_87_16241_16744 503 -24 19373 16241 16744
	Sequence	+edge_1_489_-disjointig_87_15738_16241 503 -24 19373 15738 16241
	Sequence	+edge_1_490_-disjointig_87_15235_15738 503 -24 19373 15235 15738
	Sequence	+edge_1_491_-disjointig_87_14732_15235 503 -24 19373 14732 15235
	Sequence	+edge_1_492_-disjointig_87_14229_14732 503 -24 19373 14229 14732
	Sequence	+edge_1_493_-disjointig_87_13726_14229 503 -24 19373 13726 14229
	Sequence	+edge_1_494_-disjointig_87_13223_13726 503 -24 19373 13223 13726
	Sequence	+edge_1_495_-disjointig_87_12720_13223 503 -24 19373 12720 13223
	Sequence	+edge_1_496_-disjointig_87_12217_12720 503 -24 19373 12217 12720
	Sequence	+edge_1_497_-disjointig_87_11714_12217 503 -24 19373 11714 12217
	Sequence	+edge_1_498_-disjointig_87_11211_11714 503 -24 19373 11211 11714
	Sequence	+edge_1_499_-disjointig_87_10708_11211 503 -24 19373 10708 11211
	Sequence	+edge_1_500_-disjointig_87_10205_10708 503 -24 19373 10205 10708
	Sequence	+edge_1_501_-disjointig_87_9702_10205 503 -24 19373 9702 10205
	Sequence	+edge_1_502_-disjointig_87_9199_9702 503 -24 19373 9199 9702
	Sequence	+edge_1_503_-disjointig_87_8696_9199 503 -24 19373 8696 9199
	Sequence	+edge_1_504_-disjointig_87_8193_8696 503 -24 19373 8193 8696
	Sequence	+edge_1_505_-disjointig_87_7690_8193 503 -24 19373 7690 8193
	Sequence	+edge_1_506_-disjointig_87_7187_7690 503 -24 19373 7187 7690
	Sequence	+edge_1_507_-disjointig_87_6684_7187 503 -24 19373 6684 7187
	Sequence	+edge_1_508_-disjointig_87_6181_6684 503 -24 19373 6181 6684
	Sequence	+edge_1_509_-disjointig_87_5678_6181 503 -24 19373 5678 6181
	Sequence	+edge_1_510_-disjointig_87_5175_5678 503 -24 19373 5175 5678
	Sequence	+edge_1_511_-disjointig_87_4672_5175 503 -24 19373 4672 5175
	Sequence	+edge_1_512_-disjointig_87_4169_4672 503 -24 19373 4169 4672
	Sequence	+edge_1_513_-disjointig_87_3666_4169 503 -24 19373 3666 4169
	Sequence	+edge_1_514_-disjointig_87_3163_3666 503 -24 19373 3163 3666
	Sequence	+edge_1_515_-disjointig_87_2660_3163 503 -24 19373 2660 3163
	Sequence	+edge_1_516_-disjointig_87_2157_2660 503 -24 19373 2157 2660
	Sequence	+edge_1_517_-disjointig_87_1654_2157 503 -24 19373 1654 2157
	Sequence	+edge_1_518_-disjointig_87_1151_1654 503 -24 19373 1151 1654
	Sequence	+edge_1_519_-disjointig_87_623_1151 528 -24 19373 623 1151
	Sequence	+edge_1_520_-disjointig_87_97_623 526 -24 19373 97 623
Edge	1	22	22	1	0	0	116659	-1
	Sequence	-edge_1_0_+disjointig_1_12_521 509 -1 51440 50918 51427
	Sequence	-edge_1_1_+disjointig_1_521_1049 528 -1 51440 50390 50918
	Sequence	-edge_1_2_+disjointig_1_1049_1577 528 -1 51440 49862 50390
	Sequence	-edge_1_3_+disjointig_1_1577_2105 528 -1 51440 49334 49862
	Sequence	-edge_1_4_+disjointig_1_2105_2633 528 -1 51440 48806 49334
	Sequence	-edge_1_5_+disjointig_1_2633_3161 528 -1 51440 48278 48806
	Sequence	-edge_1_6_+disjointig_1_3161_3689 528 -1 51440 47750 48278
	Sequence	-edge_1_7_+disjointig_1_3689_4217 528 -1 51440 47222 47750
	Sequence	-edge_1_8_+disjointig_1_4217_4745 528 -1 51440 46694 47222
	Sequence	-edge_1_9_+disjointig_1_4745_5273 528 -1 51440 46166 46694
	Sequence	-edge_1_10_+disjointig_1_5273_5801 528 -1 51440 45638 46166
	Sequence	-edge_1_11_+disjointig_1_5801_6329 528 -1 51440 45110 45638
	Sequence	-edge_1_12_+disjointig_1_6329_6857 528 -1 51440 44582 45110
	Sequence	-edge_1_13_+disjointig_1_6857_7385 528 -1 51440 44054 44582
	Sequence	-edge_1_14_+disjointig_1_7385_7913 528 -1 51440 43526 44054
	Sequence	-edge_1_15_+disjointig_1_7913_8441 528 -1 51440 42998 43526
	Sequence	-edge_1_16_+disjointig_1_8441_8977 536 -1 51440 42462 42998
	Sequence	-edge_1_17_+disjointig_1_8977_9486 509 -1 51440 41953 42462
	Sequence	-edge_1_18_+disjointig_1_9486_9989 503 -1 51440 41450 41953
	Sequence	-edge_1_19_+disjointig_1_9989_10492 503 -1 51440 40947 41450
	Sequence	-edge_1_20_+disjointig_1_10492_10995 503 -1 51440 40444 40947
	Sequence	-edge_1_21_+disjointig_1_10995_11498 503 -1 51440 39941 40444
	Sequence	-edge_1_22_+disjointig_1_11498_12001 503 -1 51440 39438 39941
	Sequence	-edge_1_23_+disjointig_1_12001_12504 503 -1 51440 38935 39438
	Sequence	-edge_1_24_+disjointig_1_12504_13007 503 -1 51440 38432 38935
	Sequence	-edge_1_25_+disjointig_1_13007_13510 503 -1 51440 37929 38432
	Sequence	-edge_1_26_+disjointig_1_13510_14013 503 -1 51440 37426 37929
	Sequence	-edge_1_27_+disjointig_1_14013_14516 503 -1 51440 36923 37426
	Sequence	-edge_1_28_+disjointig_1_14516_15019 503 -1 51440 36420 36923
	Sequence	-edge_1_29_+disjointig_1_15019_15522 503 -1 51440 35917 36420
	Sequence	-edge_1_30_+disjointig_1_15522_16025 503 -1 51440 35414 35917
	Sequence	-edge_1_31_+disjointig_1_16025_16528 503 -1 51440 34911 35414
	Sequence	-edge_1_32_+disjointig_1_16528_17031 503 -1 51440 34408 34911
	Sequence	-edge_1_33_+disjointig_1_17031_17534 503 -1 51440 33905 34408
	Sequence	-edge_1_34_+disjointig_1_17534_18037 503 -1 51440 33402 33905
	Sequence	-edge_1_35_+disjointig_1_18037_18540 503 -1 51440 32899 33402
	Sequence	-edge_1_36_+disjointig_1_18540_19043 503 -1 51440 32396 32899
	Sequence	-edge_1_37_+disjointig_1_19043_19546 503 -1 51440 31893 32396
	Sequence	-edge_1_38_+disjointig_1_19546_20049 503 -1 51440 31390 31893
	Sequence	-edge_1_39_+disjointig_1_20049_20552 503 -1 51440 30887 31390
	Sequence	-edge_1_40_+disjointig_1_20552_21055 503 -1 51440 30384 30887
	Sequence	-edge_1_41_+disjointig_1_21055_21578 523 -1 51440 29861 30384
	Sequence	-edge_1_42_+disjointig_1_21578_22087 509 -1 51440 29352 29861
	Sequence	-edge_1_43_+disjointig_1_22087_22590 503 -1 51440 28849 29352
	Sequence	-edge_1_44_+disjointig_1_22590_23093 503 -1 51440 28346 28849
	Sequence	-edge_1_45_+disjointig_1_23093_23596 503 -1 51440 27843 28346
	Sequence	-edge_1_46_+disjointig_1_23596_24099 503 -1 51440 27340 27843
	Sequence	-edge_1_47_+disjointig_1_24099_24602 503 -1 51440 26837 27340
	Sequence	-edge_1_48_+disjointig_1_24602_25105 503 -1 51440 26334 26837
	Sequence	-edge_1_49_+disjointig_1_25105_25608 503 -1 51440 25831 26334
	Sequence	-edge_1_50_+disjointig_1_25608_26111 503 -1 51440 25328 25831
	Sequence	-edge_1_51_+disjointig_1_26111_26614 503 -1 51440 24825 25328
	Sequence	-edge_1_52_+disjointig_1_26614_27117 503 -1 51440 24322 24825
	Sequence	-edge_1_53_+disjointig_1_27117_27620 503 -1 51440 23819 24322
	Sequence	-edge_1_54_+disjointig_1_27620_28123 503 -1 51440 23316 23819
	Sequence	-edge_1_55_+disjointig_1_28123_28626 503 -1 51440 22813 23316
	Sequence	-edge_1_56_+disjointig_1_28626_29129 503 -1 51440 22310 22813
	Sequence	-edge_1_57_+disjointig_1_29129_29632 503 -1 51440 21807 22310
	Sequence	-edge_1_58_+disjointig_1_29632_30135 503 -1 51440 21304 21807
	Sequence	-edge_1_59_+disjointig_1_30135_30638 503 -1 51440 20801 21304
	Sequence	-edge_1_60_+disjointig_1_30638_31141 503 -1 51440 20298 20801
	Sequence	-edge_1_61_+disjointig_1_31141_31644 503 -1 51440 19795 20298
	Sequence	-edge_1_62_+disjointig_1_31644_32147 503 -1 51440 19292 19795
	Sequence	-edge_1_63_+disjointig_1_32147_32650 503 -1 51440 18789 19292
	Sequence	-edge_1_64_+disjointig_1_32650_33153 503 -1 51440 18286 18789
	Sequence	-edge_1_65_+disjointig_1_33153_33656 503 -1 51440 17783 18286
	Sequence	-edge_1_66_+disjointig_1_33656_34161 505 -1 51440 17278 17783
	Sequence	-edge_1_67_+disjointig_1_34161_34687 526 -1 51440 16752 17278
	Sequence	-edge_1_68_+disjointig_1_34687_35242 555 -1 51440 16197 16752
	Sequence	-edge_1_69_+disjointig_1_35242_35797 555 -1 51440 15642 16197
	Sequence	-edge_1_70_+disjointig_1_35797_36352 555 -1 51440 15087 15642
	Sequence	-edge_1_71_+disjointig_1_36352_36907 555 -1 51440 14532 15087
	Sequence	-edge_1_72_+disjointig_1_36907_37462 555 -1 51440 13977 14532
	Sequence	-edge_1_73_+disjointig_1_37462_38017 555 -1 51440 13422 13977
	Sequence	-edge_1_74_+disjointig_1_38017_38572 555 -1 51440 12867 13422
	Sequence	-edge_1_75_+disjointig_1_38572_39127 555 -1 51440 12312 12867
	Sequence	-edge_1_76_+disjointig_1_39127_39684 557 -1 51440 11755 12312
	Sequence	-edge_1_77_+disjointig_1_39684_40312 628 -1 51440 11127 11755
	Sequence	-edge_1_78_+disjointig_1_40312_41140 828 -1 51440 10299 11127
	Sequence	-edge_1_79_+disjointig_1_41140_41999 859 -1 51440 9440 10299
	Sequence	-edge_1_80_+disjointig_1_41999_42587 588 -1 51440 8852 9440
	Sequence	-edge_1_81_+disjointig_1_42587_43175 588 -1 51440 8264 8852
	Sequence	-edge_1_82_+disjointig_1_43175_43763 588 -1 51440 7676 8264
	Sequence	-edge_1_83_+disjointig_1_43763_44353 590 -1 51440 7086 7676
	Sequence	-edge_1_84_+disjointig_1_44353_44856 503 -1 51440 6583 7086
	Sequence	-edge_1_85_+disjointig_1_44856_45359 503 -1 51440 6080 6583
	Sequence	-edge_1_86_+disjointig_1_45359_45862 503 -1 51440 5577 6080
	Sequence	-edge_1_87_+disjointig_1_45862_46365 503 -1 51440 5074 5577
	Sequence	-edge_1_88_+disjointig_1_46365_46868 503 -1 51440 4571 5074
	Sequence	-edge_1_89_+disjointig_1_46868_47371 503 -1 51440 4068 4571
	Sequence	-edge_1_90_+disjointig_1_47371_47874 503 -1 51440 3565 4068
	Sequence	-edge_1_91_+disjointig_1_47874_48377 503 -1 51440 3062 3565
	Sequence	-edge_1_92_+disjointig_1_48377_48880 503 -1 51440 2559 3062
	Sequence	-edge_1_93_+disjointig_1_48880_49383 503 -1 51440 2056 2559
	Sequence	-edge_1_94_+disjointig_1_49383_49886 503 -1 51440 1553 2056
	Sequence	-edge_1_95_+disjointig_1_49886_50389 503 -1 51440 1050 1553
	Sequence	-edge_1_96_+disjointig_1_50389_50892 503 -1 51440 547 1050
	Sequence	-edge_1_97_+disjointig_1_50892_51407 515 -1 51440 32 547
	Sequence	-edge_1_98_+disjointig_138_0_830 830 -2 16127 15296 16126
	Sequence	-edge_1_99_+disjointig_138_830_1348 518 -2 16127 14778 15296
	Sequence	-edge_1_100_+disjointig_138_1348_1866 518 -2 16127 14260 14778
	Sequence	-edge_1_101_+disjointig_138_1866_2384 518 -2 16127 13742 14260
	Sequence	-edge_1_102_+disjointig_138_2384_2902 518 -2 16127 13224 13742
	Sequence	-edge_1_103_+disjointig_138_2902_3420 518 -2 16127 12706 13224
	Sequence	-edge_1_104_+disjointig_138_3420_3938 518 -2 16127 12188 12706
	Sequence	-edge_1_105_+disjointig_138_3938_4456 518 -2 16127 11670 12188
	Sequence	-edge_1_106_+disjointig_138_4456_4974 518 -2 16127 11152 11670
	Sequence	-edge_1_107_+disjointig_138_4974_5492 518 -2 16127 10634 11152
	Sequence	-edge_1_108_+disjointig_138_5492_6010 518 -2 16127 10116 10634
	Sequence	-edge_1_109_+disjointig_138_6010_6528 518 -2 16127 9598 10116
	Sequence	-edge_1_110_+disjointig_138_6528_7046 518 -2 16127 9080 9598
	Sequence	-edge_1_111_+disjointig_138_7046_7564 518 -2 16127 8562 9080
	Sequence	-edge_1_112_+disjointig_138_7564_8082 518 -2 16127 8044 8562
	Sequence	-edge_1_113_+disjointig_138_8082_8600 518 -2 16127 7526 8044
	Sequence	-edge_1_114_+disjointig_138_8600_9118 518 -2 16127 7008 7526
	Sequence	-edge_1_115_+disjointig_138_9118_9636 518 -2 16127 6490 7008
	Sequence	-edge_1_116_+disjointig_138_9636_10154 518 -2 16127 5972 6490
	Sequence	-edge_1_117_+disjointig_138_10154_10672 518 -2 16127 5454 5972
	Sequence	-edge_1_118_+disjointig_138_10672_11190 518 -2 16127 4936 5454
	Sequence	-edge_1_119_+disjointig_138_11190_11708 518 -2 16127 4418 4936
	Sequence	-edge_1_120_+disjointig_138_11708_12226 518 -2 16127 3900 4418
	Sequence	-edge_1_121_+disjointig_138_12226_12761 535 -2 16127 3365 3900
	Sequence	-edge_1_122_+disjointig_138_12761_13289 528 -2 16127 2837 3365
	Sequence	-edge_1_123_+disjointig_138_13289_13795 506 -2 16127 2331 2837
	Sequence	-edge_1_124_+disjointig_138_13795_14301 506 -2 16127 1825 2331
	Sequence	-edge_1_125_+disjointig_138_14301_14807 506 -2 16127 1319 1825
	Sequence	-edge_1_126_+disjointig_138_14807_15313 506 -2 16127 813 1319
	Sequence	-edge_1_127_+disjointig_138_15313_15823 510 -2 16127 303 813
	Sequence	-edge_1_128_-disjointig_17_21061_21715 654 4 21716 0 654
	Sequence	-edge_1_129_-disjointig_17_20545_21061 516 4 21716 654 1170
	Sequence	-edge_1_130_-disjointig_17_20029_20545 516 4 21716 1170 1686
	Sequence	-edge_1_131_-disjointig_17_19513_20029 516 4 21716 1686 2202
	Sequence	-edge_1_132_-disjointig_17_18997_19513 516 4 21716 2202 2718
	Sequence	-edge_1_133_-disjointig_17_18481_18997 516 4 21716 2718 3234
	Sequence	-edge_1_134_-disjointig_17_17965_18481 516 4 21716 3234 3750
	Sequence	-edge_1_135_-disjointig_17_17449_17965 516 4 21716 3750 4266
	Sequence	-edge_1_136_-disjointig_17_16933_17449 516 4 21716 4266 4782
	Sequence	-edge_1_137_-disjointig_17_16417_16933 516 4 21716 4782 5298
	Sequence	-edge_1_138_-disjointig_17_15901_16417 516 4 21716 5298 5814
	Sequence	-edge_1_139_-disjointig_17_15385_15901 516 4 21716 5814 6330
	Sequence	-edge_1_140_-disjointig_17_14869_15385 516 4 21716 6330 6846
	Sequence	-edge_1_141_-disjointig_17_14353_14869 516 4 21716 6846 7362
	Sequence	-edge_1_142_-disjointig_17_13837_14353 516 4 21716 7362 7878
	Sequence	-edge_1_143_-disjointig_17_13321_13837 516 4 21716 7878 8394
	Sequence	-edge_1_144_-disjointig_17_12805_13321 516 4 21716 8394 8910
	Sequence	-edge_1_145_-disjointig_17_12289_12805 516 4 21716 8910 9426
	Sequence	-edge_1_146_-disjointig_17_11773_12289 516 4 21716 9426 9942
	Sequence	-edge_1_147_-disjointig_17_11257_11773 516 4 21716 9942 10458
	Sequence	-edge_1_148_-disjointig_17_10741_11257 516 4 21716 10458 10974
	Sequence	-edge_1_149_-disjointig_17_10225_10741 516 4 21716 10974 11490
	Sequence	-edge_1_150_-disjointig_17_9709_10225 516 4 21716 11490 12006
	Sequence	-edge_1_151_-disjointig_17_9193_9709 516 4 21716 12006 12522
	Sequence	-edge_1_152_-disjointig_17_8677_9193 516 4 21716 12522 13038
	Sequence	-edge_1_153_-disjointig_17_8161_8677 516 4 21716 13038 13554
	Sequence	-edge_1_154_-disjointig_17_7645_8161 516 4 21716 13554 14070
	Sequence	-edge_1_155_-disjointig_17_7129_7645 516 4 21716 14070 14586
	Sequence	-edge_1_156_-disjointig_17_6593_7129 536 4 21716 14586 15122
	Sequence	-edge_1_157_-disjointig_17_6056_6593 537 4 21716 15122 15659
	Sequence	-edge_1_158_-disjointig_17_5476_6056 580 4 21716 15659 16239
	Sequence	-edge_1_159_-disjointig_17_4896_5476 580 4 21716 16239 16819
	Sequence	-edge_1_160_-disjointig_17_4316_4896 580 4 21716 16819 17399
	Sequence	-edge_1_161_-disjointig_17_3736_4316 580 4 21716 17399 17979
	Sequence	-edge_1_162_-disjointig_17_2968_3736 768 4 21716 17979 18747
	Sequence	-edge_1_163_-disjointig_17_2417_2968 551 4 21716 18747 19298
	Sequence	-edge_1_164_-disjointig_17_1866_2417 551 4 21716 19298 19849
	Sequence	-edge_1_165_-disjointig_17_1315_1866 551 4 21716 19849 20400
	Sequence	-edge_1_166_-disjointig_17_762_1315 553 4 21716 20400 20953
	Sequence	-edge_1_167_-disjointig_17_8_762 754 4 21716 20953 21707
	Sequence	-edge_1_168_-disjointig_181_14115_14776 661 5 14777 0 661
	Sequence	-edge_1_169_-disjointig_181_13587_14115 528 5 14777 661 1189
	Sequence	-edge_1_170_-disjointig_181_13067_13587 520 5 14777 1189 1709
	Sequence	-edge_1_171_-disjointig_181_12547_13067 520 5 14777 1709 2229
	Sequence	-edge_1_172_-disjointig_181_12027_12547 520 5 14777 2229 2749
	Sequence	-edge_1_173_-disjointig_181_11507_12027 520 5 14777 2749 3269
	Sequence	-edge_1_174_-disjointig_181_10987_11507 520 5 14777 3269 3789
	Sequence	-edge_1_175_-disjointig_181_10467_10987 520 5 14777 3789 4309
	Sequence	-edge_1_176_-disjointig_181_9947_10467 520 5 14777 4309 4829
	Sequence	-edge_1_177_-disjointig_181_9427_9947 520 5 14777 4829 5349
	Sequence	-edge_1_178_-disjointig_181_8907_9427 520 5 14777 5349 5869
	Sequence	-edge_1_179_-disjointig_181_8387_8907 520 5 14777 5869 6389
	Sequence	-edge_1_180_-disjointig_181_7865_8387 522 5 14777 6389 6911
	Sequence	-edge_1_181_-disjointig_181_7167_7865 698 5 14777 6911 7609
	Sequence	-edge_1_182_-disjointig_181_6535_7167 632 5 14777 7609 8241
	Sequence	-edge_1_183_-disjointig_181_5852_6535 683 5 14777 8241 8924
	Sequence	-edge_1_184_-disjointig_181_5265_5852 587 5 14777 8924 9511
	Sequence	-edge_1_185_-disjointig_181_4629_5265 636 5 14777 9511 10147
	Sequence	-edge_1_186_-disjointig_181_3993_4629 636 5 14777 10147 10783
	Sequence	-edge_1_187_-disjointig_181_3483_3993 510 5 14777 10783 11293
	Sequence	-edge_1_188_-disjointig_181_2914_3483 569 5 14777 11293 11862
	Sequence	-edge_1_189_-disjointig_181_2182_2914 732 5 14777 11862 12594
	Sequence	-edge_1_190_-disjointig_181_1552_2182 630 5 14777 12594 13224
	Sequence	-edge_1_191_-disjointig_181_866_1552 686 5 14777 13224 13910
	Sequence	-edge_1_192_-disjointig_181_36_866 830 5 14777 13910 14740
	Sequence	-edge_1_193_-disjointig_304_20830_21816 986 9 21842 25 1011
	Sequence	-edge_1_194_-disjointig_304_20258_20830 572 9 21842 1011 1583
	Sequence	-edge_1_195_-disjointig_304_19686_20258 572 9 21842 1583 2155
	Sequence	-edge_1_196_-disjointig_304_19114_19686 572 9 21842 2155 2727
	Sequence	-edge_1_197_-disjointig_304_18539_19114 575 9 21842 2727 3302
	Sequence	-edge_1_198_-disjointig_304_17981_18539 558 9 21842 3302 3860
	Sequence	-edge_1_199_-disjointig_304_17447_17981 534 9 21842 3860 4394
	Sequence	-edge_1_200_-disjointig_304_16913_17447 534 9 21842 4394 4928
	Sequence	-edge_1_201_-disjointig_304_16379_16913 534 9 21842 4928 5462
	Sequence	-edge_1_202_-disjointig_304_15845_16379 534 9 21842 5462 5996
	Sequence	-edge_1_203_-disjointig_304_15311_15845 534 9 21842 5996 6530
	Sequence	-edge_1_204_-disjointig_304_14777_15311 534 9 21842 6530 7064
	Sequence	-edge_1_205_-disjointig_304_14243_14777 534 9 21842 7064 7598
	Sequence	-edge_1_206_-disjointig_304_13709_14243 534 9 21842 7598 8132
	Sequence	-edge_1_207_-disjointig_304_13175_13709 534 9 21842 8132 8666
	Sequence	-edge_1_208_-disjointig_304_12641_13175 534 9 21842 8666 9200
	Sequence	-edge_1_209_-disjointig_304_12107_12641 534 9 21842 9200 9734
	Sequence	-edge_1_210_-disjointig_304_11562_12107 545 9 21842 9734 10279
	Sequence	-edge_1_211_-disjointig_304_10910_11562 652 9 21842 10279 10931
	Sequence	-edge_1_212_-disjointig_304_10357_10910 553 9 21842 10931 11484
	Sequence	-edge_1_213_-disjointig_304_9804_10357 553 9 21842 11484 12037
	Sequence	-edge_1_214_-disjointig_304_9251_9804 553 9 21842 12037 12590
	Sequence	-edge_1_215_-disjointig_304_8698_9251 553 9 21842 12590 13143
	Sequence	-edge_1_216_-disjointig_304_8145_8698 553 9 21842 13143 13696
	Sequence	-edge_1_217_-disjointig_304_7592_8145 553 9 21842 13696 14249
	Sequence	-edge_1_218_-disjointig_304_7039_7592 553 9 21842 14249 14802
	Sequence	-edge_1_219_-disjointig_304_6486_7039 553 9 21842 14802 15355
	Sequence	-edge_1_220_-disjointig_304_5932_6486 554 9 21842 15355 15909
	Sequence	-edge_1_221_-disjointig_304_5384_5932 548 9 21842 15909 16457
	Sequence	-edge_1_222_-disjointig_304_4748_5384 636 9 21842 16457 17093
	Sequence	-edge_1_223_-disjointig_304_4112_4748 636 9 21842 17093 17729
	Sequence	-edge_1_224_-disjointig_304_3585_4112 527 9 21842 17729 18256
	Sequence	-edge_1_225_-disjointig_304_3035_3585 550 9 21842 18256 18806
	Sequence	-edge_1_226_-disjointig_304_2485_3035 550 9 21842 18806 19356
	Sequence	-edge_1_227_-disjointig_304_1935_2485 550 9 21842 19356 19906
	Sequence	-edge_1_228_-disjointig_304_1342_1935 593 9 21842 19906 20499
	Sequence	-edge_1_229_-disjointig_304_764_1342 578 9 21842 20499 21077
	Sequence	-edge_1_230_-disjointig_304_146_764 618 9 21842 21077 21695
	Sequence	-edge_1_231_+disjointig_305_100_774 674 -10 18126 17351 18025
	Sequence	-edge_1_232_+disjointig_305_774_1299 525 -10 18126 16826 17351
	Sequence	-edge_1_233_+disjointig_305_1299_1824 525 -10 18126 16301 16826
	Sequence	-edge_1_234_+disjointig_305_1824_2349 525 -10 18126 15776 16301
	Sequence	-edge_1_235_+disjointig_305_2349_2874 525 -10 18126 15251 15776
	Sequence	-edge_1_236_+disjointig_305_2874_3399 525 -10 18126 14726 15251
	Sequence	-edge_1_237_+disjointig_305_3399_3924 525 -10 18126 14201 14726
	Sequence	-edge_1_238_+disjointig_305_3924_4453 529 -10 18126 13672 14201
	Sequence	-edge_1_239_+disjointig_305_4453_4956 503 -10 18126 13169 13672
	Sequence	-edge_1_240_+disjointig_305_4956_5456 500 -10 18126 12669 13169
	Sequence	-edge_1_241_+disjointig_305_5456_5956 500 -10 18126 12169 12669
	Sequence	-edge_1_242_+disjointig_305_5956_6456 500 -10 18126 11669 12169
	Sequence	-edge_1_243_+disjointig_305_6456_6956 500 -10 18126 11169 11669
	Sequence	-edge_1_244_+disjointig_305_6956_7456 500 -10 18126 10669 11169
	Sequence	-edge_1_245_+disjointig_305_7456_7956 500 -10 18126 10169 10669
	Sequence	-edge_1_246_+disjointig_305_7956_8456 500 -10 18126 9669 10169
	Sequence	-edge_1_247_+disjointig_305_8456_8956 500 -10 18126 9169 9669
	Sequence	-edge_1_248_+disjointig_305_8956_9456 500 -10 18126 8669 9169
	Sequence	-edge_1_249_+disjointig_305_9456_9956 500 -10 18126 8169 8669
	Sequence	-edge_1_250_+disjointig_305_9956_10456 500 -10 18126 7669 8169
	Sequence	-edge_1_251_+disjointig_305_10456_10956 500 -10 18126 7169 7669
	Sequence	-edge_1_252_+disjointig_305_10956_11456 500 -10 18126 6669 7169
	Sequence	-edge_1_253_+disjointig_305_11456_11956 500 -10 18126 6169 6669
	Sequence	-edge_1_254_+disjointig_305_11956_12456 500 -10 18126 5669 6169
	Sequence	-edge_1_255_+disjointig_305_12456_12956 500 -10 18126 5169 5669
	Sequence	-edge_1_256_+disjointig_305_12956_13456 500 -10 18126 4669 5169
	Sequence	-edge_1_257_+disjointig_305_13456_13956 500 -10 18126 4169 4669
	Sequence	-edge_1_258_+disjointig_305_13956_14456 500 -10 18126 3669 4169
	Sequence	-edge_1_259_+disjointig_305_14456_14956 500 -10 18126 3169 3669
	Sequence	-edge_1_260_+disjointig_305_14956_15456 500 -10 18126 2669 3169
	Sequence	-edge_1_261_+disjointig_305_15456_15956 500 -10 18126 2169 2669
	Sequence	-edge_1_262_+disjointig_305_15956_16456 500 -10 18126 1669 2169
	Sequence	-edge_1_263_+disjointig_305_16456_16971 515 -10 18126 1154 1669
	Sequence	-edge_1_264_+disjointig_305_16971_17496 525 -10 18126 629 1154
	Sequence	-edge_1_265_+disjointig_305_17496_18088 592 -10 18126 37 629
	Sequence	-edge_1_266_+disjointig_343_1_651 650 -11 18734 18082 18732
	Sequence	-edge_1_267_+disjointig_343_651_1163 512 -11 18734 17570 18082
	Sequence	-edge_1_268_+disjointig_343_1163_1675 512 -11 18734 17058 17570
	Sequence	-edge_1_269_+disjointig_343_1675_2187 512 -11 18734 16546 17058
	Sequence	-edge_1_270_+disjointig_343_2187_2699 512 -11 18734 16034 16546
	Sequence	-edge_1_271_+disjointig_343_2699_3211 512 -11 18734 15522 16034
	Sequence	-edge_1_272_+disjointig_343_3211_3723 512 -11 18734 15010 15522
	Sequence	-edge_1_273_+disjointig_343_3723_4235 512 -11 18734 14498 15010
	Sequence	-edge_1_274_+disjointig_343_4235_4747 512 -11 18734 13986 14498
	Sequence	-edge_1_275_+disjointig_343_4747_5259 512 -11 18734 13474 13986
	Sequence	-edge_1_276_+disjointig_343_5259_5771 512 -11 18734 12962 13474
	Sequence	-edge_1_277_+disjointig_343_5771_6283 512 -11 18734 12450 12962
	Sequence	-edge_1_278_+disjointig_343_6283_6795 512 -11 18734 11938 12450
	Sequence	-edge_1_279_+disjointig_343_6795_7307 512 -11 18734 11426 11938
	Sequence	-edge_1_280_+disjointig_343_7307_7819 512 -11 18734 10914 11426
	Sequence	-edge_1_281_+disjointig_343_7819_8331 512 -11 18734 10402 10914
	Sequence	-edge_1_282_+disjointig_343_8331_8843 512 -11 18734 9890 10402
	Sequence	-edge_1_283_+disjointig_343_8843_9355 512 -11 18734 9378 9890
	Sequence	-edge_1_284_+disjointig_343_9355_9867 512 -11 18734 8866 9378
	Sequence	-edge_1_285_+disjointig_343_9867_10379 512 -11 18734 8354 8866
	Sequence	-edge_1_286_+disjointig_343_10379_10891 512 -11 18734 7842 8354
	Sequence	-edge_1_287_+disjointig_343_10891_11403 512 -11 18734 7330 7842
	Sequence	-edge_1_288_+disjointig_343_11403_11915 512 -11 18734 6818 7330
	Sequence	-edge_1_289_+disjointig_343_11915_12427 512 -11 18734 6306 6818
	Sequence	-edge_1_290_+disjointig_343_12427_12939 512 -11 18734 5794 6306
	Sequence	-edge_1_291_+disjointig_343_12939_13451 512 -11 18734 5282 5794
	Sequence	-edge_1_292_+disjointig_343_13451_13963 512 -11 18734 4770 5282
	Sequence	-edge_1_293_+disjointig_343_13963_14475 512 -11 18734 4258 4770
	Sequence	-edge_1_294_+disjointig_343_14475_14987 512 -11 18734 3746 4258
	Sequence	-edge_1_295_+disjointig_343_14987_15499 512 -11 18734 3234 3746
	Sequence	-edge_1_296_+disjointig_343_15499_16011 512 -11 18734 2722 3234
	Sequence	-edge_1_297_+disjointig_343_16011_16523 512 -11 18734 2210 2722
	Sequence	-edge_1_298_+disjointig_343_16523_17035 512 -11 18734 1698 2210
	Sequence	-edge_1_299_+disjointig_343_17035_17547 512 -11 18734 1186 1698
	Sequence	-edge_1_300_+disjointig_343_17547_18076 529 -11 18734 657 1186
	Sequence	-edge_1_301_+disjointig_343_18076_18731 655 -11 18734 2 657
	Sequence	-edge_1_302_+disjointig_35_1356_2101 745 -12 22063 19961 20706
	Sequence	-edge_1_303_+disjointig_35_2101_2654 553 -12 22063 19408 19961
	Sequence	-edge_1_304_+disjointig_35_2654_3207 553 -12 22063 18855 19408
	Sequence	-edge_1_305_+disjointig_35_3207_3760 553 -12 22063 18302 18855
	Sequence	-edge_1_306_+disjointig_35_3760_4313 553 -12 22063 17749 18302
	Sequence	-edge_1_307_+disjointig_35_4313_4866 553 -12 22063 17196 17749
	Sequence	-edge_1_308_+disjointig_35_4866_5419 553 -12 22063 16643 17196
	Sequence	-edge_1_309_+disjointig_35_5419_5972 553 -12 22063 16090 16643
	Sequence	-edge_1_310_+disjointig_35_5972_6525 553 -12 22063 15537 16090
	Sequence	-edge_1_311_+disjointig_35_6525_7086 561 -12 22063 14976 15537
	Sequence	-edge_1_312_+disjointig_35_7086_7712 626 -12 22063 14350 14976
	Sequence	-edge_1_313_+disjointig_35_7712_8318 606 -12 22063 13744 14350
	Sequence	-edge_1_314_+disjointig_35_8318_8924 606 -12 22063 13138 13744
	Sequence	-edge_1_315_+disjointig_35_8924_9530 606 -12 22063 12532 13138
	Sequence	-edge_1_316_+disjointig_35_9530_10139 609 -12 22063 11923 12532
	Sequence	-edge_1_317_+disjointig_35_10139_10697 558 -12 22063 11365 11923
	Sequence	-edge_1_318_+disjointig_35_10697_11221 524 -12 22063 10841 11365
	Sequence	-edge_1_319_+disjointig_35_11221_11745 524 -12 22063 10317 10841
	Sequence	-edge_1_320_+disjointig_35_11745_12269 524 -12 22063 9793 10317
	Sequence	-edge_1_321_+disjointig_35_12269_12793 524 -12 22063 9269 9793
	Sequence	-edge_1_322_+disjointig_35_12793_13317 524 -12 22063 8745 9269
	Sequence	-edge_1_323_+disjointig_35_13317_13841 524 -12 22063 8221 8745
	Sequence	-edge_1_324_+disjointig_35_13841_14365 524 -12 22063 7697 8221
	Sequence	-edge_1_325_+disjointig_35_14365_14889 524 -12 22063 7173 7697
	Sequence	-edge_1_326_+disjointig_35_14889_15413 524 -12 22063 6649 7173
	Sequence	-edge_1_327_+disjointig_35_15413_15937 524 -12 22063 6125 6649
	Sequence	-edge_1_328_+disjointig_35_15937_16461 524 -12 22063 5601 6125
	Sequence	-edge_1_329_+disjointig_35_16461_16985 524 -12 22063 5077 5601
	Sequence	-edge_1_330_+disjointig_35_16985_17509 524 -12 22063 4553 5077
	Sequence	-edge_1_331_+disjointig_35_17509_18033 524 -12 22063 4029 4553
	Sequence	-edge_1_332_+disjointig_35_18033_18557 524 -12 22063 3505 4029
	Sequence	-edge_1_333_+disjointig_35_18557_19081 524 -12 22063 2981 3505
	Sequence	-edge_1_334_+disjointig_35_19081_19606 525 -12 22063 2456 2981
	Sequence	-edge_1_335_+disjointig_35_19606_20349 743 -12 22063 1713 2456
	Sequence	-edge_1_336_+disjointig_35_20349_21290 941 -12 22063 772 1713
	Sequence	-edge_1_337_+disjointig_35_21290_22060 770 -12 22063 2 772
	Sequence	-edge_1_338_-disjointig_373_20296_21118 822 15 21133 14 836
	Sequence	-edge_1_339_-disjointig_373_19765_20296 531 15 21133 836 1367
	Sequence	-edge_1_340_-disjointig_373_19257_19765 508 15 21133 1367 1875
	Sequence	-edge_1_341_-disjointig_373_18749_19257 508 15 21133 1875 2383
	Sequence	-edge_1_342_-disjointig_373_18241_18749 508 15 21133 2383 2891
	Sequence	-edge_1_343_-disjointig_373_17733_18241 508 15 21133 2891 3399
	Sequence	-edge_1_344_-disjointig_373_17225_17733 508 15 21133 3399 3907
	Sequence	-edge_1_345_-disjointig_373_16717_17225 508 15 21133 3907 4415
	Sequence	-edge_1_346_-disjointig_373_16209_16717 508 15 21133 4415 4923
	Sequence	-edge_1_347_-disjointig_373_15701_16209 508 15 21133 4923 5431
	Sequence	-edge_1_348_-disjointig_373_15193_15701 508 15 21133 5431 5939
	Sequence	-edge_1_349_-disjointig_373_14685_15193 508 15 21133 5939 6447
	Sequence	-edge_1_350_-disjointig_373_14177_14685 508 15 21133 6447 6955
	Sequence	-edge_1_351_-disjointig_373_13669_14177 508 15 21133 6955 7463
	Sequence	-edge_1_352_-disjointig_373_13161_13669 508 15 21133 7463 7971
	Sequence	-edge_1_353_-disjointig_373_12653_13161 508 15 21133 7971 8479
	Sequence	-edge_1_354_-disjointig_373_12145_12653 508 15 21133 8479 8987
	Sequence	-edge_1_355_-disjointig_373_11637_12145 508 15 21133 8987 9495
	Sequence	-edge_1_356_-disjointig_373_11129_11637 508 15 21133 9495 10003
	Sequence	-edge_1_357_-disjointig_373_10621_11129 508 15 21133 10003 10511
	Sequence	-edge_1_358_-disjointig_373_10113_10621 508 15 21133 10511 11019
	Sequence	-edge_1_359_-disjointig_373_9605_10113 508 15 21133 11019 11527
	Sequence	-edge_1_360_-disjointig_373_9097_9605 508 15 21133 11527 12035
	Sequence	-edge_1_361_-disjointig_373_8589_9097 508 15 21133 12035 12543
	Sequence	-edge_1_362_-disjointig_373_8081_8589 508 15 21133 12543 13051
	Sequence	-edge_1_363_-disjointig_373_7573_8081 508 15 21133 13051 13559
	Sequence	-edge_1_364_-disjointig_373_7065_7573 508 15 21133 13559 14067
	Sequence	-edge_1_365_-disjointig_373_6557_7065 508 15 21133 14067 14575
	Sequence	-edge_1_366_-disjointig_373_6049_6557 508 15 21133 14575 15083
	Sequence	-edge_1_367_-disjointig_373_5541_6049 508 15 21133 15083 15591
	Sequence	-edge_1_368_-disjointig_373_5019_5541 522 15 21133 15591 16113
	Sequence	-edge_1_369_-disjointig_373_4378_5019 641 15 21133 16113 16754
	Sequence	-edge_1_370_-disjointig_373_3815_4378 563 15 21133 16754 17317
	Sequence	-edge_1_371_-disjointig_373_3252_3815 563 15 21133 17317 17880
	Sequence	-edge_1_372_-disjointig_373_2689_3252 563 15 21133 17880 18443
	Sequence	-edge_1_373_-disjointig_373_2126_2689 563 15 21133 18443 19006
	Sequence	-edge_1_374_-disjointig_373_1561_2126 565 15 21133 19006 19571
	Sequence	-edge_1_375_-disjointig_373_658_1561 903 15 21133 19571 20474
	Sequence	-edge_1_376_-disjointig_373_1_658 657 15 21133 20474 21131
	Sequence	-edge_1_377_+disjointig_383_10_567 557 -16 19936 19368 19925
	Sequence	-edge_1_378_+disjointig_383_567_1146 579 -16 19936 18789 19368
	Sequence	-edge_1_379_+disjointig_383_1146_1725 579 -16 19936 18210 18789
	Sequence	-edge_1_380_+disjointig_383_1725_2305 580 -16 19936 17630 18210
	Sequence	-edge_1_381_+disjointig_383_2305_2866 561 -16 19936 17069 17630
	Sequence	-edge_1_382_+disjointig_383_2866_3392 526 -16 19936 16543 17069
	Sequence	-edge_1_383_+disjointig_383_3392_3918 526 -16 19936 16017 16543
	Sequence	-edge_1_384_+disjointig_383_3918_4444 526 -16 19936 15491 16017
	Sequence	-edge_1_385_+disjointig_383_4444_4970 526 -16 19936 14965 15491
	Sequence	-edge_1_386_+disjointig_383_4970_5496 526 -16 19936 14439 14965
	Sequence	-edge_1_387_+disjointig_383_5496_6022 526 -16 19936 13913 14439
	Sequence	-edge_1_388_+disjointig_383_6022_6548 526 -16 19936 13387 13913
	Sequence	-edge_1_389_+disjointig_383_6548_7074 526 -16 19936 12861 13387
	Sequence	-edge_1_390_+disjointig_383_7074_7600 526 -16 19936 12335 12861
	Sequence	-edge_1_391_+disjointig_383_7600_8126 526 -16 19936 11809 12335
	Sequence	-edge_1_392_+disjointig_383_8126_8652 526 -16 19936 11283 11809
	Sequence	-edge_1_393_+disjointig_383_8652_9178 526 -16 19936 10757 11283
	Sequence	-edge_1_394_+disjointig_383_9178_9704 526 -16 19936 10231 10757
	Sequence	-edge_1_395_+disjointig_383_9704_10230 526 -16 19936 9705 10231
	Sequence	-edge_1_396_+disjointig_383_10230_10756 526 -16 19936 9179 9705
	Sequence	-edge_1_397_+disjointig_383_10756_11282 526 -16 19936 8653 9179
	Sequence	-edge_1_398_+disjointig_383_11282_11814 532 -16 19936 8121 8653
	Sequence	-edge_1_399_+disjointig_383_11814_12321 507 -16 19936 7614 8121
	Sequence	-edge_1_400_+disjointig_383_12321_12969 648 -16 19936 6966 7614
	Sequence	-edge_1_401_+disjointig_383_12969_13617 648 -16 19936 6318 6966
	Sequence	-edge_1_402_+disjointig_383_13617_14265 648 -16 19936 5670 6318
	Sequence	-edge_1_403_+disjointig_383_14265_14793 528 -16 19936 5142 5670
	Sequence	-edge_1_404_+disjointig_383_14793_15387 594 -16 19936 4548 5142
	Sequence	-edge_1_405_+disjointig_383_15387_15982 595 -16 19936 3953 4548
	Sequence	-edge_1_406_+disjointig_383_15982_16626 644 -16 19936 3309 3953
	Sequence	-edge_1_407_+disjointig_383_16626_17189 563 -16 19936 2746 3309
	Sequence	-edge_1_408_+disjointig_383_17189_17752 563 -16 19936 2183 2746
	Sequence	-edge_1_409_+disjointig_383_17752_18315 563 -16 19936 1620 2183
	Sequence	-edge_1_410_+disjointig_383_18315_18881 566 -16 19936 1054 1620
	Sequence	-edge_1_411_+disjointig_383_18881_19906 1025 -16 19936 29 1054
	Sequence	-edge_1_412_-disjointig_63_19886_20573 687 18 20578 4 691
	Sequence	-edge_1_413_-disjointig_63_19367_19886 519 18 20578 691 1210
	Sequence	-edge_1_414_-disjointig_63_18848_19367 519 18 20578 1210 1729
	Sequence	-edge_1_415_-disjointig_63_18329_18848 519 18 20578 1729 2248
	Sequence	-edge_1_416_-disjointig_63_17810_18329 519 18 20578 2248 2767
	Sequence	-edge_1_417_-disjointig_63_17291_17810 519 18 20578 2767 3286
	Sequence	-edge_1_418_-disjointig_63_16772_17291 519 18 20578 3286 3805
	Sequence	-edge_1_419_-disjointig_63_16247_16772 525 18 20578 3805 4330
	Sequence	-edge_1_420_-disjointig_63_15719_16247 528 18 20578 4330 4858
	Sequence	-edge_1_421_-disjointig_63_15200_15719 519 18 20578 4858 5377
	Sequence	-edge_1_422_-disjointig_63_14681_15200 519 18 20578 5377 5896
	Sequence	-edge_1_423_-disjointig_63_14162_14681 519 18 20578 5896 6415
	Sequence	-edge_1_424_-disjointig_63_13643_14162 519 18 20578 6415 6934
	Sequence	-edge_1_425_-disjointig_63_13124_13643 519 18 20578 6934 7453
	Sequence	-edge_1_426_-disjointig_63_12605_13124 519 18 20578 7453 7972
	Sequence	-edge_1_427_-disjointig_63_12086_12605 519 18 20578 7972 8491
	Sequence	-edge_1_428_-disjointig_63_11567_12086 519 18 20578 8491 9010
	Sequence	-edge_1_429_-disjointig_63_11048_11567 519 18 20578 9010 9529
	Sequence	-edge_1_430_-disjointig_63_10529_11048 519 18 20578 9529 10048
	Sequence	-edge_1_431_-disjointig_63_10010_10529 519 18 20578 10048 10567
	Sequence	-edge_1_432_-disjointig_63_9491_10010 519 18 20578 10567 11086
	Sequence	-edge_1_433_-disjointig_63_8972_9491 519 18 20578 11086 11605
	Sequence	-edge_1_434_-disjointig_63_8453_8972 519 18 20578 11605 12124
	Sequence	-edge_1_435_-disjointig_63_7934_8453 519 18 20578 12124 12643
	Sequence	-edge_1_436_-disjointig_63_7415_7934 519 18 20578 12643 13162
	Sequence	-edge_1_437_-disjointig_63_6896_7415 519 18 20578 13162 13681
	Sequence	-edge_1_438_-disjointig_63_6377_6896 519 18 20578 13681 14200
	Sequence	-edge_1_439_-disjointig_63_5858_6377 519 18 20578 14200 14719
	Sequence	-edge_1_440_-disjointig_63_5339_5858 519 18 20578 14719 15238
	Sequence	-edge_1_441_-disjointig_63_4820_5339 519 18 20578 15238 15757
	Sequence	-edge_1_442_-disjointig_63_4301_4820 519 18 20578 15757 16276
	Sequence	-edge_1_443_-disjointig_63_3762_4301 539 18 20578 16276 16815
	Sequence	-edge_1_444_-disjointig_63_3173_3762 589 18 20578 16815 17404
	Sequence	-edge_1_445_-disjointig_63_2620_3173 553 18 20578 17404 17957
	Sequence	-edge_1_446_-disjointig_63_2067_2620 553 18 20578 17957 18510
	Sequence	-edge_1_447_-disjointig_63_1514_2067 553 18 20578 18510 19063
	Sequence	-edge_1_448_-disjointig_63_961_1514 553 18 20578 19063 19616
	Sequence	-edge_1_449_-disjointig_63_13_961 948 18 20578 19616 20564
	Sequence	-edge_1_450_+disjointig_72_4_675 671 -20 19340 18664 19335
	Sequence	-edge_1_451_+disjointig_72_675_1402 727 -20 19340 17937 18664
	Sequence	-edge_1_452_+disjointig_72_1402_1978 576 -20 19340 17361 17937
	Sequence	-edge_1_453_+disjointig_72_1978_2554 576 -20 19340 16785 17361
	Sequence	-edge_1_454_+disjointig_72_2554_3130 576 -20 19340 16209 16785
	Sequence	-edge_1_455_+disjointig_72_3130_3709 579 -20 19340 15630 16209
	Sequence	-edge_1_456_+disjointig_72_3709_4265 556 -20 19340 15074 15630
	Sequence	-edge_1_457_+disjointig_72_4265_4791 526 -20 19340 14548 15074
	Sequence	-edge_1_458_+disjointig_72_4791_5317 526 -20 19340 14022 14548
	Sequence	-edge_1_459_+disjointig_72_5317_5843 526 -20 19340 13496 14022
	Sequence	-edge_1_460_+disjointig_72_5843_6369 526 -20 19340 12970 13496
	Sequence	-edge_1_461_+disjointig_72_6369_6895 526 -20 19340 12444 12970
	Sequence	-edge_1_462_+disjointig_72_6895_7421 526 -20 19340 11918 12444
	Sequence	-edge_1_463_+disjointig_72_7421_7947 526 -20 19340 11392 11918
	Sequence	-edge_1_464_+disjointig_72_7947_8473 526 -20 19340 10866 11392
	Sequence	-edge_1_465_+disjointig_72_8473_8999 526 -20 19340 10340 10866
	Sequence	-edge_1_466_+disjointig_72_8999_9525 526 -20 19340 9814 10340
	Sequence	-edge_1_467_+disjointig_72_9525_10051 526 -20 19340 9288 9814
	Sequence	-edge_1_468_+disjointig_72_10051_10577 526 -20 19340 8762 9288
	Sequence	-edge_1_469_+disjointig_72_10577_11103 526 -20 19340 8236 8762
	Sequence	-edge_1_470_+disjointig_72_11103_11629 526 -20 19340 7710 8236
	Sequence	-edge_1_471_+disjointig_72_11629_12155 526 -20 19340 7184 7710
	Sequence	-edge_1_472_+disjointig_72_12155_12681 526 -20 19340 6658 7184
	Sequence	-edge_1_473_+disjointig_72_12681_13210 529 -20 19340 6129 6658
	Sequence	-edge_1_474_+disjointig_72_13210_13719 509 -20 19340 5620 6129
	Sequence	-edge_1_475_+disjointig_72_13719_14379 660 -20 19340 4960 5620
	Sequence	-edge_1_476_+disjointig_72_14379_15039 660 -20 19340 4300 4960
	Sequence	-edge_1_477_+disjointig_72_15039_15700 661 -20 19340 3639 4300
	Sequence	-edge_1_478_+disjointig_72_15700_16213 513 -20 19340 3126 3639
	Sequence	-edge_1_479_+disjointig_72_16213_16806 593 -20 19340 2533 3126
	Sequence	-edge_1_480_+disjointig_72_16806_17428 622 -20 19340 1911 2533
	Sequence	-edge_1_481_+disjointig_72_17428_18050 622 -20 19340 1289 1911
	Sequence	-edge_1_482_+disjointig_72_18050_18674 624 -20 19340 665 1289
	Sequence	-edge_1_483_+disjointig_72_18674_19287 613 -20 19340 52 665
	Sequence	-edge_1_484_-disjointig_87_18404_19359 955 24 19373 13 968
	Sequence	-edge_1_485_-disjointig_87_17750_18404 654 24 19373 968 1622
	Sequence	-edge_1_486_-disjointig_87_17247_17750 503 24 19373 1622 2125
	Sequence	-edge_1_487_-disjointig_87_16744_17247 503 24 19373 2125 2628
	Sequence	-edge_1_488_-disjointig_87_16241_16744 503 24 19373 2628 3131
	Sequence	-edge_1_489_-disjointig_87_15738_16241 503 24 19373 3131 3634
	Sequence	-edge_1_490_-disjointig_87_15235_15738 503 24 19373 3634 4137
	Sequence	-edge_1_491_-disjointig_87_14732_15235 503 24 19373 4137 4640
	Sequence	-edge_1_492_-disjointig_87_14229_14732 503 24 19373 4640 5143
	Sequence	-edge_1_493_-disjointig_87_13726_14229 503 24 19373 5143 5646
	Sequence	-edge_1_494_-disjointig_87_13223_13726 503 24 19373 5646 6149
	Sequence	-edge_1_495_-disjointig_87_12720_13223 503 24 19373 6149 6652
	Sequence	-edge_1_496_-disjointig_87_12217_12720 503 24 19373 6652 7155
	Sequence	-edge_1_497_-disjointig_87_11714_12217 503 24 19373 7155 7658
	Sequence	-edge_1_498_-disjointig_87_11211_11714 503 24 19373 7658 8161
	Sequence	-edge_1_499_-disjointig_87_10708_11211 503 24 19373 8161 8664
	Sequence	-edge_1_500_-disjointig_87_10205_10708 503 24 19373 8664 9167
	Sequence	-edge_1_501_-disjointig_87_9702_10205 503 24 19373 9167 9670
	Sequence	-edge_1_502_-disjointig_87_9199_9702 503 24 19373 9670 10173
	Sequence	-edge_1_503_-disjointig_87_8696_9199 503 24 19373 10173 10676
	Sequence	-edge_1_504_-disjointig_87_8193_8696 503 24 19373 10676 11179
	Sequence	-edge_1_505_-disjointig_87_7690_8193 503 24 19373 11179 11682
	Sequence	-edge_1_506_-disjointig_87_7187_7690 503 24 19373 11682 12185
	Sequence	-edge_1_507_-disjointig_87_6684_7187 503 24 19373 12185 12688
	Sequence	-edge_1_508_-disjointig_87_6181_6684 503 24 19373 12688 13191
	Sequence	-edge_1_509_-disjointig_87_5678_6181 503 24 19373 13191 13694
	Sequence	-edge_1_510_-disjointig_87_5175_5678 503 24 19373 13694 14197
	Sequence	-edge_1_511_-disjointig_87_4672_5175 503 24 19373 14197 14700
	Sequence	-edge_1_512_-disjointig_87_4169_4672 503 24 19373 14700 15203
	Sequence	-edge_1_513_-disjointig_87_3666_4169 503 24 19373 15203 15706
	Sequence	-edge_1_514_-disjointig_87_3163_3666 503 24 19373 15706 16209
	Sequence	-edge_1_515_-disjointig_87_2660_3163 503 24 19373 16209 16712
	Sequence	-edge_1_516_-disjointig_87_2157_2660 503 24 19373 16712 17215
	Sequence	-edge_1_517_-disjointig_87_1654_2157 503 24 19373 17215 17718
	Sequence	-edge_1_518_-disjointig_87_1151_1654 503 24 19373 17718 18221
	Sequence	-edge_1_519_-disjointig_87_623_1151 528 24 19373 18221 18749
	Sequence	-edge_1_520_-disjointig_87_97_623 526 24 19373 18749 19275
Edge	16	21	40	0	0	0	58	-1
	Sequence	+edge_9_0_+disjointig_365_0_3494 3494 13 3495 0 3494
Edge	17	41	36	0	0	0	58	-1
	Sequence	-edge_9_0_+disjointig_365_0_3494 3494 -13 3495 0 3494
Edge	30	64	18	0	0	0	3	-1
	Sequence	+edge_16_0_+disjointig_74_0_3019 3019 21 3020 0 3019
Edge	31	48	26	0	0	0	3	-1
	Sequence	-edge_16_0_+disjointig_74_0_3019 3019 -21 3020 0 3019
Edge	40	69	80	0	0	0	60	-1
	Sequence	+edge_21_0_-disjointig_8_2371333_2801593 430260 -22 4798237 2371333 2801593
Edge	41	96	83	0	0	0	60	-1
	Sequence	-edge_21_0_-disjointig_8_2371333_2801593 430260 22 4798237 1996643 2426903
Edge	44	29	13	0	0	0	73	-1
	Sequence	+edge_23_0_+disjointig_8_182768_515983 333215 22 4798237 182768 515983
Edge	45	11	45	0	0	0	73	-1
	Sequence	-edge_23_0_+disjointig_8_182768_515983 333215 -22 4798237 4282253 4615468
Edge	46	84	49	0	0	0	51	-1
	Sequence	+edge_24_0_+disjointig_8_2440706_2441324 618 22 4798237 2440706 2441324
Edge	47	79	85	0	0	0	51	-1
	Sequence	-edge_24_0_+disjointig_8_2440706_2441324 618 -22 4798237 2356912 2357530
Edge	50	5	56	0	0	0	75	-1
	Sequence	+edge_26_0_-disjointig_8_208629_244710 36081 -22 4798237 208629 244710
Edge	51	35	4	0	0	0	75	-1
	Sequence	-edge_26_0_-disjointig_8_208629_244710 36081 22 4798237 4553526 4589607
Edge	52	97	70	0	0	0	82	-1
	Sequence	+edge_27_0_-disjointig_8_250052_379584 129532 -22 4798237 250052 379584
Edge	53	72	43	0	0	0	82	-1
	Sequence	-edge_27_0_-disjointig_8_250052_379584 129532 22 4798237 4418652 4548184
Edge	54	92	66	0	0	0	78	-1
	Sequence	+edge_28_0_-disjointig_8_384832_473305 88473 -22 4798237 384832 473305
Edge	55	95	91	0	0	0	78	-1
	Sequence	-edge_28_0_-disjointig_8_384832_473305 88473 22 4798237 4324931 4413404
Edge	56	7	39	0	0	0	73	-1
	Sequence	+edge_29_0_+disjointig_8_3804311_3993708 189397 22 4798237 3804311 3993708
Edge	57	59	10	0	0	0	73	-1
	Sequence	-edge_29_0_+disjointig_8_3804311_3993708 189397 -22 4798237 804528 993925
Edge	58	0	71	0	0	0	67	-1
	Sequence	+edge_30_0_+disjointig_8_3064393_3272787 208394 22 4798237 3064393 3272787
Edge	59	27	2	0	0	0	67	-1
	Sequence	-edge_30_0_+disjointig_8_3064393_3272787 208394 -22 4798237 1525449 1733843
Edge	60	94	31	0	0	0	88	-1
	Sequence	+edge_31_0_-disjointig_8_478647_522455 43808 -22 4798237 478647 522455
Edge	61	77	34	0	0	0	88	-1
	Sequence	-edge_31_0_-disjointig_8_478647_522455 43808 22 4798237 4275781 4319589
Edge	64	12	37	0	0	0	69	-1
	Sequence	+edge_33_0_+disjointig_8_521230_835590 314360 22 4798237 521230 835590
Edge	65	54	93	0	0	0	69	-1
	Sequence	-edge_33_0_+disjointig_8_521230_835590 314360 -22 4798237 3962646 4277006
Edge	66	73	78	0	0	0	65	-1
	Sequence	+edge_34_0_-disjointig_8_1739183_2354458 615275 -22 4798237 1739183 2354458
Edge	67	23	1	0	0	0	65	-1
	Sequence	-edge_34_0_-disjointig_8_1739183_2354458 615275 22 4798237 2443778 3059053
Edge	68	9	19	0	0	0	73	-1
	Sequence	+edge_35_0_-disjointig_8_999335_1522995 523660 -22 4798237 999335 1522995
Edge	69	74	8	0	0	0	73	-1
	Sequence	-edge_35_0_-disjointig_8_999335_1522995 523660 22 4798237 3275241 3798901
Edge	72	42	63	0	0	0	59	-1
	Sequence	+edge_37_0_-disjointig_8_2951572_3762203 810631 -22 4798237 2951572 3762203
Edge	73	33	57	0	0	0	59	-1
	Sequence	-edge_37_0_-disjointig_8_2951572_3762203 810631 22 4798237 1036033 1846664
Edge	74	53	62	0	0	0	66	-1
	Sequence	+edge_38_0_+disjointig_8_839274_1032744 193470 22 4798237 839274 1032744
Edge	75	65	51	0	0	0	66	-1
	Sequence	-edge_38_0_+disjointig_8_839274_1032744 193470 -22 4798237 3765492 3958962
Edge	76	58	47	0	0	0	62	-1
	Sequence	+edge_39_0_+disjointig_8_1850348_1994189 143841 22 4798237 1850348 1994189
Edge	77	81	16	0	0	0	62	-1
	Sequence	-edge_39_0_+disjointig_8_1850348_1994189 143841 -22 4798237 2804047 2947888
Edge	80	82	24	0	0	0	91	-1
	Sequence	+edge_41_0_-disjointig_8_660837_800875 140038 -22 4798237 660837 800875
Edge	81	25	61	0	0	0	91	-1
	Sequence	-edge_41_0_-disjointig_8_660837_800875 140038 22 4798237 3997361 4137399
Edge	82	67	76	0	0	0	95	-1
	Sequence	+edge_42_0_+disjointig_8_4141052_4273331 132279 22 4798237 4141052 4273331
Edge	83	75	68	0	0	0	95	-1
	Sequence	-edge_42_0_+disjointig_8_4141052_4273331 132279 -22 4798237 524905 657184
Edge	86	17	50	0	0	0	108	-1
	Sequence	+edge_44_0_+disjointig_82_0_2992 2992 23 2993 0 2992
Edge	87	52	15	0	0	0	108	-1
	Sequence	-edge_44_0_+disjointig_82_0_2992 2992 -23 2993 0 2992
Edge	88	20	20	1	0	0	30700	-1
	Sequence	+edge_45_0_+disjointig_2_865_3998 3133 6 15224 865 3998
	Sequence	+edge_45_1_+disjointig_2_3998_7131 3133 6 15224 3998 7131
	Sequence	+edge_45_2_+disjointig_2_7131_10258 3127 6 15224 7131 10258
	Sequence	+edge_45_3_+disjointig_2_10258_13269 3011 6 15224 10258 13269
	Sequence	+edge_45_4_+disjointig_221_4_3001 2997 7 3106 4 3001
Edge	89	55	55	1	0	0	30700	-1
	Sequence	-edge_45_0_+disjointig_2_865_3998 3133 -6 15224 11225 14358
	Sequence	-edge_45_1_+disjointig_2_3998_7131 3133 -6 15224 8092 11225
	Sequence	-edge_45_2_+disjointig_2_7131_10258 3127 -6 15224 4965 8092
	Sequence	-edge_45_3_+disjointig_2_10258_13269 3011 -6 15224 1954 4965
	Sequence	-edge_45_4_+disjointig_221_4_3001 2997 -7 3106 104 3101
Edge	90	30	30	1	0	0	3	-1
	Sequence	+edge_46_0_+disjointig_244_1901_5002 3101 8 8106 1901 5002
	Sequence	+edge_46_1_+disjointig_244_5002_8103 3101 8 8106 5002 8103
Edge	91	14	14	1	0	0	3	-1
	Sequence	-edge_46_0_+disjointig_244_1901_5002 3101 -8 8106 3103 6204
	Sequence	-edge_46_1_+disjointig_244_5002_8103 3101 -8 8106 2 3103
Edge	92	44	44	0	0	0	69	-1
	Sequence	+edge_47_0_+disjointig_50_60864_209986 149122 17 209994 60864 209986
Edge	93	60	60	0	0	0	69	-1
	Sequence	-edge_47_0_+disjointig_50_60864_209986 149122 -17 209994 7 149129
Edge	94	88	90	0	0	0	6573	-1
	Sequence	+edge_48_0_+disjointig_7_4068_8384 4316 19 45070 4068 8384
	Sequence	+edge_48_1_+disjointig_7_10290_14606 4316 19 45070 10290 14606
	Sequence	+edge_48_2_+disjointig_7_16512_20828 4316 19 45070 16512 20828
	Sequence	+edge_48_3_+disjointig_7_22725_27402 4677 19 45070 22725 27402
	Sequence	+edge_48_4_+disjointig_7_27402_31685 4283 19 45070 27402 31685
	Sequence	+edge_48_5_+disjointig_7_33591_37907 4316 19 45070 33591 37907
	Sequence	+edge_48_6_+disjointig_7_39813_44129 4316 19 45070 39813 44129
Edge	95	89	46	0	0	0	6573	-1
	Sequence	-edge_48_0_+disjointig_7_4068_8384 4316 -19 45070 36685 41001
	Sequence	-edge_48_1_+disjointig_7_10290_14606 4316 -19 45070 30463 34779
	Sequence	-edge_48_2_+disjointig_7_16512_20828 4316 -19 45070 24241 28557
	Sequence	-edge_48_3_+disjointig_7_22725_27402 4677 -19 45070 17667 22344
	Sequence	-edge_48_4_+disjointig_7_27402_31685 4283 -19 45070 13384 17667
	Sequence	-edge_48_5_+disjointig_7_33591_37907 4316 -19 45070 7162 11478
	Sequence	-edge_48_6_+disjointig_7_39813_44129 4316 -19 45070 940 5256
Edge	96	90	88	0	0	0	6485	-1
	Sequence	+edge_49_0_+disjointig_7_2162_4068 1906 19 45070 2162 4068
	Sequence	+edge_49_1_+disjointig_7_8384_10290 1906 19 45070 8384 10290
	Sequence	+edge_49_2_+disjointig_7_14606_16512 1906 19 45070 14606 16512
	Sequence	+edge_49_3_+disjointig_7_20828_22725 1897 19 45070 20828 22725
	Sequence	+edge_49_4_+disjointig_7_31685_33591 1906 19 45070 31685 33591
	Sequence	+edge_49_5_+disjointig_7_37907_39813 1906 19 45070 37907 39813
Edge	97	46	89	0	0	0	6485	-1
	Sequence	-edge_49_0_+disjointig_7_2162_4068 1906 -19 45070 41001 42907
	Sequence	-edge_49_1_+disjointig_7_8384_10290 1906 -19 45070 34779 36685
	Sequence	-edge_49_2_+disjointig_7_14606_16512 1906 -19 45070 28557 30463
	Sequence	-edge_49_3_+disjointig_7_20828_22725 1897 -19 45070 22344 24241
	Sequence	-edge_49_4_+disjointig_7_31685_33591 1906 -19 45070 11478 13384
	Sequence	-edge_49_5_+disjointig_7_37907_39813 1906 -19 45070 5256 7162
Edge	98	3	38	0	0	0	76	-1
	Sequence	+edge_50_0_+disjointig_8_4594927_4798235 203308 22 4798237 4594927 4798235
Edge	99	28	6	0	0	0	76	-1
	Sequence	-edge_50_0_+disjointig_8_4594927_4798235 203308 -22 4798237 1 203309
Edge	100	38	86	0	0	0	77	-1
	Sequence	+edge_51_0_+disjointig_8_29747_167533 137786 22 4798237 29747 167533
Edge	101	87	28	0	0	0	77	-1
	Sequence	-edge_51_0_+disjointig_8_29747_167533 137786 -22 4798237 4630703 4768489
Edge	106	37	53	0	0	0	67	-1
	Sequence	+edge_54_0_-86120020-0da8-4ae0-b56b-f070dd3b0eeb_2989_6684 3695 * 0 0 0
Edge	107	51	54	0	0	0	67	-1
	Sequence	-edge_54_0_-86120020-0da8-4ae0-b56b-f070dd3b0eeb_2989_6684 3695 * 0 0 0
Edge	108	57	58	0	0	0	60	-1
	Sequence	+edge_55_0_-0900bd9b-1078-4a12-b38f-58782da63d3c_1574_5266 3692 * 0 0 0
Edge	109	16	42	0	0	0	60	-1
	Sequence	-edge_55_0_-0900bd9b-1078-4a12-b38f-58782da63d3c_1574_5266 3692 * 0 0 0
Edge	110	39	25	0	0	0	82	-1
	Sequence	+edge_56_0_-e64214aa-79ac-498c-91f0-e7619c3cb8b2_7531_11190 3659 * 0 0 0
Edge	111	24	59	0	0	0	82	-1
	Sequence	-edge_56_0_-e64214aa-79ac-498c-91f0-e7619c3cb8b2_7531_11190 3659 * 0 0 0
Edge	112	62	33	0	0	0	62	-1
	Sequence	+edge_57_0_+cfa2052a-2328-41ee-a4e3-b87b8d057b20_7251_10558 3307 * 0 0 0
Edge	113	63	65	0	0	0	62	-1
	Sequence	-edge_57_0_+cfa2052a-2328-41ee-a4e3-b87b8d057b20_7251_10558 3307 * 0 0 0
Edge	114	61	67	0	0	0	93	-1
	Sequence	+edge_58_0_-419fd37d-79a6-4768-ae82-e17130b7dd27_6175_9823 3648 * 0 0 0
Edge	115	68	82	0	0	0	93	-1
	Sequence	-edge_58_0_-419fd37d-79a6-4768-ae82-e17130b7dd27_6175_9823 3648 * 0 0 0
Edge	116	71	74	0	0	0	70	-1
	Sequence	+edge_59_0_+9a70860f-a976-4db6-a565-5d9dd468e9d8_1429_3895 2466 * 0 0 0
Edge	117	19	27	0	0	0	70	-1
	Sequence	-edge_59_0_+9a70860f-a976-4db6-a565-5d9dd468e9d8_1429_3895 2466 * 0 0 0
Edge	118	31	75	0	0	0	91	-1
	Sequence	+edge_60_0_+cbb5a280-f933-4593-815d-4cde827d6d67_8759_11232 2473 * 0 0 0
Edge	119	76	77	0	0	0	91	-1
	Sequence	-edge_60_0_+cbb5a280-f933-4593-815d-4cde827d6d67_8759_11232 2473 * 0 0 0
Edge	120	78	79	0	0	0	58	-1
	Sequence	+edge_61_0_-a9124c62-6632-4f77-9e06-a17d3147818f_19787_22268 2481 * 0 0 0
Edge	121	49	23	0	0	0	58	-1
	Sequence	-edge_61_0_-a9124c62-6632-4f77-9e06-a17d3147818f_19787_22268 2481 * 0 0 0
Edge	122	47	96	0	0	0	61	-1
	Sequence	+edge_62_0_+f24eb68a-8997-4ad0-ba29-c8ab944722f8_6541_9009 2468 * 0 0 0
Edge	123	80	81	0	0	0	61	-1
	Sequence	-edge_62_0_+f24eb68a-8997-4ad0-ba29-c8ab944722f8_6541_9009 2468 * 0 0 0
Edge	124	83	84	0	0	0	55	-1
	Sequence	+edge_63_0_+7d4f338e-a8d4-4253-99b6-42281dad1f0f_4653_18461 13808 * 0 0 0
Edge	125	85	69	0	0	0	55	-1
	Sequence	-edge_63_0_+7d4f338e-a8d4-4253-99b6-42281dad1f0f_4653_18461 13808 * 0 0 0
Edge	126	86	29	0	0	0	75	-1
	Sequence	+edge_64_0_-49ba2c4e-a571-493e-8a8b-ac2b26fd12cc_5131_20366 15235 * 0 0 0
Edge	127	45	87	0	0	0	75	-1
	Sequence	-edge_64_0_-49ba2c4e-a571-493e-8a8b-ac2b26fd12cc_5131_20366 15235 * 0 0 0
Edge	128	91	72	0	0	0	80	-1
	Sequence	+edge_65_0_-ff23ffb8-598c-48cf-85a5-a812e05562cc_14423_19669 5246 * 0 0 0
Edge	129	70	92	0	0	0	80	-1
	Sequence	-edge_65_0_-ff23ffb8-598c-48cf-85a5-a812e05562cc_14423_19669 5246 * 0 0 0
Edge	130	66	94	0	0	0	83	-1
	Sequence	+edge_66_0_+21db1003-e3be-41ca-b3c8-cb79eeda68b5_1120_6461 5341 * 0 0 0
Edge	131	34	95	0	0	0	83	-1
	Sequence	-edge_66_0_+21db1003-e3be-41ca-b3c8-cb79eeda68b5_1120_6461 5341 * 0 0 0
Edge	132	56	97	0	0	0	78	-1
	Sequence	+edge_67_0_-2793ec43-8a59-4124-81e6-ddf4828a0aeb_1131_6470 5339 * 0 0 0
Edge	133	43	35	0	0	0	78	-1
	Sequence	-edge_67_0_-2793ec43-8a59-4124-81e6-ddf4828a0aeb_1131_6470 5339 * 0 0 0
Edge	134	13	12	0	0	0	71	-1
	Sequence	+edge_68_0_+678ff15b-0a21-4ba5-bce1-f7dbde005233_2557_7804 5247 * 0 0 0
Edge	135	93	11	0	0	0	71	-1
	Sequence	-edge_68_0_+678ff15b-0a21-4ba5-bce1-f7dbde005233_2557_7804 5247 * 0 0 0
Edge	136	10	9	0	0	0	73	-1
	Sequence	+edge_69_0_+b290b881-5cd0-44c7-90a6-4bf0f3df9760_1345_6752 5407 * 0 0 0
Edge	137	8	7	0	0	0	73	-1
	Sequence	-edge_69_0_+b290b881-5cd0-44c7-90a6-4bf0f3df9760_1345_6752 5407 * 0 0 0
Edge	138	6	5	0	0	0	75	-1
	Sequence	+edge_70_0_+f1bd9f3f-ee00-4f69-8b56-eb8b486fe003_10243_15561 5318 * 0 0 0
Edge	139	4	3	0	0	0	75	-1
	Sequence	-edge_70_0_+f1bd9f3f-ee00-4f69-8b56-eb8b486fe003_10243_15561 5318 * 0 0 0
Edge	140	2	73	0	0	0	66	-1
	Sequence	+edge_71_0_+30982c87-2fc7-433c-a6a7-b66fc376ee18_2675_8013 5338 * 0 0 0
Edge	141	1	0	0	0	0	66	-1
	Sequence	-edge_71_0_+30982c87-2fc7-433c-a6a7-b66fc376ee18_2675_8013 5338 * 0 0 0
