Edge	8	2	15	0	0	0	28	-1
	Sequence	+edge_5_0_+disjointig_1_2042067_2157288 115221 1 4685031 2042067 2157288
Edge	9	21	13	0	0	0	28	-1
	Sequence	-edge_5_0_+disjointig_1_2042067_2157288 115221 -1 4685031 2527742 2642963
Edge	10	28	6	0	0	0	28	-1
	Sequence	+edge_6_0_+disjointig_1_2162736_2237282 74546 1 4685031 2162736 2237282
Edge	11	4	11	0	0	0	28	-1
	Sequence	-edge_6_0_+disjointig_1_2162736_2237282 74546 -1 4685031 2447748 2522294
Edge	12	29	17	0	0	0	25	-1
	Sequence	+edge_7_0_-disjointig_1_3091729_3600878 509149 -1 4685031 3091729 3600878
Edge	13	32	30	0	0	0	25	-1
	Sequence	-edge_7_0_-disjointig_1_3091729_3600878 509149 1 4685031 1084152 1593301
Edge	14	14	19	0	0	0	24	-1
	Sequence	+edge_8_0_+disjointig_1_2242704_2470371 227667 1 4685031 2242704 2470371
Edge	15	7	5	0	0	0	24	-1
	Sequence	-edge_8_0_+disjointig_1_2242704_2470371 227667 -1 4685031 2214659 2442326
Edge	16	9	24	0	0	0	24	-1
	Sequence	+edge_9_0_+disjointig_1_2475502_3259457 783955 1 4685031 2475502 3259457
Edge	17	1	8	0	0	0	24	-1
	Sequence	-edge_9_0_+disjointig_1_2475502_3259457 783955 -1 4685031 1425573 2209528
Edge	18	33	23	0	0	0	24	-1
	Sequence	+edge_10_0_-disjointig_1_2981596_3086451 104855 -1 4685031 2981596 3086451
Edge	19	18	16	0	0	0	24	-1
	Sequence	-edge_10_0_-disjointig_1_2981596_3086451 104855 1 4685031 1598579 1703434
Edge	24	31	3	0	0	0	31	-1
	Sequence	+edge_13_0_+disjointig_1_1706637_2036974 330337 1 4685031 1706637 2036974
Edge	25	27	26	0	0	0	31	-1
	Sequence	-edge_13_0_+disjointig_1_1706637_2036974 330337 -1 4685031 2648056 2978393
Edge	26	0	22	0	0	0	19	-1
	Sequence	+edge_14_0_+disjointig_1_3264591_4685028 1420437 1 4685031 3264591 4685028
Edge	27	12	10	0	0	0	19	-1
	Sequence	-edge_14_0_+disjointig_1_3264591_4685028 1420437 -1 4685031 2 1420439
Edge	28	22	25	0	0	0	20	-1
	Sequence	+edge_15_0_+disjointig_1_33247_1078719 1045472 1 4685031 33247 1078719
Edge	29	20	12	0	0	0	20	-1
	Sequence	-edge_15_0_+disjointig_1_33247_1078719 1045472 -1 4685031 3606311 4651783
Edge	30	17	20	0	0	0	22	-1
	Sequence	+edge_16_0_+f1d6375f-f370-418a-83f3-b8b053fea160_12540_17973 5433 * 0 0 0
Edge	31	25	32	0	0	0	22	-1
	Sequence	-edge_16_0_+f1d6375f-f370-418a-83f3-b8b053fea160_12540_17973 5433 * 0 0 0
Edge	32	11	21	0	0	0	28	-1
	Sequence	+edge_17_0_-46941825-ea4f-43ec-9b49-aca4e86bba58_8082_13529 5447 * 0 0 0
Edge	33	15	28	0	0	0	28	-1
	Sequence	-edge_17_0_-46941825-ea4f-43ec-9b49-aca4e86bba58_8082_13529 5447 * 0 0 0
Edge	34	23	29	0	0	0	24	-1
	Sequence	+edge_18_0_-6bb4ff45-ecab-47d3-8e4d-d989ead9107e_6856_12133 5277 * 0 0 0
Edge	35	30	18	0	0	0	24	-1
	Sequence	-edge_18_0_-6bb4ff45-ecab-47d3-8e4d-d989ead9107e_6856_12133 5277 * 0 0 0
Edge	36	16	31	0	0	0	27	-1
	Sequence	+edge_19_0_-5ac60c6b-6027-4f59-bcb0-3c2cfe9d6326_2243_5444 3201 * 0 0 0
Edge	37	26	33	0	0	0	27	-1
	Sequence	-edge_19_0_-5ac60c6b-6027-4f59-bcb0-3c2cfe9d6326_2243_5444 3201 * 0 0 0
Edge	38	19	9	0	0	0	24	-1
	Sequence	+edge_20_0_+d12dcf4d-88ba-4b3b-a1e6-4bbe1620e52f_6840_11967 5127 * 0 0 0
Edge	39	8	7	0	0	0	24	-1
	Sequence	-edge_20_0_+d12dcf4d-88ba-4b3b-a1e6-4bbe1620e52f_6840_11967 5127 * 0 0 0
Edge	40	6	14	0	0	0	26	-1
	Sequence	+edge_21_0_+155873e6-7c7f-4f0d-afd0-9a383105b0b6_19128_24549 5421 * 0 0 0
Edge	41	5	4	0	0	0	26	-1
	Sequence	-edge_21_0_+155873e6-7c7f-4f0d-afd0-9a383105b0b6_19128_24549 5421 * 0 0 0
Edge	42	3	2	0	0	0	29	-1
	Sequence	+edge_22_0_+207b4c67-0bf8-4242-b3ab-8456b42e8118_22274_27365 5091 * 0 0 0
Edge	43	13	27	0	0	0	29	-1
	Sequence	-edge_22_0_+207b4c67-0bf8-4242-b3ab-8456b42e8118_22274_27365 5091 * 0 0 0
Edge	44	10	1	0	0	0	21	-1
	Sequence	+edge_23_0_+acc6adb4-2851-4edd-88b2-33212d3164d8_15282_20414 5132 * 0 0 0
Edge	45	24	0	0	0	0	21	-1
	Sequence	-edge_23_0_+acc6adb4-2851-4edd-88b2-33212d3164d8_15282_20414 5132 * 0 0 0
