Chain
	Aln	93	+4eb8bf71-3992-49f1-be39-8917f28ac646 6 1109 1114 -edge_47_0_+disjointig_5_0_23748 12536 13636 23748 -1 -1 1063 0.00758336
Chain
	Aln	92	-4eb8bf71-3992-49f1-be39-8917f28ac646 4 1107 1114 +edge_47_0_+disjointig_5_0_23748 10111 11211 23748 -1 -1 1063 0.00758336
Chain
	Aln	92	+94860773-e0cd-4246-9d98-12d6c69070fb 10 1303 1312 +edge_47_0_+disjointig_5_0_23748 16144 17437 23748 -1 -1 1293 0
Chain
	Aln	93	-94860773-e0cd-4246-9d98-12d6c69070fb 8 1301 1312 -edge_47_0_+disjointig_5_0_23748 6310 7603 23748 -1 -1 1293 0
Chain
	Aln	65	+3049ebe4-7438-4772-9633-961308a28840 3 1299 1304 -edge_33_0_+disjointig_32_0_10951 2261 3557 10951 -1 -1 1272 0
Chain
	Aln	64	-3049ebe4-7438-4772-9633-961308a28840 4 1300 1304 +edge_33_0_+disjointig_32_0_10951 7393 8689 10951 -1 -1 1272 0
Chain
	Aln	18	+46467637-9804-4e27-ae4c-28180a5705ac 9 2288 2297 +edge_10_0_-disjointig_6_2907_12571 7377 9656 9664 -1 -1 2243 0.00429516
Chain
	Aln	19	-46467637-9804-4e27-ae4c-28180a5705ac 8 2287 2297 -edge_10_0_-disjointig_6_2907_12571 7 2286 9664 -1 -1 2243 0.00429516
Chain
	Aln	53	+3e1167c8-21a6-4801-8f51-90c00d4c99fc 24 1579 1581 -edge_27_0_+disjointig_27_0_3531 1038 2593 3531 -1 -1 1555 0
Chain
	Aln	52	-3e1167c8-21a6-4801-8f51-90c00d4c99fc 1 1556 1581 +edge_27_0_+disjointig_27_0_3531 937 2492 3531 -1 -1 1555 0
Chain
	Aln	93	+e9f7d7a3-60ae-4565-84e3-baea1844099a 1 1795 2357 -edge_47_0_+disjointig_5_0_23748 21951 23747 23748 -1 -1 1746 0.0023316
Chain
	Aln	92	-e9f7d7a3-60ae-4565-84e3-baea1844099a 561 2355 2357 +edge_47_0_+disjointig_5_0_23748 0 1796 23748 -1 -1 1746 0.0023316
Chain
	Aln	81	+b42c47b5-f606-4d3b-ac6d-c668d5d142b2 10 2577 2583 -edge_41_1_+disjointig_7_5601_9072 854 3449 3471 -1 -1 2529 0.000129214
Chain
	Aln	80	-b42c47b5-f606-4d3b-ac6d-c668d5d142b2 5 2572 2583 +edge_41_1_+disjointig_7_5601_9072 21 2616 3471 -1 -1 2529 0.000129214
Chain
	Aln	93	+f7df228c-c211-4cc2-9101-a2a5f30cb9eb 16 3060 3062 -edge_47_0_+disjointig_5_0_23748 15668 18717 23748 -1 -1 2881 0.00231807
Chain
	Aln	92	-f7df228c-c211-4cc2-9101-a2a5f30cb9eb 1 3045 3062 +edge_47_0_+disjointig_5_0_23748 5030 8079 23748 -1 -1 2881 0.00231807
Chain
	Aln	89	+c1300a11-fd92-4e28-a58f-ccae47bd65d2 1181 2872 2877 -edge_45_0_+disjointig_9_0_2843 16 1699 2843 -1 -1 1654 0.00253344
Chain
	Aln	88	-c1300a11-fd92-4e28-a58f-ccae47bd65d2 4 1695 2877 +edge_45_0_+disjointig_9_0_2843 1143 2826 2843 -1 -1 1654 0.00253344
Chain
	Aln	63	+ec44d85f-dcac-463e-a639-2511fd8e2722 9 2603 2606 -edge_32_0_+disjointig_31_0_2601 8 2598 2601 -1 -1 2532 0.00165463
Chain
	Aln	62	-ec44d85f-dcac-463e-a639-2511fd8e2722 2 2596 2606 +edge_32_0_+disjointig_31_0_2601 2 2592 2601 -1 -1 2532 0.00165463
Chain
	Aln	65	+b6e8e9ee-0bab-42de-80b4-3e5318db86d9 16 2307 2310 -edge_33_0_+disjointig_32_0_10951 8657 10948 10951 -1 -1 2266 0.0018676
Chain
	Aln	64	-b6e8e9ee-0bab-42de-80b4-3e5318db86d9 2 2293 2310 +edge_33_0_+disjointig_32_0_10951 2 2293 10951 -1 -1 2266 0.0018676
Chain
	Aln	92	+451e176d-4f37-41d2-97b4-44ff3c238484 13 962 2587 +edge_47_0_+disjointig_5_0_23748 22784 23741 23748 -1 -1 895 0.00961703
	Aln	78	+451e176d-4f37-41d2-97b4-44ff3c238484 970 2581 2587 +edge_40_0_+disjointig_7_3135_5601 1 1615 2466 -1 -1 1571 0.00314229
Chain
	Aln	79	-451e176d-4f37-41d2-97b4-44ff3c238484 5 1616 2587 -edge_40_0_+disjointig_7_3135_5601 850 2464 2466 -1 -1 1571 0.00314229
	Aln	93	-451e176d-4f37-41d2-97b4-44ff3c238484 1624 2573 2587 -edge_47_0_+disjointig_5_0_23748 6 963 23748 -1 -1 895 0.00961703
Chain
	Aln	92	+2fffb1f1-4973-4d23-86f2-1ef42d1007b3 7 3655 3658 +edge_47_0_+disjointig_5_0_23748 12226 15877 23748 -1 -1 3546 0.00357714
Chain
	Aln	93	-2fffb1f1-4973-4d23-86f2-1ef42d1007b3 2 3650 3658 -edge_47_0_+disjointig_5_0_23748 7870 11521 23748 -1 -1 3546 0.00357714
Chain
	Aln	14	+05bc2e16-cb83-49ee-9734-e18bb4b24b13 347 2033 2889 +edge_8_0_+disjointig_15_2809_5423 925 2607 2614 -1 -1 1645 0.00135025
	Aln	22	+05bc2e16-cb83-49ee-9734-e18bb4b24b13 2041 2885 2889 +edge_12_0_+disjointig_15_5423_8582 1 844 3159 -1 -1 826 0.00471167
Chain
	Aln	23	-05bc2e16-cb83-49ee-9734-e18bb4b24b13 3 847 2889 -edge_12_0_+disjointig_15_5423_8582 2314 3157 3159 -1 -1 826 0.00471167
	Aln	15	-05bc2e16-cb83-49ee-9734-e18bb4b24b13 855 2541 2889 -edge_8_0_+disjointig_15_2809_5423 6 1688 2614 -1 -1 1645 0.00135025
Chain
	Aln	71	+52de1b51-f0f3-4325-a9df-bf030497f8a0 6 2876 2878 -edge_36_0_+disjointig_4_0_14889 4594 7463 14889 -1 -1 2827 0
Chain
	Aln	70	-52de1b51-f0f3-4325-a9df-bf030497f8a0 1 2871 2878 +edge_36_0_+disjointig_4_0_14889 7425 10294 14889 -1 -1 2827 0
Chain
	Aln	92	+bd85466d-5d9f-4a0b-8da9-ae865d44c03c 30 7281 7284 +edge_47_0_+disjointig_5_0_23748 3945 11314 23748 -1 -1 5694 0.0165133
Chain
	Aln	93	-bd85466d-5d9f-4a0b-8da9-ae865d44c03c 2 7253 7284 -edge_47_0_+disjointig_5_0_23748 12433 19802 23748 -1 -1 5694 0.0165133
Chain
	Aln	35	+c674a846-cfb1-4d41-8124-a99dcd0c6835 836 1964 1990 -edge_18_0_+disjointig_19_0_3081 10 1150 3081 -1 -1 1076 0.00557926
Chain
	Aln	34	-c674a846-cfb1-4d41-8124-a99dcd0c6835 25 1153 1990 +edge_18_0_+disjointig_19_0_3081 1930 3070 3081 -1 -1 1076 0.00557926
Chain
	Aln	58	+4f8c775b-04a0-4246-bad6-9e2f80606408 8 1584 1589 +edge_30_0_+disjointig_3_0_15828 5995 7573 15828 -1 -1 1540 0.000536561
Chain
	Aln	59	-4f8c775b-04a0-4246-bad6-9e2f80606408 4 1580 1589 -edge_30_0_+disjointig_3_0_15828 8254 9832 15828 -1 -1 1540 0.000536561
Chain
	Aln	92	+0416b7b6-4efd-4801-96d6-967a38b9f7a3 11 5558 5563 +edge_47_0_+disjointig_5_0_23748 16594 22144 23748 -1 -1 5507 0
Chain
	Aln	93	-0416b7b6-4efd-4801-96d6-967a38b9f7a3 4 5551 5563 -edge_47_0_+disjointig_5_0_23748 1603 7153 23748 -1 -1 5507 0
Chain
	Aln	35	+42db160b-ced3-46a4-8460-a51b39406886 223 3293 4777 -edge_18_0_+disjointig_19_0_3081 10 3080 3081 -1 -1 3070 0
Chain
	Aln	34	-42db160b-ced3-46a4-8460-a51b39406886 1483 4553 4777 +edge_18_0_+disjointig_19_0_3081 0 3070 3081 -1 -1 3070 0
Chain
	Aln	93	+683b6c39-387b-473c-8a43-ff7a61f5b591 5 1518 1526 -edge_47_0_+disjointig_5_0_23748 21388 22901 23748 -1 -1 1513 0.00131297
Chain
	Aln	92	-683b6c39-387b-473c-8a43-ff7a61f5b591 7 1520 1526 +edge_47_0_+disjointig_5_0_23748 846 2359 23748 -1 -1 1513 0.00131297
Chain
	Aln	29	+8c05cf86-2f99-47a1-b550-b9665a23db13 31 2497 2500 -edge_15_0_+disjointig_16_0_2497 30 2494 2497 -1 -1 2450 0.000537068
Chain
	Aln	28	-8c05cf86-2f99-47a1-b550-b9665a23db13 2 2468 2500 +edge_15_0_+disjointig_16_0_2497 2 2466 2497 -1 -1 2450 0.000537068
Chain
	Aln	28	+1e2b128f-8268-4280-9d95-bbf2153df43a 511 2960 2987 +edge_15_0_+disjointig_16_0_2497 2 2453 2497 -1 -1 2377 0.00408259
Chain
	Aln	29	-1e2b128f-8268-4280-9d95-bbf2153df43a 26 2475 2987 -edge_15_0_+disjointig_16_0_2497 43 2494 2497 -1 -1 2377 0.00408259
Chain
	Aln	47	+fd646ced-b72e-4596-9c18-06f24717e967 10 4847 4850 -edge_24_0_+disjointig_24_0_7771 9 4846 7771 -1 -1 4824 0
Chain
	Aln	46	-fd646ced-b72e-4596-9c18-06f24717e967 2 4839 4850 +edge_24_0_+disjointig_24_0_7771 2924 7761 7771 -1 -1 4824 0
Chain
	Aln	59	+87da4d7d-62d6-4044-a0cd-3b9bce54ca79 11 3257 3261 -edge_30_0_+disjointig_3_0_15828 8593 11847 15828 -1 -1 3226 0
Chain
	Aln	58	-87da4d7d-62d6-4044-a0cd-3b9bce54ca79 3 3249 3261 +edge_30_0_+disjointig_3_0_15828 3980 7234 15828 -1 -1 3226 0
Chain
	Aln	81	+bc0c24f4-c7b5-4918-ae05-5d10ee62980a 5 1137 1144 -edge_41_0_+disjointig_5_26928_30398 392 1533 3470 -1 -1 1091 0.00499833
Chain
	Aln	80	-bc0c24f4-c7b5-4918-ae05-5d10ee62980a 6 1138 1144 +edge_41_0_+disjointig_5_26928_30398 1936 3077 3470 -1 -1 1091 0.00499833
Chain
	Aln	81	+3b34fa55-01ba-4127-998f-440ae7b02166 11 2772 3993 -edge_41_1_+disjointig_7_5601_9072 708 3470 3471 -1 -1 2684 0.00142722
	Aln	79	+3b34fa55-01ba-4127-998f-440ae7b02166 2783 3989 3993 -edge_40_0_+disjointig_7_3135_5601 10 1217 2466 -1 -1 1172 0.00347689
Chain
	Aln	78	-3b34fa55-01ba-4127-998f-440ae7b02166 3 1209 3993 +edge_40_0_+disjointig_7_3135_5601 1248 2455 2466 -1 -1 1172 0.00347689
	Aln	80	-3b34fa55-01ba-4127-998f-440ae7b02166 1220 3981 3993 +edge_41_1_+disjointig_7_5601_9072 0 2762 3471 -1 -1 2684 0.00142722
Chain
	Aln	49	+7cba423a-0932-4ab6-99c1-56759c059577 20 7109 7114 -edge_25_0_+disjointig_25_0_21534 14429 21529 21534 -1 -1 7011 0.000131369
Chain
	Aln	48	-7cba423a-0932-4ab6-99c1-56759c059577 4 7093 7114 +edge_25_0_+disjointig_25_0_21534 4 7104 21534 -1 -1 7011 0.000131369
Chain
	Aln	64	+c8db1040-3b16-452f-8449-2ebf0339ca70 12 1085 1088 +edge_33_0_+disjointig_32_0_10951 2044 3118 10951 -1 -1 1061 0.00175403
Chain
	Aln	65	-c8db1040-3b16-452f-8449-2ebf0339ca70 2 1075 1088 -edge_33_0_+disjointig_32_0_10951 7832 8906 10951 -1 -1 1061 0.00175403
Chain
	Aln	93	+aaca442a-8c0c-455a-b2db-cc8c600f4337 33 3315 3318 -edge_47_0_+disjointig_5_0_23748 15085 18371 23748 -1 -1 3253 0
Chain
	Aln	92	-aaca442a-8c0c-455a-b2db-cc8c600f4337 2 3284 3318 +edge_47_0_+disjointig_5_0_23748 5376 8662 23748 -1 -1 3253 0
Chain
	Aln	92	+a5330e95-bcf5-405d-86ae-8f7c1fa765d3 10 1719 1728 +edge_47_0_+disjointig_5_0_23748 10224 11941 23748 -1 -1 1614 0.00743128
Chain
	Aln	93	-a5330e95-bcf5-405d-86ae-8f7c1fa765d3 8 1717 1728 -edge_47_0_+disjointig_5_0_23748 11806 13523 23748 -1 -1 1614 0.00743128
Chain
	Aln	80	+82d04e0a-7508-41d0-bb4b-a2469c3507ca 10 1260 1321 +edge_41_0_+disjointig_5_26928_30398 1017 2266 3470 -1 -1 1179 0.00524698
Chain
	Aln	81	-82d04e0a-7508-41d0-bb4b-a2469c3507ca 60 1310 1321 -edge_41_0_+disjointig_5_26928_30398 1203 2452 3470 -1 -1 1179 0.00524698
Chain
	Aln	61	+464dbc5e-1c06-4bf4-bcae-4f3ad8fc41bb 9 4077 4080 -edge_31_0_+disjointig_30_0_4073 8 4070 4073 -1 -1 3950 0.00230044
Chain
	Aln	60	-464dbc5e-1c06-4bf4-bcae-4f3ad8fc41bb 2 4070 4080 +edge_31_0_+disjointig_30_0_4073 2 4064 4073 -1 -1 3950 0.00230044
Chain
	Aln	36	+260f3081-eebd-472e-a8d2-5c092d1b0228 25 2613 2616 +edge_19_0_+disjointig_2_0_9741 599 3205 9741 -1 -1 2453 0.00528837
Chain
	Aln	37	-260f3081-eebd-472e-a8d2-5c092d1b0228 2 2590 2616 -edge_19_0_+disjointig_2_0_9741 6535 9141 9741 -1 -1 2453 0.00528837
Chain
	Aln	64	+20e839a1-ff43-4646-b66d-970b3b162fe4 1353 12286 12297 +edge_33_0_+disjointig_32_0_10951 2 10941 10951 -1 -1 10767 0
Chain
	Aln	65	-20e839a1-ff43-4646-b66d-970b3b162fe4 10 10943 12297 -edge_33_0_+disjointig_32_0_10951 9 10948 10951 -1 -1 10767 0
Chain
	Aln	93	+573a58a0-6a5a-448a-9846-6e89d98d83ab 5 4682 4692 -edge_47_0_+disjointig_5_0_23748 5278 9952 23748 -1 -1 4562 0.00263078
Chain
	Aln	92	-573a58a0-6a5a-448a-9846-6e89d98d83ab 9 4686 4692 +edge_47_0_+disjointig_5_0_23748 13795 18469 23748 -1 -1 4562 0.00263078
Chain
	Aln	3	+a9ab5b9c-8c63-4ffc-bce4-50e3141c5cd0 14 4240 4242 -edge_2_0_+disjointig_10_0_11335 13 4245 11335 -1 -1 4116 0.00150704
Chain
	Aln	2	-a9ab5b9c-8c63-4ffc-bce4-50e3141c5cd0 1 4227 4242 +edge_2_0_+disjointig_10_0_11335 7089 11321 11335 -1 -1 4116 0.00150704
Chain
	Aln	43	+2bdf6307-02a1-4e2c-b8ca-5852882eb437 15 3999 4002 -edge_22_0_+disjointig_22_0_5653 1663 5650 5653 -1 -1 3963 0.00078122
Chain
	Aln	42	-2bdf6307-02a1-4e2c-b8ca-5852882eb437 2 3986 4002 +edge_22_0_+disjointig_22_0_5653 2 3989 5653 -1 -1 3963 0.00078122
Chain
	Aln	1	+b04fcf84-52d3-4a36-8df3-2f6be46080f5 5 2701 2706 -edge_1_0_+disjointig_1_0_8198 5497 8193 8198 -1 -1 2678 0
Chain
	Aln	0	-b04fcf84-52d3-4a36-8df3-2f6be46080f5 4 2700 2706 +edge_1_0_+disjointig_1_0_8198 4 2700 8198 -1 -1 2678 0
Chain
	Aln	2	+75011af6-b42b-4894-b7ec-8ac811e972ca 28 7310 7317 +edge_2_0_+disjointig_10_0_11335 4028 11311 11335 -1 -1 7228 0
Chain
	Aln	3	-75011af6-b42b-4894-b7ec-8ac811e972ca 6 7288 7317 -edge_2_0_+disjointig_10_0_11335 23 7306 11335 -1 -1 7228 0
Chain
	Aln	23	+cfafcdfc-f74f-48db-8ecf-4bbf7aa11451 1371 4571 10230 -edge_12_1_+disjointig_15_18636_21895 110 3258 3259 -1 -1 3064 0.00317098
	Aln	15	+cfafcdfc-f74f-48db-8ecf-4bbf7aa11451 4578 6263 10230 -edge_8_0_+disjointig_15_2809_5423 6 1692 2614 -1 -1 1661 0.00195357
Chain
	Aln	14	-cfafcdfc-f74f-48db-8ecf-4bbf7aa11451 3966 5651 10230 +edge_8_0_+disjointig_15_2809_5423 921 2607 2614 -1 -1 1661 0.00195357
	Aln	22	-cfafcdfc-f74f-48db-8ecf-4bbf7aa11451 5658 8858 10230 +edge_12_1_+disjointig_15_18636_21895 0 3148 3259 -1 -1 3064 0.00317098
Chain
	Aln	92	+0292329f-1e66-48b3-9232-5e0f6a281d1b 9 1140 1144 +edge_47_0_+disjointig_5_0_23748 12837 13963 23748 -1 -1 1117 0.00201633
Chain
	Aln	93	-0292329f-1e66-48b3-9232-5e0f6a281d1b 3 1134 1144 -edge_47_0_+disjointig_5_0_23748 9784 10910 23748 -1 -1 1117 0.00201633
Chain
	Aln	92	+589943c8-e3c6-4420-aac8-22e44fe48d6f 13 1118 1120 +edge_47_0_+disjointig_5_0_23748 15123 16227 23748 -1 -1 1104 0.000950718
Chain
	Aln	93	-589943c8-e3c6-4420-aac8-22e44fe48d6f 1 1106 1120 -edge_47_0_+disjointig_5_0_23748 7520 8624 23748 -1 -1 1104 0.000950718
Chain
	Aln	81	+9d0f63fb-f103-44ee-9562-c871d29aebec 1 1453 1812 -edge_41_1_+disjointig_7_5601_9072 2023 3470 3471 -1 -1 1423 0.000472995
Chain
	Aln	80	-9d0f63fb-f103-44ee-9562-c871d29aebec 358 1810 1812 +edge_41_1_+disjointig_7_5601_9072 0 1447 3471 -1 -1 1423 0.000472995
Chain
	Aln	92	+aba78a7f-f7b9-44cb-8665-1d0ab280076f 17 1197 1200 +edge_47_0_+disjointig_5_0_23748 732 1912 23748 -1 -1 1163 0.000714794
Chain
	Aln	93	-aba78a7f-f7b9-44cb-8665-1d0ab280076f 2 1182 1200 -edge_47_0_+disjointig_5_0_23748 21835 23015 23748 -1 -1 1163 0.000714794
Chain
	Aln	93	+8820c92d-dad7-481f-a1bb-913003757cbf 20 5863 5865 -edge_47_0_+disjointig_5_0_23748 13479 19323 23748 -1 -1 5721 0.000951036
Chain
	Aln	92	-8820c92d-dad7-481f-a1bb-913003757cbf 1 5844 5865 +edge_47_0_+disjointig_5_0_23748 4424 10268 23748 -1 -1 5721 0.000951036
Chain
	Aln	59	+e0496d87-b9e9-4889-a4da-1f488703810e 9 1424 1427 -edge_30_0_+disjointig_3_0_15828 5596 7008 15828 -1 -1 1385 0.00421877
Chain
	Aln	58	-e0496d87-b9e9-4889-a4da-1f488703810e 2 1417 1427 +edge_30_0_+disjointig_3_0_15828 8819 10231 15828 -1 -1 1385 0.00421877
Chain
	Aln	93	+ad835333-8399-4307-94ea-b30d25eb8c57 10 2731 2735 -edge_47_0_+disjointig_5_0_23748 18873 21590 23748 -1 -1 2695 0.000669907
Chain
	Aln	92	-ad835333-8399-4307-94ea-b30d25eb8c57 3 2724 2735 +edge_47_0_+disjointig_5_0_23748 2157 4874 23748 -1 -1 2695 0.000669907
Chain
	Aln	71	+db4d4954-fc64-4a59-b1cf-80529134a858 12 7120 7125 -edge_36_0_+disjointig_4_0_14889 11 7121 14889 -1 -1 6614 0.00711931
Chain
	Aln	70	-db4d4954-fc64-4a59-b1cf-80529134a858 4 7112 7125 +edge_36_0_+disjointig_4_0_14889 7767 14877 14889 -1 -1 6614 0.00711931
Chain
	Aln	4	+33c47700-ca37-4a40-8b61-1f514209b21c 13 1255 1263 +edge_3_0_+disjointig_11_0_3263 972 2214 3263 -1 -1 1236 0
Chain
	Aln	5	-33c47700-ca37-4a40-8b61-1f514209b21c 7 1249 1263 -edge_3_0_+disjointig_11_0_3263 1048 2290 3263 -1 -1 1236 0
Chain
	Aln	45	+49df483d-165d-47d8-be5a-4bf5655e6b3e 15 2414 2417 -edge_23_0_+disjointig_23_0_4213 14 2413 4213 -1 -1 2371 0.0015377
Chain
	Aln	44	-49df483d-165d-47d8-be5a-4bf5655e6b3e 2 2401 2417 +edge_23_0_+disjointig_23_0_4213 1799 4198 4213 -1 -1 2371 0.0015377
Chain
	Aln	42	+cd750b7f-9749-49fb-8db7-72ffa4ef5ab4 1340 6989 6993 +edge_22_0_+disjointig_22_0_5653 2 5650 5653 -1 -1 5584 0.00129396
Chain
	Aln	43	-cd750b7f-9749-49fb-8db7-72ffa4ef5ab4 3 5652 6993 -edge_22_0_+disjointig_22_0_5653 2 5650 5653 -1 -1 5584 0.00129396
Chain
	Aln	66	+5b84c102-c07d-4d1f-83c9-af85a3a3e233 5 6927 6930 +edge_34_0_+disjointig_33_0_10358 5 6929 10358 -1 -1 6811 0.00225299
Chain
	Aln	67	-5b84c102-c07d-4d1f-83c9-af85a3a3e233 2 6924 6930 -edge_34_0_+disjointig_33_0_10358 3428 10352 10358 -1 -1 6811 0.00225299
Chain
	Aln	67	+13c6d260-04d6-477e-95b0-a87ce72b97ca 13 3701 3707 -edge_34_0_+disjointig_33_0_10358 12 3696 10358 -1 -1 3629 0.000182269
Chain
	Aln	66	-13c6d260-04d6-477e-95b0-a87ce72b97ca 5 3693 3707 +edge_34_0_+disjointig_33_0_10358 6661 10345 10358 -1 -1 3629 0.000182269
Chain
	Aln	92	+8654e829-481a-4aa4-bccd-9faeedb09ff9 2 1371 1381 +edge_47_0_+disjointig_5_0_23748 13503 14873 23748 -1 -1 1352 0.00383905
Chain
	Aln	93	-8654e829-481a-4aa4-bccd-9faeedb09ff9 9 1378 1381 -edge_47_0_+disjointig_5_0_23748 8874 10244 23748 -1 -1 1352 0.00383905
Chain
	Aln	93	+6aa043a0-911c-4f1b-b2cb-8849388bcccb 4 1377 1384 -edge_47_0_+disjointig_5_0_23748 8848 10220 23748 -1 -1 1306 0.00795278
Chain
	Aln	92	-6aa043a0-911c-4f1b-b2cb-8849388bcccb 6 1379 1384 +edge_47_0_+disjointig_5_0_23748 13527 14899 23748 -1 -1 1306 0.00795278
Chain
	Aln	93	+a2b84226-7c6a-4fe8-95db-32a1ffc0525d 12 4501 4516 -edge_47_0_+disjointig_5_0_23748 19230 23733 23748 -1 -1 4161 0.0083608
Chain
	Aln	92	-a2b84226-7c6a-4fe8-95db-32a1ffc0525d 14 4503 4516 +edge_47_0_+disjointig_5_0_23748 14 4517 23748 -1 -1 4161 0.0083608
Chain
	Aln	23	+4db10be7-298c-4707-a3cc-b0c7788b38e7 1181 4111 4117 -edge_12_2_+disjointig_15_27117_30377 102 3031 3260 -1 -1 2850 0.0027395
Chain
	Aln	22	-4db10be7-298c-4707-a3cc-b0c7788b38e7 5 2935 4117 +edge_12_2_+disjointig_15_27117_30377 228 3157 3260 -1 -1 2850 0.0027395
Chain
	Aln	1	+0dc60a9b-e5d3-4a27-8621-f7f2c89ff9f3 8 1302 1304 -edge_1_0_+disjointig_1_0_8198 4172 5466 8198 -1 -1 1283 0.00419266
Chain
	Aln	0	-0dc60a9b-e5d3-4a27-8621-f7f2c89ff9f3 1 1295 1304 +edge_1_0_+disjointig_1_0_8198 2731 4025 8198 -1 -1 1283 0.00419266
Chain
	Aln	40	+382259c8-7fab-4645-96a8-c3fafbf7d5a8 10 2801 3337 +edge_21_0_+disjointig_21_0_5776 2964 5754 5776 -1 -1 2752 0.000235241
Chain
	Aln	41	-382259c8-7fab-4645-96a8-c3fafbf7d5a8 535 3326 3337 -edge_21_0_+disjointig_21_0_5776 21 2811 5776 -1 -1 2752 0.000235241
Chain
	Aln	59	+5958fae2-6df3-4655-a225-7de2ea1937d0 188 1628 1817 -edge_30_0_+disjointig_3_0_15828 14393 15827 15828 -1 -1 1297 0.00966606
Chain
	Aln	58	-5958fae2-6df3-4655-a225-7de2ea1937d0 188 1628 1817 +edge_30_0_+disjointig_3_0_15828 0 1434 15828 -1 -1 1297 0.00966606
Chain
	Aln	58	+61d46b6f-f79c-4ca3-93c4-93567ceb242a 13 1561 1568 +edge_30_0_+disjointig_3_0_15828 8468 10014 15828 -1 -1 1540 0.00111883
Chain
	Aln	59	-61d46b6f-f79c-4ca3-93c4-93567ceb242a 6 1554 1568 -edge_30_0_+disjointig_3_0_15828 5813 7359 15828 -1 -1 1540 0.00111883
Chain
	Aln	93	+c205d12b-0449-4338-a9dc-2bb83c0c1db6 14 1658 1661 -edge_47_0_+disjointig_5_0_23748 12917 14560 23748 -1 -1 1584 0.00379626
Chain
	Aln	92	-c205d12b-0449-4338-a9dc-2bb83c0c1db6 2 1646 1661 +edge_47_0_+disjointig_5_0_23748 9187 10830 23748 -1 -1 1584 0.00379626
Chain
	Aln	32	+f8d7b0b5-6b33-4402-aa94-219eb73a4052 253 1263 1271 +edge_17_0_+disjointig_18_0_5742 8 1018 5742 -1 -1 984 0.000396448
Chain
	Aln	33	-f8d7b0b5-6b33-4402-aa94-219eb73a4052 7 1017 1271 -edge_17_0_+disjointig_18_0_5742 4723 5733 5742 -1 -1 984 0.000396448
Chain
	Aln	91	+1a5f2d2c-f1e4-4b62-82c0-0ceb6d8cd5f4 285 1343 1346 -edge_46_0_+disjointig_15_21895_25425 468 1513 3530 -1 -1 961 0.00791823
Chain
	Aln	90	-1a5f2d2c-f1e4-4b62-82c0-0ceb6d8cd5f4 2 1060 1346 +edge_46_0_+disjointig_15_21895_25425 2016 3061 3530 -1 -1 961 0.00791823
Chain
	Aln	59	+f8f42db6-741f-4ba6-b4e9-8bc962afafb8 18 2853 2857 -edge_30_0_+disjointig_3_0_15828 8162 11006 15828 -1 -1 2795 0
Chain
	Aln	58	-f8f42db6-741f-4ba6-b4e9-8bc962afafb8 3 2838 2857 +edge_30_0_+disjointig_3_0_15828 4821 7665 15828 -1 -1 2795 0
Chain
	Aln	23	+35226e2c-21d1-4f80-b2fa-7839c736baee 9 1437 1439 -edge_12_1_+disjointig_15_18636_21895 1677 3105 3259 -1 -1 1387 0.00158948
Chain
	Aln	22	-35226e2c-21d1-4f80-b2fa-7839c736baee 1 1429 1439 +edge_12_1_+disjointig_15_18636_21895 153 1581 3259 -1 -1 1387 0.00158948
Chain
	Aln	18	+d16a6e85-27ac-49e7-9f3f-f4798b8f6cac 9 4758 4963 +edge_10_0_-disjointig_6_2907_12571 4731 9656 9664 -1 -1 4355 0.010268
Chain
	Aln	19	-d16a6e85-27ac-49e7-9f3f-f4798b8f6cac 204 4953 4963 -edge_10_0_-disjointig_6_2907_12571 7 4932 9664 -1 -1 4355 0.010268
Chain
	Aln	92	+1b45e2eb-5a16-4371-a82f-8c037b6a4bdb 3 6416 6422 +edge_47_0_+disjointig_5_0_23748 14042 20458 23748 -1 -1 6235 0.00240083
Chain
	Aln	93	-1b45e2eb-5a16-4371-a82f-8c037b6a4bdb 5 6418 6422 -edge_47_0_+disjointig_5_0_23748 3289 9705 23748 -1 -1 6235 0.00240083
Chain
	Aln	71	+2b827bc5-b9ab-42cf-84c0-5e456fea2cea 29 5505 5507 -edge_36_0_+disjointig_4_0_14889 5275 10749 14889 -1 -1 5438 0
Chain
	Aln	70	-2b827bc5-b9ab-42cf-84c0-5e456fea2cea 1 5477 5507 +edge_36_0_+disjointig_4_0_14889 4139 9613 14889 -1 -1 5438 0
Chain
	Aln	41	+a0df8440-cc38-48da-8d63-cd4b0c6de8d9 4 3943 3945 -edge_21_0_+disjointig_21_0_5776 1835 5774 5776 -1 -1 3851 0.00369777
Chain
	Aln	40	-a0df8440-cc38-48da-8d63-cd4b0c6de8d9 1 3940 3945 +edge_21_0_+disjointig_21_0_5776 1 3940 5776 -1 -1 3851 0.00369777
Chain
	Aln	16	+a2fe3209-8f56-4084-9855-c19f749bc23e 10 2419 2426 +edge_9_0_-disjointig_15_14830_23192 2779 5187 8362 -1 -1 2406 0
Chain
	Aln	17	-a2fe3209-8f56-4084-9855-c19f749bc23e 6 2415 2426 -edge_9_0_-disjointig_15_14830_23192 3174 5582 8362 -1 -1 2406 0
Chain
	Aln	52	+d969f26b-b635-4bb5-854d-f038cd29dadb 3 1259 1263 +edge_27_0_+disjointig_27_0_3531 224 1480 3531 -1 -1 1243 0
Chain
	Aln	53	-d969f26b-b635-4bb5-854d-f038cd29dadb 3 1259 1263 -edge_27_0_+disjointig_27_0_3531 2050 3306 3531 -1 -1 1243 0
Chain
	Aln	78	+6f4a3ab8-de8f-4b9f-b511-270875b91ed2 10 896 1670 +edge_40_0_+disjointig_7_3135_5601 1579 2462 2466 -1 -1 881 0.00348179
	Aln	80	+6f4a3ab8-de8f-4b9f-b511-270875b91ed2 909 1662 1670 +edge_41_1_+disjointig_7_5601_9072 9 757 3471 -1 -1 729 0.000596233
Chain
	Aln	81	-6f4a3ab8-de8f-4b9f-b511-270875b91ed2 7 760 1670 -edge_41_1_+disjointig_7_5601_9072 2713 3461 3471 -1 -1 729 0.000596233
	Aln	79	-6f4a3ab8-de8f-4b9f-b511-270875b91ed2 773 1659 1670 -edge_40_0_+disjointig_7_3135_5601 3 886 2466 -1 -1 881 0.00348179
Chain
	Aln	93	+623546e9-a615-4d4d-aa5c-c718dd20ac3b 7 1186 1193 -edge_47_0_+disjointig_5_0_23748 3616 4795 23748 -1 -1 1125 0.00416041
Chain
	Aln	92	-623546e9-a615-4d4d-aa5c-c718dd20ac3b 6 1185 1193 +edge_47_0_+disjointig_5_0_23748 18952 20131 23748 -1 -1 1125 0.00416041
Chain
	Aln	70	+19c279c7-d061-45fd-9d1e-20b5def913ce 2 7741 7775 +edge_36_0_+disjointig_4_0_14889 1813 9590 14889 -1 -1 7521 0.00148624
Chain
	Aln	71	-19c279c7-d061-45fd-9d1e-20b5def913ce 33 7772 7775 -edge_36_0_+disjointig_4_0_14889 5298 13075 14889 -1 -1 7521 0.00148624
Chain
	Aln	93	+bdbb751c-712c-4ff7-b799-56727c67abad 13 2066 2078 -edge_47_0_+disjointig_5_0_23748 14289 16340 23748 -1 -1 2028 0
Chain
	Aln	92	-bdbb751c-712c-4ff7-b799-56727c67abad 11 2064 2078 +edge_47_0_+disjointig_5_0_23748 7407 9458 23748 -1 -1 2028 0
Chain
	Aln	57	+4707b92f-3212-4ab9-98f1-e36f564c18a0 332 5314 5319 -edge_29_0_+disjointig_29_0_4994 9 4989 4994 -1 -1 4804 0.00235737
Chain
	Aln	56	-4707b92f-3212-4ab9-98f1-e36f564c18a0 4 4986 5319 +edge_29_0_+disjointig_29_0_4994 4 4984 4994 -1 -1 4804 0.00235737
Chain
	Aln	55	+0544fe9e-ce4f-4a3f-8264-4f64474c5d03 11 1838 2046 -edge_28_0_+disjointig_28_0_2755 927 2754 2755 -1 -1 1820 0
Chain
	Aln	54	-0544fe9e-ce4f-4a3f-8264-4f64474c5d03 207 2034 2046 +edge_28_0_+disjointig_28_0_2755 0 1827 2755 -1 -1 1820 0
Chain
	Aln	92	+6ad47260-7589-4810-bc21-a10d5c24180d 6 3302 3305 +edge_47_0_+disjointig_5_0_23748 11917 15224 23748 -1 -1 3176 0.00413519
Chain
	Aln	93	-6ad47260-7589-4810-bc21-a10d5c24180d 2 3298 3305 -edge_47_0_+disjointig_5_0_23748 8523 11830 23748 -1 -1 3176 0.00413519
Chain
	Aln	71	+0dd763a9-e9b4-460b-9df0-ba4e890e6e83 8 3865 3867 -edge_36_0_+disjointig_4_0_14889 11030 14887 14889 -1 -1 3836 0
Chain
	Aln	70	-0dd763a9-e9b4-460b-9df0-ba4e890e6e83 1 3858 3867 +edge_36_0_+disjointig_4_0_14889 1 3858 14889 -1 -1 3836 0
Chain
	Aln	59	+f9929bdf-6ae5-4ca0-beb9-45088c4bbc81 8 2741 2746 -edge_30_0_+disjointig_3_0_15828 8246 10983 15828 -1 -1 2698 0
Chain
	Aln	58	-f9929bdf-6ae5-4ca0-beb9-45088c4bbc81 4 2737 2746 +edge_30_0_+disjointig_3_0_15828 4844 7581 15828 -1 -1 2698 0
Chain
	Aln	1	+dd485cc9-e72e-44e4-b8b0-8157c67dcc2b 24 8188 8758 -edge_1_0_+disjointig_1_0_8198 22 8197 8198 -1 -1 8028 0.000838073
Chain
	Aln	0	-dd485cc9-e72e-44e4-b8b0-8157c67dcc2b 569 8733 8758 +edge_1_0_+disjointig_1_0_8198 0 8175 8198 -1 -1 8028 0.000838073
Chain
	Aln	93	+cdcd05ee-2317-4323-9e75-4117ec3a9249 9 1599 1603 -edge_47_0_+disjointig_5_0_23748 15520 17109 23748 -1 -1 1438 0.00959483
Chain
	Aln	92	-cdcd05ee-2317-4323-9e75-4117ec3a9249 3 1593 1603 +edge_47_0_+disjointig_5_0_23748 6638 8227 23748 -1 -1 1438 0.00959483
Chain
	Aln	89	+333be78e-416f-4fa2-bcd8-fa5ae78106d6 17 2840 2844 -edge_45_0_+disjointig_9_0_2843 16 2839 2843 -1 -1 2815 0.000669123
Chain
	Aln	88	-333be78e-416f-4fa2-bcd8-fa5ae78106d6 3 2826 2844 +edge_45_0_+disjointig_9_0_2843 3 2826 2843 -1 -1 2815 0.000669123
Chain
	Aln	93	+e50bbdcf-ea9d-44cf-b39c-ba62f50648d9 18 1891 1894 -edge_47_0_+disjointig_5_0_23748 6447 8320 23748 -1 -1 1871 0.000387149
Chain
	Aln	92	-e50bbdcf-ea9d-44cf-b39c-ba62f50648d9 2 1875 1894 +edge_47_0_+disjointig_5_0_23748 15427 17300 23748 -1 -1 1871 0.000387149
Chain
	Aln	14	+6b31a23a-0b1e-4473-b20f-4897cdfe1edb 39 1721 2970 +edge_8_0_+disjointig_15_2809_5423 925 2607 2614 -1 -1 1676 0
	Aln	22	+6b31a23a-0b1e-4473-b20f-4897cdfe1edb 1729 2963 2970 +edge_12_0_+disjointig_15_5423_8582 1 1234 3159 -1 -1 1198 0.00565404
Chain
	Aln	23	-6b31a23a-0b1e-4473-b20f-4897cdfe1edb 6 1240 2970 -edge_12_0_+disjointig_15_5423_8582 1924 3157 3159 -1 -1 1198 0.00565404
	Aln	15	-6b31a23a-0b1e-4473-b20f-4897cdfe1edb 1248 2930 2970 -edge_8_0_+disjointig_15_2809_5423 6 1688 2614 -1 -1 1676 0
Chain
	Aln	78	+098f69cb-6615-4ac7-9890-b44fbea94084 13 1668 3718 +edge_40_0_+disjointig_7_3135_5601 809 2462 2466 -1 -1 1616 0.00418853
	Aln	80	+098f69cb-6615-4ac7-9890-b44fbea94084 1681 3711 3718 +edge_41_1_+disjointig_7_5601_9072 9 2038 3471 -1 -1 2014 0
Chain
	Aln	81	-098f69cb-6615-4ac7-9890-b44fbea94084 6 2036 3718 -edge_41_1_+disjointig_7_5601_9072 1432 3461 3471 -1 -1 2014 0
	Aln	79	-098f69cb-6615-4ac7-9890-b44fbea94084 2049 3704 3718 -edge_40_0_+disjointig_7_3135_5601 3 1656 2466 -1 -1 1616 0.00418853
Chain
	Aln	22	+a247e6e9-43f4-4c34-bbc7-5cbbb0e1c2b9 12 1171 1173 +edge_12_0_+disjointig_15_5423_8582 255 1413 3159 -1 -1 1143 0
Chain
	Aln	23	-a247e6e9-43f4-4c34-bbc7-5cbbb0e1c2b9 1 1160 1173 -edge_12_0_+disjointig_15_5423_8582 1745 2903 3159 -1 -1 1143 0
Chain
	Aln	40	+9a0196cd-f328-47c2-86d8-3569f04787b5 5 3456 3462 +edge_21_0_+disjointig_21_0_5776 1092 4543 5776 -1 -1 3393 0.0029129
Chain
	Aln	41	-9a0196cd-f328-47c2-86d8-3569f04787b5 5 3456 3462 -edge_21_0_+disjointig_21_0_5776 1232 4683 5776 -1 -1 3393 0.0029129
Chain
	Aln	49	+a8538cba-a8bd-434a-8c64-2be3ddacd163 8 12313 12323 -edge_25_0_+disjointig_25_0_21534 1187 13609 21534 -1 -1 11178 0.00651611
Chain
	Aln	48	-a8538cba-a8bd-434a-8c64-2be3ddacd163 9 12314 12323 +edge_25_0_+disjointig_25_0_21534 7924 20346 21534 -1 -1 11178 0.00651611
Chain
	Aln	89	+2eb52e94-d3e7-4a41-a483-9bc6b9803892 6 1092 1097 -edge_45_0_+disjointig_9_0_2843 1321 2406 2843 -1 -1 1070 0.00146643
Chain
	Aln	88	-2eb52e94-d3e7-4a41-a483-9bc6b9803892 4 1090 1097 +edge_45_0_+disjointig_9_0_2843 436 1521 2843 -1 -1 1070 0.00146643
Chain
	Aln	93	+3715c144-336f-40b5-9830-86b15f7de853 8 1519 1527 -edge_47_0_+disjointig_5_0_23748 5671 7179 23748 -1 -1 1500 0.00168249
Chain
	Aln	92	-3715c144-336f-40b5-9830-86b15f7de853 7 1518 1527 +edge_47_0_+disjointig_5_0_23748 16568 18076 23748 -1 -1 1500 0.00168249
Chain
	Aln	81	+cc2d10a7-ce27-4d26-8ffe-f5569f1b9c25 16 2592 7812 -edge_41_1_+disjointig_7_5601_9072 884 3470 3471 -1 -1 2415 0.00539144
	Aln	79	+cc2d10a7-ce27-4d26-8ffe-f5569f1b9c25 2603 5058 7812 -edge_40_0_+disjointig_7_3135_5601 10 2465 2466 -1 -1 2254 0.00882686
	Aln	93	+cc2d10a7-ce27-4d26-8ffe-f5569f1b9c25 5066 7781 7812 -edge_47_0_+disjointig_5_0_23748 7 2731 23748 -1 -1 2560 0.00734232
Chain
	Aln	92	-cc2d10a7-ce27-4d26-8ffe-f5569f1b9c25 30 2745 7812 +edge_47_0_+disjointig_5_0_23748 21016 23740 23748 -1 -1 2560 0.00734232
	Aln	78	-cc2d10a7-ce27-4d26-8ffe-f5569f1b9c25 2753 5208 7812 +edge_40_0_+disjointig_7_3135_5601 0 2455 2466 -1 -1 2254 0.00882686
	Aln	80	-cc2d10a7-ce27-4d26-8ffe-f5569f1b9c25 5219 7795 7812 +edge_41_1_+disjointig_7_5601_9072 0 2586 3471 -1 -1 2415 0.00539144
Chain
	Aln	47	+ae0f9988-26a5-4e98-b0f1-4e735ef971c2 7 4409 4412 -edge_24_0_+disjointig_24_0_7771 3371 7768 7771 -1 -1 4325 0.000938532
Chain
	Aln	46	-ae0f9988-26a5-4e98-b0f1-4e735ef971c2 2 4404 4412 +edge_24_0_+disjointig_24_0_7771 2 4399 7771 -1 -1 4325 0.000938532
Chain
	Aln	92	+64e1d7bd-7c63-403d-93f3-4391e818d96c 6 1293 1299 +edge_47_0_+disjointig_5_0_23748 6898 8185 23748 -1 -1 1280 0
Chain
	Aln	93	-64e1d7bd-7c63-403d-93f3-4391e818d96c 5 1292 1299 -edge_47_0_+disjointig_5_0_23748 15562 16849 23748 -1 -1 1280 0
Chain
	Aln	81	+0f0bb8a1-60b5-488c-9f10-077fd81cb60f 11 1424 3548 -edge_41_1_+disjointig_7_5601_9072 2059 3470 3471 -1 -1 1383 0.000261014
	Aln	79	+0f0bb8a1-60b5-488c-9f10-077fd81cb60f 1435 3543 3548 -edge_40_0_+disjointig_7_3135_5601 10 2106 2466 -1 -1 2020 0.0045713
Chain
	Aln	78	-0f0bb8a1-60b5-488c-9f10-077fd81cb60f 4 2112 3548 +edge_40_0_+disjointig_7_3135_5601 359 2455 2466 -1 -1 2020 0.0045713
	Aln	80	-0f0bb8a1-60b5-488c-9f10-077fd81cb60f 2123 3536 3548 +edge_41_1_+disjointig_7_5601_9072 0 1411 3471 -1 -1 1383 0.000261014
Chain
	Aln	93	+93d4268b-f06e-4229-bc38-d8fe9e4a7fe9 18 6105 6127 -edge_47_0_+disjointig_5_0_23748 17257 23349 23748 -1 -1 5806 0.00502343
Chain
	Aln	92	-93d4268b-f06e-4229-bc38-d8fe9e4a7fe9 21 6108 6127 +edge_47_0_+disjointig_5_0_23748 398 6490 23748 -1 -1 5806 0.00502343
Chain
	Aln	35	+3381f723-476d-4a76-97e0-829edaeeb25d 13 3081 3083 -edge_18_0_+disjointig_19_0_3081 12 3079 3081 -1 -1 3016 0.00156938
Chain
	Aln	34	-3381f723-476d-4a76-97e0-829edaeeb25d 1 3069 3083 +edge_18_0_+disjointig_19_0_3081 1 3068 3081 -1 -1 3016 0.00156938
Chain
	Aln	33	+d4a5986e-f7fe-4d2b-965d-a4f95a6c634e 7 2213 3490 -edge_17_0_+disjointig_18_0_5742 3536 5741 5742 -1 -1 2192 0.000692739
Chain
	Aln	32	-d4a5986e-f7fe-4d2b-965d-a4f95a6c634e 1276 3482 3490 +edge_17_0_+disjointig_18_0_5742 0 2205 5742 -1 -1 2192 0.000692739
Chain
	Aln	58	+67f0449a-6080-465f-9b87-daed1200145f 2 2698 2703 +edge_30_0_+disjointig_3_0_15828 13074 15772 15828 -1 -1 2665 0
Chain
	Aln	59	-67f0449a-6080-465f-9b87-daed1200145f 4 2700 2703 -edge_30_0_+disjointig_3_0_15828 55 2753 15828 -1 -1 2665 0
Chain
	Aln	49	+c6253bcb-8bce-4d67-9c42-4021613a1a2a 14 3901 3920 -edge_25_0_+disjointig_25_0_21534 10518 14445 21534 -1 -1 3404 0.0104133
Chain
	Aln	48	-c6253bcb-8bce-4d67-9c42-4021613a1a2a 18 3905 3920 +edge_25_0_+disjointig_25_0_21534 7088 11015 21534 -1 -1 3404 0.0104133
Chain
	Aln	39	+802dd013-d773-4163-ae59-89a82a7dcdc1 8 1209 1219 -edge_20_0_+disjointig_20_0_2774 613 1817 2774 -1 -1 1164 0.00246754
Chain
	Aln	38	-802dd013-d773-4163-ae59-89a82a7dcdc1 9 1210 1219 +edge_20_0_+disjointig_20_0_2774 956 2160 2774 -1 -1 1164 0.00246754
Chain
	Aln	30	+88d022fa-2a3e-4eb9-8cb8-29b54f67f20e 1106 6194 6198 +edge_16_0_+disjointig_17_0_5098 2 5095 5098 -1 -1 4963 0.00175588
Chain
	Aln	31	-88d022fa-2a3e-4eb9-8cb8-29b54f67f20e 3 5091 6198 -edge_16_0_+disjointig_17_0_5098 2 5095 5098 -1 -1 4963 0.00175588
Chain
	Aln	3	+a84860d7-30d5-494a-a358-4c7afb2c25d3 243 1907 2629 -edge_2_0_+disjointig_10_0_11335 8894 10570 11335 -1 -1 54 0.182106
Chain
	Aln	2	-a84860d7-30d5-494a-a358-4c7afb2c25d3 721 2385 2629 +edge_2_0_+disjointig_10_0_11335 764 2440 11335 -1 -1 54 0.182106
Chain
	Aln	0	+018168aa-df1c-4fa3-8d93-03c1fde652c9 3 3022 3856 +edge_1_0_+disjointig_1_0_8198 5164 8184 8198 -1 -1 2973 0.000752261
Chain
	Aln	1	-018168aa-df1c-4fa3-8d93-03c1fde652c9 833 3852 3856 -edge_1_0_+disjointig_1_0_8198 13 3033 8198 -1 -1 2973 0.000752261
Chain
	Aln	88	+0e96330f-c15f-4d36-bb5b-efeaf9c175ff 1413 4243 4985 +edge_45_0_+disjointig_9_0_2843 3 2836 2843 -1 -1 2785 0.00207034
Chain
	Aln	89	-0e96330f-c15f-4d36-bb5b-efeaf9c175ff 741 3571 4985 -edge_45_0_+disjointig_9_0_2843 6 2839 2843 -1 -1 2785 0.00207034
Chain
	Aln	22	+936abb63-e323-49ae-9911-142d55f883c3 7 1046 1051 +edge_12_1_+disjointig_15_18636_21895 684 1726 3259 -1 -1 1010 0.00125355
Chain
	Aln	23	-936abb63-e323-49ae-9911-142d55f883c3 4 1043 1051 -edge_12_1_+disjointig_15_18636_21895 1532 2574 3259 -1 -1 1010 0.00125355
Chain
	Aln	33	+cba2c026-1510-43b8-b6c2-114d89d2c6de 8 4707 4710 -edge_17_0_+disjointig_18_0_5742 1042 5739 5742 -1 -1 4679 0
Chain
	Aln	32	-cba2c026-1510-43b8-b6c2-114d89d2c6de 2 4701 4710 +edge_17_0_+disjointig_18_0_5742 2 4699 5742 -1 -1 4679 0
Chain
	Aln	48	+84eba1dc-371f-4b1a-ad9d-d81b2c9cc629 5 10494 10506 +edge_25_0_+disjointig_25_0_21534 11030 21523 21534 -1 -1 10175 0.00192335
Chain
	Aln	49	-84eba1dc-371f-4b1a-ad9d-d81b2c9cc629 11 10500 10506 -edge_25_0_+disjointig_25_0_21534 10 10503 21534 -1 -1 10175 0.00192335
Chain
	Aln	92	+6966336a-6464-45a3-b6be-828b1fd51529 11 4141 4146 +edge_47_0_+disjointig_5_0_23748 15914 20042 23748 -1 -1 4111 0.00015188
Chain
	Aln	93	-6966336a-6464-45a3-b6be-828b1fd51529 4 4134 4146 -edge_47_0_+disjointig_5_0_23748 3705 7833 23748 -1 -1 4111 0.00015188
Chain
	Aln	48	+fce317a0-cd33-447e-9c3d-0bfadf042063 2 3135 3138 +edge_25_0_+disjointig_25_0_21534 2882 6014 21534 -1 -1 3063 0.000848898
Chain
	Aln	49	-fce317a0-cd33-447e-9c3d-0bfadf042063 2 3135 3138 -edge_25_0_+disjointig_25_0_21534 15519 18651 21534 -1 -1 3063 0.000848898
Chain
	Aln	93	+980fa6e5-c13e-4b91-b9b7-80a9eb30b41a 12 6536 6541 -edge_47_0_+disjointig_5_0_23748 3666 10194 23748 -1 -1 6330 0.00325845
Chain
	Aln	92	-980fa6e5-c13e-4b91-b9b7-80a9eb30b41a 4 6528 6541 +edge_47_0_+disjointig_5_0_23748 13553 20081 23748 -1 -1 6330 0.00325845
Chain
	Aln	81	+c3311896-5b5b-4c40-8d20-01775716cc39 13 1848 2005 -edge_41_0_+disjointig_5_26928_30398 1283 3118 3470 -1 -1 1697 0.00836737
Chain
	Aln	80	-c3311896-5b5b-4c40-8d20-01775716cc39 156 1991 2005 +edge_41_0_+disjointig_5_26928_30398 351 2186 3470 -1 -1 1697 0.00836737
Chain
	Aln	93	+5c7d715d-27ce-406f-b45d-1b151bad4aca 12 5229 5237 -edge_47_0_+disjointig_5_0_23748 18160 23367 23748 -1 -1 5145 0.000945957
Chain
	Aln	92	-5c7d715d-27ce-406f-b45d-1b151bad4aca 7 5224 5237 +edge_47_0_+disjointig_5_0_23748 380 5587 23748 -1 -1 5145 0.000945957
Chain
	Aln	92	+686542c3-d7e8-4fad-8b03-6639d4c96c20 3 1496 1501 +edge_47_0_+disjointig_5_0_23748 7464 8964 23748 -1 -1 1474 0
Chain
	Aln	93	-686542c3-d7e8-4fad-8b03-6639d4c96c20 4 1497 1501 -edge_47_0_+disjointig_5_0_23748 14783 16283 23748 -1 -1 1474 0
Chain
	Aln	92	+7804e3b8-d909-41b2-a8d9-f200a244050c 22 8223 8229 +edge_47_0_+disjointig_5_0_23748 13714 21914 23748 -1 -1 8177 9.14536e-05
Chain
	Aln	93	-7804e3b8-d909-41b2-a8d9-f200a244050c 5 8206 8229 -edge_47_0_+disjointig_5_0_23748 1833 10033 23748 -1 -1 8177 9.14536e-05
Chain
	Aln	18	+22ec4375-3d51-4596-8cf9-dcc91b9bcd35 4 3259 3264 +edge_10_0_-disjointig_6_2907_12571 4493 7748 9664 -1 -1 3237 0
Chain
	Aln	19	-22ec4375-3d51-4596-8cf9-dcc91b9bcd35 4 3259 3264 -edge_10_0_-disjointig_6_2907_12571 1915 5170 9664 -1 -1 3237 0
Chain
	Aln	59	+4c15e3b4-241c-4b3a-a262-cac0c9a5e243 7 2259 2440 -edge_30_0_+disjointig_3_0_15828 13576 15827 15828 -1 -1 1780 0.0162166
Chain
	Aln	58	-4c15e3b4-241c-4b3a-a262-cac0c9a5e243 180 2432 2440 +edge_30_0_+disjointig_3_0_15828 0 2251 15828 -1 -1 1780 0.0162166
Chain
	Aln	11	+95afa09e-4879-41f5-937a-f05c6b0cd4e1 7 2284 2286 -edge_6_0_+disjointig_14_0_4158 1872 4156 4158 -1 -1 2254 0.00139126
Chain
	Aln	10	-95afa09e-4879-41f5-937a-f05c6b0cd4e1 1 2278 2286 +edge_6_0_+disjointig_14_0_4158 1 2285 4158 -1 -1 2254 0.00139126
Chain
	Aln	0	+f421d0db-75b0-4326-b703-d9311bf90ea1 3 1258 1263 +edge_1_0_+disjointig_1_0_8198 5390 6643 8198 -1 -1 1247 0.000507835
Chain
	Aln	1	-f421d0db-75b0-4326-b703-d9311bf90ea1 4 1259 1263 -edge_1_0_+disjointig_1_0_8198 1554 2807 8198 -1 -1 1247 0.000507835
Chain
	Aln	55	+1a7daeb9-a374-4a29-9e9c-cb4a5dd4aa34 17 2755 2757 -edge_28_0_+disjointig_28_0_2755 16 2753 2755 -1 -1 2697 0.00103628
Chain
	Aln	54	-1a7daeb9-a374-4a29-9e9c-cb4a5dd4aa34 1 2739 2757 +edge_28_0_+disjointig_28_0_2755 1 2738 2755 -1 -1 2697 0.00103628
Chain
	Aln	58	+c43269a9-e7e1-4c6d-a22d-c58bdb5cc8f5 59 2284 2286 +edge_30_0_+disjointig_3_0_15828 1387 3610 15828 -1 -1 1838 0.00758001
Chain
	Aln	59	-c43269a9-e7e1-4c6d-a22d-c58bdb5cc8f5 1 2226 2286 -edge_30_0_+disjointig_3_0_15828 12217 14440 15828 -1 -1 1838 0.00758001
Chain
	Aln	38	+4fca4134-e059-4a39-b729-dbb3b83aba19 6 1127 1148 +edge_20_0_+disjointig_20_0_2774 1595 2718 2774 -1 -1 1092 0.00190121
Chain
	Aln	39	-4fca4134-e059-4a39-b729-dbb3b83aba19 20 1141 1148 -edge_20_0_+disjointig_20_0_2774 55 1178 2774 -1 -1 1092 0.00190121
Chain
	Aln	81	+f090d5ac-c1b1-44ed-83f1-bd6709b6818a 9 1015 1023 -edge_41_0_+disjointig_5_26928_30398 645 1652 3470 -1 -1 985 0.00155086
Chain
	Aln	80	-f090d5ac-c1b1-44ed-83f1-bd6709b6818a 7 1013 1023 +edge_41_0_+disjointig_5_26928_30398 1817 2824 3470 -1 -1 985 0.00155086
Chain
	Aln	93	+3db63ba8-7574-4481-ad25-b5a6ff064b1f 14 3276 3281 -edge_47_0_+disjointig_5_0_23748 12611 15874 23748 -1 -1 3171 0.00228737
Chain
	Aln	92	-3db63ba8-7574-4481-ad25-b5a6ff064b1f 4 3266 3281 +edge_47_0_+disjointig_5_0_23748 7873 11136 23748 -1 -1 3171 0.00228737
Chain
	Aln	93	+da44e9a9-18f5-46c9-a2f0-8e0f23e73e9b 10 2393 2400 -edge_47_0_+disjointig_5_0_23748 11908 14291 23748 -1 -1 2345 0.00185365
Chain
	Aln	92	-da44e9a9-18f5-46c9-a2f0-8e0f23e73e9b 6 2389 2400 +edge_47_0_+disjointig_5_0_23748 9456 11839 23748 -1 -1 2345 0.00185365
Chain
	Aln	51	+ef951cfa-f46b-4a2a-878b-bca2f86aad66 3 2635 2637 -edge_26_0_+disjointig_26_0_2637 2 2635 2637 -1 -1 2624 0
Chain
	Aln	50	-ef951cfa-f46b-4a2a-878b-bca2f86aad66 1 2633 2637 +edge_26_0_+disjointig_26_0_2637 1 2634 2637 -1 -1 2624 0
Chain
	Aln	93	+5fee4f3b-54f2-4f4b-a0f9-f60ff0a14954 9 3272 3278 -edge_47_0_+disjointig_5_0_23748 11565 14826 23748 -1 -1 3232 0.00155663
Chain
	Aln	92	-5fee4f3b-54f2-4f4b-a0f9-f60ff0a14954 5 3268 3278 +edge_47_0_+disjointig_5_0_23748 8921 12182 23748 -1 -1 3232 0.00155663
Chain
	Aln	59	+7bc61e26-e9c6-41d9-8ac5-2583e93622f8 7 1498 1504 -edge_30_0_+disjointig_3_0_15828 885 2382 15828 -1 -1 1463 0.00113493
Chain
	Aln	58	-7bc61e26-e9c6-41d9-8ac5-2583e93622f8 5 1496 1504 +edge_30_0_+disjointig_3_0_15828 13445 14942 15828 -1 -1 1463 0.00113493
Chain
	Aln	92	+a32eaf11-31b4-4bbd-b743-fd09f5e9273e 3 1342 1345 +edge_47_0_+disjointig_5_0_23748 14232 15571 23748 -1 -1 1327 0.000225148
Chain
	Aln	93	-a32eaf11-31b4-4bbd-b743-fd09f5e9273e 2 1341 1345 -edge_47_0_+disjointig_5_0_23748 8176 9515 23748 -1 -1 1327 0.000225148
Chain
	Aln	57	+9b030184-dbc7-43e1-b2bd-d72aa78761f4 13 1168 1176 -edge_29_0_+disjointig_29_0_4994 3597 4752 4994 -1 -1 1155 0
Chain
	Aln	56	-9b030184-dbc7-43e1-b2bd-d72aa78761f4 7 1162 1176 +edge_29_0_+disjointig_29_0_4994 241 1396 4994 -1 -1 1155 0
Chain
	Aln	93	+52dd8356-c5ad-4af9-a146-3236e5d3d0c3 30 1216 1221 -edge_47_0_+disjointig_5_0_23748 14711 15910 23748 -1 -1 1113 0.00728917
Chain
	Aln	92	-52dd8356-c5ad-4af9-a146-3236e5d3d0c3 4 1190 1221 +edge_47_0_+disjointig_5_0_23748 7837 9036 23748 -1 -1 1113 0.00728917
Chain
	Aln	81	+e019d516-a579-4938-a9e7-e0e6069bc56c 15 1465 1503 -edge_41_0_+disjointig_5_26928_30398 789 2235 3470 -1 -1 1321 0.00717745
Chain
	Aln	80	-e019d516-a579-4938-a9e7-e0e6069bc56c 37 1487 1503 +edge_41_0_+disjointig_5_26928_30398 1234 2680 3470 -1 -1 1321 0.00717745
Chain
	Aln	92	+714a54e3-69a2-45cf-9204-27a62b230394 6 2595 2606 +edge_47_0_+disjointig_5_0_23748 2828 5420 23748 -1 -1 2539 0.00187127
Chain
	Aln	93	-714a54e3-69a2-45cf-9204-27a62b230394 10 2599 2606 -edge_47_0_+disjointig_5_0_23748 18327 20919 23748 -1 -1 2539 0.00187127
Chain
	Aln	93	+ee9d2fcc-8aed-4a04-8103-25a6fb91190f 24 1378 1391 -edge_47_0_+disjointig_5_0_23748 176 1535 23748 -1 -1 1290 0.00492661
Chain
	Aln	92	-ee9d2fcc-8aed-4a04-8103-25a6fb91190f 12 1366 1391 +edge_47_0_+disjointig_5_0_23748 22212 23571 23748 -1 -1 1290 0.00492661
Chain
	Aln	92	+e758d325-4356-4ab8-9106-c72be842c243 9 945 1913 +edge_47_0_+disjointig_5_0_23748 22798 23741 23748 -1 -1 844 0.013391
	Aln	78	+e758d325-4356-4ab8-9106-c72be842c243 964 1862 1913 +edge_40_0_+disjointig_7_3135_5601 11 909 2466 -1 -1 806 0.0127516
Chain
	Aln	79	-e758d325-4356-4ab8-9106-c72be842c243 50 948 1913 -edge_40_0_+disjointig_7_3135_5601 1556 2454 2466 -1 -1 806 0.0127516
	Aln	93	-e758d325-4356-4ab8-9106-c72be842c243 967 1903 1913 -edge_47_0_+disjointig_5_0_23748 6 949 23748 -1 -1 844 0.013391
Chain
	Aln	93	+6997f8b4-cb93-4ade-90d1-d2a9774b102c 5 1849 1851 -edge_47_0_+disjointig_5_0_23748 16308 18151 23748 -1 -1 1817 0.00108588
Chain
	Aln	92	-6997f8b4-cb93-4ade-90d1-d2a9774b102c 1 1845 1851 +edge_47_0_+disjointig_5_0_23748 5596 7439 23748 -1 -1 1817 0.00108588
Chain
	Aln	22	+76701809-4dcb-4358-bbe7-a77bf92184cd 9 1056 1062 +edge_12_1_+disjointig_15_18636_21895 683 1736 3259 -1 -1 936 0.00728415
Chain
	Aln	23	-76701809-4dcb-4358-bbe7-a77bf92184cd 5 1052 1062 -edge_12_1_+disjointig_15_18636_21895 1522 2575 3259 -1 -1 936 0.00728415
Chain
	Aln	58	+a3d41759-0ef3-4918-9dcf-3379cce00736 15 3091 3098 +edge_30_0_+disjointig_3_0_15828 9912 12917 15828 -1 -1 2878 0.00548218
Chain
	Aln	59	-a3d41759-0ef3-4918-9dcf-3379cce00736 6 3082 3098 -edge_30_0_+disjointig_3_0_15828 2910 5915 15828 -1 -1 2878 0.00548218
Chain
	Aln	93	+7b287d9d-b664-4fc0-a816-891b61951b41 5 1510 1527 -edge_47_0_+disjointig_5_0_23748 17743 19246 23748 -1 -1 1425 0.00759624
Chain
	Aln	92	-7b287d9d-b664-4fc0-a816-891b61951b41 16 1521 1527 +edge_47_0_+disjointig_5_0_23748 4501 6004 23748 -1 -1 1425 0.00759624
Chain
	Aln	92	+6fe8ea31-f448-45d3-9a34-a2ed13b8760f 25 2586 2591 +edge_47_0_+disjointig_5_0_23748 2252 4815 23748 -1 -1 2551 0.000297417
Chain
	Aln	93	-6fe8ea31-f448-45d3-9a34-a2ed13b8760f 4 2565 2591 -edge_47_0_+disjointig_5_0_23748 18932 21495 23748 -1 -1 2551 0.000297417
Chain
	Aln	59	+eeb4625f-f495-46b6-a572-842f7f4cd98d 98 1380 2435 -edge_30_0_+disjointig_3_0_15828 14540 15827 15828 -1 -1 1214 0.00754243
Chain
	Aln	58	-eeb4625f-f495-46b6-a572-842f7f4cd98d 1054 2336 2435 +edge_30_0_+disjointig_3_0_15828 0 1287 15828 -1 -1 1214 0.00754243
Chain
	Aln	92	+8f315098-f87a-4a85-8861-b1679e53de58 20 4992 4999 +edge_47_0_+disjointig_5_0_23748 1829 6807 23748 -1 -1 4825 0.00265554
Chain
	Aln	93	-8f315098-f87a-4a85-8861-b1679e53de58 6 4978 4999 -edge_47_0_+disjointig_5_0_23748 16940 21918 23748 -1 -1 4825 0.00265554
Chain
	Aln	45	+7fe30edf-f1d7-4aa3-86a4-b58bdea566f4 1079 5276 5278 -edge_23_0_+disjointig_23_0_4213 14 4211 4213 -1 -1 4193 0
Chain
	Aln	44	-7fe30edf-f1d7-4aa3-86a4-b58bdea566f4 1 4198 5278 +edge_23_0_+disjointig_23_0_4213 1 4198 4213 -1 -1 4193 0
Chain
	Aln	10	+a5cc94c8-2013-4540-b01a-35287b764279 2 3721 3726 +edge_6_0_+disjointig_14_0_4158 437 4154 4158 -1 -1 3704 0
Chain
	Aln	11	-a5cc94c8-2013-4540-b01a-35287b764279 4 3723 3726 -edge_6_0_+disjointig_14_0_4158 3 3720 4158 -1 -1 3704 0
Chain
	Aln	39	+adbe5fbb-8188-4c01-9298-aa41a64b5905 12 2770 2775 -edge_20_0_+disjointig_20_0_2774 11 2769 2774 -1 -1 2742 0.000251498
Chain
	Aln	38	-adbe5fbb-8188-4c01-9298-aa41a64b5905 4 2762 2775 +edge_20_0_+disjointig_20_0_2774 4 2762 2774 -1 -1 2742 0.000251498
Chain
	Aln	40	+940ab6ec-b76d-4d76-9563-fc721c9565ea 1347 7099 7119 +edge_21_0_+disjointig_21_0_5776 1 5754 5776 -1 -1 5732 0.00118583
Chain
	Aln	41	-940ab6ec-b76d-4d76-9563-fc721c9565ea 19 5771 7119 -edge_21_0_+disjointig_21_0_5776 21 5774 5776 -1 -1 5732 0.00118583
Chain
	Aln	58	+faf80abc-df09-42da-95c1-6fac58ff7a0c 22 1404 1408 +edge_30_0_+disjointig_3_0_15828 8123 9506 15828 -1 -1 1379 0.00066246
Chain
	Aln	59	-faf80abc-df09-42da-95c1-6fac58ff7a0c 3 1385 1408 -edge_30_0_+disjointig_3_0_15828 6321 7704 15828 -1 -1 1379 0.00066246
Chain
	Aln	92	+8de3d1b0-5bf8-4452-9b95-a5f7e87bd757 18 2922 2924 +edge_47_0_+disjointig_5_0_23748 4986 7896 23748 -1 -1 2778 0.00316761
Chain
	Aln	93	-8de3d1b0-5bf8-4452-9b95-a5f7e87bd757 1 2905 2924 -edge_47_0_+disjointig_5_0_23748 15851 18761 23748 -1 -1 2778 0.00316761
Chain
	Aln	6	+2bc5cef8-862a-4f67-a4ae-9f944da383a2 24 1556 1562 +edge_4_0_+disjointig_12_0_2299 1 1532 2299 -1 -1 1506 7.5138e-05
Chain
	Aln	7	-2bc5cef8-862a-4f67-a4ae-9f944da383a2 5 1537 1562 -edge_4_0_+disjointig_12_0_2299 766 2297 2299 -1 -1 1506 7.5138e-05
Chain
	Aln	92	+680c7cd4-fb86-4ef9-8bd8-0c624bd0c572 8 2050 2054 +edge_47_0_+disjointig_5_0_23748 12921 14963 23748 -1 -1 2018 0.00236304
Chain
	Aln	93	-680c7cd4-fb86-4ef9-8bd8-0c624bd0c572 3 2045 2054 -edge_47_0_+disjointig_5_0_23748 8784 10826 23748 -1 -1 2018 0.00236304
Chain
	Aln	23	+bfb3167c-8345-408e-b4c3-50e9f34dcc0e 69 3214 4204 -edge_12_2_+disjointig_15_27117_30377 102 3249 3260 -1 -1 3099 0.0016474
	Aln	15	+bfb3167c-8345-408e-b4c3-50e9f34dcc0e 3234 4200 4204 -edge_8_0_+disjointig_15_2809_5423 10 978 2614 -1 -1 954 0.00197989
Chain
	Aln	14	-bfb3167c-8345-408e-b4c3-50e9f34dcc0e 3 969 4204 +edge_8_0_+disjointig_15_2809_5423 1635 2603 2614 -1 -1 954 0.00197989
	Aln	22	-bfb3167c-8345-408e-b4c3-50e9f34dcc0e 989 4134 4204 +edge_12_2_+disjointig_15_27117_30377 10 3157 3260 -1 -1 3099 0.0016474
Chain
	Aln	46	+079b6be0-a0f5-47ee-b2c6-fa452e7fddf0 9 2095 2105 +edge_24_0_+disjointig_24_0_7771 944 3030 7771 -1 -1 2071 0.000348257
Chain
	Aln	47	-079b6be0-a0f5-47ee-b2c6-fa452e7fddf0 9 2095 2105 -edge_24_0_+disjointig_24_0_7771 4740 6826 7771 -1 -1 2071 0.000348257
Chain
	Aln	7	+e40f703e-c65c-4125-9f84-ca1cc0d2cf1e 7 2306 2308 -edge_4_0_+disjointig_12_0_2299 6 2297 2299 -1 -1 2174 0.00575033
Chain
	Aln	6	-e40f703e-c65c-4125-9f84-ca1cc0d2cf1e 1 2300 2308 +edge_4_0_+disjointig_12_0_2299 1 2292 2299 -1 -1 2174 0.00575033
Chain
	Aln	48	+6b6db558-160a-43f1-97ca-da07c438c914 10 1509 1511 +edge_25_0_+disjointig_25_0_21534 5372 6868 21534 -1 -1 1474 0.00189089
Chain
	Aln	49	-6b6db558-160a-43f1-97ca-da07c438c914 1 1500 1511 -edge_25_0_+disjointig_25_0_21534 14665 16161 21534 -1 -1 1474 0.00189089
Chain
	Aln	18	+3c61e374-c900-4e9c-bf07-b6d385576691 17 1029 1035 +edge_10_0_-disjointig_6_2907_12571 5701 6713 9664 -1 -1 1012 0
Chain
	Aln	19	-3c61e374-c900-4e9c-bf07-b6d385576691 5 1017 1035 -edge_10_0_-disjointig_6_2907_12571 2950 3962 9664 -1 -1 1012 0
Chain
	Aln	59	+2814f8ce-57d3-43e5-86ac-5d07c8132b03 4 2023 2028 -edge_30_0_+disjointig_3_0_15828 11819 13840 15828 -1 -1 1999 0
Chain
	Aln	58	-2814f8ce-57d3-43e5-86ac-5d07c8132b03 4 2023 2028 +edge_30_0_+disjointig_3_0_15828 1987 4008 15828 -1 -1 1999 0
Chain
	Aln	63	+f9538abb-3a1f-4daa-aed2-e8d0f3a3296c 570 3155 3600 -edge_32_0_+disjointig_31_0_2601 18 2600 2601 -1 -1 2550 0.000800184
Chain
	Aln	62	-f9538abb-3a1f-4daa-aed2-e8d0f3a3296c 444 3029 3600 +edge_32_0_+disjointig_31_0_2601 0 2582 2601 -1 -1 2550 0.000800184
Chain
	Aln	53	+164c12a6-1160-4a03-a4d5-8f622668cffb 17 3527 3530 -edge_27_0_+disjointig_27_0_3531 16 3528 3531 -1 -1 3483 0.000342018
Chain
	Aln	52	-164c12a6-1160-4a03-a4d5-8f622668cffb 2 3512 3530 +edge_27_0_+disjointig_27_0_3531 2 3514 3531 -1 -1 3483 0.000342018
Chain
	Aln	92	+58c0c2b0-e69a-4172-981f-d23da0f8dfd0 17 2581 3049 +edge_47_0_+disjointig_5_0_23748 21170 23741 23748 -1 -1 2405 0.00718335
Chain
	Aln	93	-58c0c2b0-e69a-4172-981f-d23da0f8dfd0 467 3031 3049 -edge_47_0_+disjointig_5_0_23748 6 2577 23748 -1 -1 2405 0.00718335
Chain
	Aln	37	+462d6fad-2aa2-46ac-839d-cbe04fa2c3db 14 3911 3913 -edge_19_0_+disjointig_2_0_9741 5845 9739 9741 -1 -1 3808 0.00297813
Chain
	Aln	36	-462d6fad-2aa2-46ac-839d-cbe04fa2c3db 1 3898 3913 +edge_19_0_+disjointig_2_0_9741 1 3895 9741 -1 -1 3808 0.00297813
Chain
	Aln	47	+da2e899b-0010-4fde-be5d-ea7211df9fe3 20 1081 1086 -edge_24_0_+disjointig_24_0_7771 3644 4706 7771 -1 -1 1052 0
Chain
	Aln	46	-da2e899b-0010-4fde-be5d-ea7211df9fe3 4 1065 1086 +edge_24_0_+disjointig_24_0_7771 3064 4126 7771 -1 -1 1052 0
Chain
	Aln	70	+a1761b24-f34a-439d-9bbc-9281006e1653 6 4153 4525 +edge_36_0_+disjointig_4_0_14889 10734 14884 14889 -1 -1 4009 0.00483846
Chain
	Aln	71	-a1761b24-f34a-439d-9bbc-9281006e1653 371 4518 4525 -edge_36_0_+disjointig_4_0_14889 4 4154 14889 -1 -1 4009 0.00483846
Chain
	Aln	92	+a20d7969-06b3-48fe-bc9d-85cff1d1ad20 7 1320 1336 +edge_47_0_+disjointig_5_0_23748 2966 4280 23748 -1 -1 1303 0
Chain
	Aln	93	-a20d7969-06b3-48fe-bc9d-85cff1d1ad20 15 1328 1336 -edge_47_0_+disjointig_5_0_23748 19467 20781 23748 -1 -1 1303 0
Chain
	Aln	35	+3f25b3c4-4d26-4c8b-af02-86204e2cbe39 3 1299 1307 -edge_18_0_+disjointig_19_0_3081 1584 2879 3081 -1 -1 1287 0.000830123
Chain
	Aln	34	-3f25b3c4-4d26-4c8b-af02-86204e2cbe39 7 1303 1307 +edge_18_0_+disjointig_19_0_3081 201 1496 3081 -1 -1 1287 0.000830123
Chain
	Aln	9	+43ae1339-0cae-40f4-9385-60f3c4c4a739 10 2785 2789 -edge_5_0_+disjointig_13_0_4550 1771 4546 4550 -1 -1 2742 0.000253921
Chain
	Aln	8	-43ae1339-0cae-40f4-9385-60f3c4c4a739 3 2778 2789 +edge_5_0_+disjointig_13_0_4550 3 2778 4550 -1 -1 2742 0.000253921
Chain
	Aln	1	+1a3fdd2c-8f46-4f83-b3dd-4cf83afde71f 1412 4274 4282 -edge_1_0_+disjointig_1_0_8198 22 2883 8198 -1 -1 2810 0.00100563
Chain
	Aln	0	-1a3fdd2c-8f46-4f83-b3dd-4cf83afde71f 7 2869 4282 +edge_1_0_+disjointig_1_0_8198 5314 8175 8198 -1 -1 2810 0.00100563
Chain
	Aln	60	+42f34dff-a59b-4097-b7d4-415bc4e355cb 6 3321 3526 +edge_31_0_+disjointig_30_0_4073 751 4066 4073 -1 -1 3301 0
Chain
	Aln	61	-42f34dff-a59b-4097-b7d4-415bc4e355cb 204 3519 3526 -edge_31_0_+disjointig_30_0_4073 6 3321 4073 -1 -1 3301 0
Chain
	Aln	5	+b38253ec-3298-49ae-a07a-f7afbc6dbab1 22 3263 3265 -edge_3_0_+disjointig_11_0_3263 22 3261 3263 -1 -1 3148 0.00262935
Chain
	Aln	4	-b38253ec-3298-49ae-a07a-f7afbc6dbab1 1 3242 3265 +edge_3_0_+disjointig_11_0_3263 1 3240 3263 -1 -1 3148 0.00262935
Chain
	Aln	28	+bf69ae66-54c9-4cba-b694-953c1372cd05 374 2845 3868 +edge_15_0_+disjointig_16_0_2497 2 2490 2497 -1 -1 1916 0.0244401
Chain
	Aln	29	-bf69ae66-54c9-4cba-b694-953c1372cd05 1022 3493 3868 -edge_15_0_+disjointig_16_0_2497 6 2494 2497 -1 -1 1916 0.0244401
Chain
	Aln	14	+4891498e-593b-4d34-a164-66b40528eb7a 3 895 3879 +edge_8_2_+disjointig_15_25425_27117 793 1685 1692 -1 -1 892 5.77531e-05
	Aln	22	+4891498e-593b-4d34-a164-66b40528eb7a 903 3872 3879 +edge_12_2_+disjointig_15_27117_30377 1 2974 3260 -1 -1 2911 0.00242933
Chain
	Aln	23	-4891498e-593b-4d34-a164-66b40528eb7a 6 2975 3879 -edge_12_2_+disjointig_15_27117_30377 285 3258 3260 -1 -1 2911 0.00242933
	Aln	15	-4891498e-593b-4d34-a164-66b40528eb7a 2983 3875 3879 -edge_8_2_+disjointig_15_25425_27117 6 898 1692 -1 -1 892 5.77531e-05
Chain
	Aln	33	+c74a3fb5-1df5-4547-8db0-8ac7ca186d29 14 2246 2250 -edge_17_0_+disjointig_18_0_5742 13 2243 5742 -1 -1 2166 0
Chain
	Aln	32	-c74a3fb5-1df5-4547-8db0-8ac7ca186d29 3 2235 2250 +edge_17_0_+disjointig_18_0_5742 3498 5728 5742 -1 -1 2166 0
Chain
	Aln	3	+59ae9b8d-4db9-4f4f-8d68-6f81a8cc6db3 4 5811 6168 -edge_2_0_+disjointig_10_0_11335 5171 10978 11335 -1 -1 3478 0.0156913
Chain
	Aln	2	-59ae9b8d-4db9-4f4f-8d68-6f81a8cc6db3 356 6163 6168 +edge_2_0_+disjointig_10_0_11335 356 6163 11335 -1 -1 3478 0.0156913
Chain
	Aln	59	+6548f807-c705-4803-a76e-3bef0a7989ea 6 2715 2717 -edge_30_0_+disjointig_3_0_15828 10979 13689 15828 -1 -1 2697 0
Chain
	Aln	58	-6548f807-c705-4803-a76e-3bef0a7989ea 1 2710 2717 +edge_30_0_+disjointig_3_0_15828 2138 4848 15828 -1 -1 2697 0
Chain
	Aln	47	+4ff8632d-6a8c-4d69-9509-2a9c9290b8ec 1 1088 1332 -edge_24_0_+disjointig_24_0_7771 6684 7770 7771 -1 -1 1057 0.00214636
Chain
	Aln	46	-4ff8632d-6a8c-4d69-9509-2a9c9290b8ec 243 1330 1332 +edge_24_0_+disjointig_24_0_7771 0 1086 7771 -1 -1 1057 0.00214636
Chain
	Aln	67	+b1535522-8db9-4b28-905e-49144b74f9ba 6 4835 4842 -edge_34_0_+disjointig_33_0_10358 1734 6572 10358 -1 -1 4696 0.00252188
Chain
	Aln	66	-b1535522-8db9-4b28-905e-49144b74f9ba 6 4835 4842 +edge_34_0_+disjointig_33_0_10358 3785 8623 10358 -1 -1 4696 0.00252188
Chain
	Aln	93	+4fa3c0c4-93bd-44e5-b956-94b882920d92 10 1081 1204 -edge_47_0_+disjointig_5_0_23748 3452 4521 23748 -1 -1 1038 0.00384601
Chain
	Aln	92	-4fa3c0c4-93bd-44e5-b956-94b882920d92 122 1193 1204 +edge_47_0_+disjointig_5_0_23748 19226 20295 23748 -1 -1 1038 0.00384601
Chain
	Aln	36	+cc315429-54ee-4ea2-8898-5e86ae0292e8 27 2112 2115 +edge_19_0_+disjointig_2_0_9741 3682 5767 9741 -1 -1 2021 0.00160586
Chain
	Aln	37	-cc315429-54ee-4ea2-8898-5e86ae0292e8 2 2087 2115 -edge_19_0_+disjointig_2_0_9741 3973 6058 9741 -1 -1 2021 0.00160586
Chain
	Aln	0	+a48e6876-cc9a-449b-b900-07ef35b4835e 3 2147 2167 +edge_1_0_+disjointig_1_0_8198 23 2168 8198 -1 -1 2129 0
Chain
	Aln	1	-a48e6876-cc9a-449b-b900-07ef35b4835e 19 2163 2167 -edge_1_0_+disjointig_1_0_8198 6029 8174 8198 -1 -1 2129 0
Chain
	Aln	92	+dab3f094-a5d8-43e1-b105-47fb27ce080a 27 1377 1386 +edge_47_0_+disjointig_5_0_23748 2140 3494 23748 -1 -1 1340 0.000880449
Chain
	Aln	93	-dab3f094-a5d8-43e1-b105-47fb27ce080a 8 1358 1386 -edge_47_0_+disjointig_5_0_23748 20253 21607 23748 -1 -1 1340 0.000880449
Chain
	Aln	92	+79793a86-4010-4abd-bf6c-c855c9bd64d0 33 3855 3858 +edge_47_0_+disjointig_5_0_23748 4759 8581 23748 -1 -1 3800 0
Chain
	Aln	93	-79793a86-4010-4abd-bf6c-c855c9bd64d0 2 3824 3858 -edge_47_0_+disjointig_5_0_23748 15166 18988 23748 -1 -1 3800 0
Chain
	Aln	93	+58c17c3a-0087-40eb-8d14-9822743b5a7b 6 1133 1137 -edge_47_0_+disjointig_5_0_23748 1495 2628 23748 -1 -1 1081 0.00617867
Chain
	Aln	92	-58c17c3a-0087-40eb-8d14-9822743b5a7b 3 1130 1137 +edge_47_0_+disjointig_5_0_23748 21119 22252 23748 -1 -1 1081 0.00617867
Chain
	Aln	50	+b61e6852-1264-4039-b4fe-03238a876fd9 4 1792 1795 +edge_26_0_+disjointig_26_0_2637 284 2072 2637 -1 -1 1784 0
Chain
	Aln	51	-b61e6852-1264-4039-b4fe-03238a876fd9 2 1790 1795 -edge_26_0_+disjointig_26_0_2637 564 2352 2637 -1 -1 1784 0
Chain
	Aln	23	+69eb2ab4-de14-4aea-923d-e91b18295603 293 1956 1963 -edge_12_1_+disjointig_15_18636_21895 117 1773 3259 -1 -1 1574 0.00732081
Chain
	Aln	22	-69eb2ab4-de14-4aea-923d-e91b18295603 6 1669 1963 +edge_12_1_+disjointig_15_18636_21895 1485 3141 3259 -1 -1 1574 0.00732081
Chain
	Aln	92	+3bedd082-d98a-4c73-8aa9-d14985363e7c 11 2307 2311 +edge_47_0_+disjointig_5_0_23748 11078 13368 23748 -1 -1 2184 0.00599062
Chain
	Aln	93	-3bedd082-d98a-4c73-8aa9-d14985363e7c 3 2299 2311 -edge_47_0_+disjointig_5_0_23748 10379 12669 23748 -1 -1 2184 0.00599062
Chain
	Aln	71	+cbb09ce3-e240-430d-9f6d-1bf6d2cb722f 26 4012 4014 -edge_36_0_+disjointig_4_0_14889 7123 11114 14889 -1 -1 3959 0.000173649
Chain
	Aln	70	-cbb09ce3-e240-430d-9f6d-1bf6d2cb722f 1 3987 4014 +edge_36_0_+disjointig_4_0_14889 3774 7765 14889 -1 -1 3959 0.000173649
Chain
	Aln	79	+2dc781f0-dcc8-4b05-a160-a356019fe85d 14 711 1405 -edge_40_0_+disjointig_7_3135_5601 1765 2465 2466 -1 -1 682 0.00485694
	Aln	93	+2dc781f0-dcc8-4b05-a160-a356019fe85d 719 1403 1405 -edge_47_0_+disjointig_5_0_23748 7 698 23748 -1 -1 660 0.0083371
Chain
	Aln	92	-2dc781f0-dcc8-4b05-a160-a356019fe85d 1 685 1405 +edge_47_0_+disjointig_5_0_23748 23049 23740 23748 -1 -1 660 0.0083371
	Aln	78	-2dc781f0-dcc8-4b05-a160-a356019fe85d 693 1390 1405 +edge_40_0_+disjointig_7_3135_5601 0 700 2466 -1 -1 682 0.00485694
Chain
	Aln	48	+2f43b893-c404-49c3-8140-a18a617b6127 515 15841 15876 +edge_25_0_+disjointig_25_0_21534 4 15418 21534 -1 -1 14621 0.00254073
Chain
	Aln	49	-2f43b893-c404-49c3-8140-a18a617b6127 34 15360 15876 -edge_25_0_+disjointig_25_0_21534 6115 21529 21534 -1 -1 14621 0.00254073
Chain
	Aln	92	+ec2f9031-39ea-4b94-85a1-28408b5270e1 5 2099 2797 +edge_47_0_+disjointig_5_0_23748 21638 23741 23748 -1 -1 2020 0.00342606
	Aln	78	+ec2f9031-39ea-4b94-85a1-28408b5270e1 2107 2783 2797 +edge_40_0_+disjointig_7_3135_5601 1 678 2466 -1 -1 674 0.00289171
Chain
	Aln	79	-ec2f9031-39ea-4b94-85a1-28408b5270e1 13 689 2797 -edge_40_0_+disjointig_7_3135_5601 1787 2464 2466 -1 -1 674 0.00289171
	Aln	93	-ec2f9031-39ea-4b94-85a1-28408b5270e1 697 2791 2797 -edge_47_0_+disjointig_5_0_23748 6 2109 23748 -1 -1 2020 0.00342606
Chain
	Aln	8	+a3533d6c-7ee3-4c80-b3de-a1b5ebada9fb 5 4103 4108 +edge_5_0_+disjointig_13_0_4550 455 4546 4550 -1 -1 4011 0.00383854
Chain
	Aln	9	-a3533d6c-7ee3-4c80-b3de-a1b5ebada9fb 4 4102 4108 -edge_5_0_+disjointig_13_0_4550 3 4094 4550 -1 -1 4011 0.00383854
Chain
	Aln	46	+c439cce4-c33d-4db8-9487-c1dce48158b1 14 2969 2973 +edge_24_0_+disjointig_24_0_7771 2860 5813 7771 -1 -1 2933 0.000139562
Chain
	Aln	47	-c439cce4-c33d-4db8-9487-c1dce48158b1 3 2958 2973 -edge_24_0_+disjointig_24_0_7771 1957 4910 7771 -1 -1 2933 0.000139562
Chain
	Aln	22	+b38b6b30-32d6-45f5-9bd4-2b18d40609ba 32 1045 1049 +edge_12_0_+disjointig_15_5423_8582 1991 3012 3159 -1 -1 906 0.0118242
Chain
	Aln	23	-b38b6b30-32d6-45f5-9bd4-2b18d40609ba 3 1016 1049 -edge_12_0_+disjointig_15_5423_8582 146 1167 3159 -1 -1 906 0.0118242
Chain
	Aln	93	+8c1ff6bc-984e-4216-85bd-584abe77e0ad 10 3096 3118 -edge_47_0_+disjointig_5_0_23748 10307 13395 23748 -1 -1 2970 0.00374446
Chain
	Aln	92	-8c1ff6bc-984e-4216-85bd-584abe77e0ad 21 3107 3118 +edge_47_0_+disjointig_5_0_23748 10352 13440 23748 -1 -1 2970 0.00374446
Chain
	Aln	93	+2107bc1a-21b1-4a0d-930b-858490e6a259 5 1066 1071 -edge_47_0_+disjointig_5_0_23748 22468 23527 23748 -1 -1 980 0.00632874
Chain
	Aln	92	-2107bc1a-21b1-4a0d-930b-858490e6a259 4 1065 1071 +edge_47_0_+disjointig_5_0_23748 220 1279 23748 -1 -1 980 0.00632874
Chain
	Aln	59	+7b8dafda-e78b-430e-81b9-df6a3b65c63a 35 2240 2243 -edge_30_0_+disjointig_3_0_15828 12655 14860 15828 -1 -1 1646 0.0169369
Chain
	Aln	58	-7b8dafda-e78b-430e-81b9-df6a3b65c63a 2 2207 2243 +edge_30_0_+disjointig_3_0_15828 967 3172 15828 -1 -1 1646 0.0169369
Chain
	Aln	79	+32046e8d-236d-4ba4-9e8f-aada95871623 174 2622 3081 -edge_40_0_+disjointig_7_3135_5601 10 2465 2466 -1 -1 2301 0.00668202
Chain
	Aln	78	-32046e8d-236d-4ba4-9e8f-aada95871623 458 2906 3081 +edge_40_0_+disjointig_7_3135_5601 0 2455 2466 -1 -1 2301 0.00668202
Chain
	Aln	92	+9c8637c3-9b35-4f49-80cd-fbd7bf1892a7 8 1970 1972 +edge_47_0_+disjointig_5_0_23748 20592 22553 23748 -1 -1 1907 0.002941
Chain
	Aln	93	-9c8637c3-9b35-4f49-80cd-fbd7bf1892a7 1 1963 1972 -edge_47_0_+disjointig_5_0_23748 1194 3155 23748 -1 -1 1907 0.002941
Chain
	Aln	59	+9075c1ad-1b5e-4c12-b5f8-f9ebf34e83a2 16 4501 8383 -edge_30_0_+disjointig_3_0_15828 15 4500 15828 -1 -1 4464 0
Chain
	Aln	59	+9075c1ad-1b5e-4c12-b5f8-f9ebf34e83a2 4490 8375 8383 -edge_30_0_+disjointig_3_0_15828 6088 9973 15828 -1 -1 3871 0
Chain
	Aln	58	-9075c1ad-1b5e-4c12-b5f8-f9ebf34e83a2 3881 8366 8383 +edge_30_0_+disjointig_3_0_15828 11327 15812 15828 -1 -1 4464 0
Chain
	Aln	58	-9075c1ad-1b5e-4c12-b5f8-f9ebf34e83a2 7 3892 8383 +edge_30_0_+disjointig_3_0_15828 5854 9739 15828 -1 -1 3871 0
Chain
	Aln	93	+07075c99-3852-4e6a-a667-a3749fd0dca1 8 3052 3054 -edge_47_0_+disjointig_5_0_23748 87 3140 23748 -1 -1 2967 0.00341627
Chain
	Aln	92	-07075c99-3852-4e6a-a667-a3749fd0dca1 1 3045 3054 +edge_47_0_+disjointig_5_0_23748 20607 23660 23748 -1 -1 2967 0.00341627
Chain
	Aln	15	+e1389583-7e20-47ba-a713-d71306d62c05 3 1310 3805 -edge_8_0_+disjointig_15_2809_5423 529 1833 2614 -1 -1 1258 0.00423601
Chain
	Aln	14	-e1389583-7e20-47ba-a713-d71306d62c05 2494 3801 3805 +edge_8_0_+disjointig_15_2809_5423 780 2084 2614 -1 -1 1258 0.00423601
Chain
	Aln	87	+de0273e7-2c31-4f14-9f68-d575f1e12a96 923 6105 6109 -edge_44_0_+disjointig_8_0_5202 16 5198 5202 -1 -1 5164 0
Chain
	Aln	86	-de0273e7-2c31-4f14-9f68-d575f1e12a96 3 5185 6109 +edge_44_0_+disjointig_8_0_5202 3 5185 5202 -1 -1 5164 0
Chain
	Aln	0	+69e2c2ef-e9fe-462c-b66c-5edd1dec2ae5 89 1105 1111 +edge_1_0_+disjointig_1_0_8198 4 1020 8198 -1 -1 1016 0
Chain
	Aln	1	-69e2c2ef-e9fe-462c-b66c-5edd1dec2ae5 5 1021 1111 -edge_1_0_+disjointig_1_0_8198 7177 8193 8198 -1 -1 1016 0
Chain
	Aln	93	+8ab1d85d-e455-4be2-935b-16c9a18a0c74 24 1083 1088 -edge_47_0_+disjointig_5_0_23748 1918 2977 23748 -1 -1 1048 0.0022055
Chain
	Aln	92	-8ab1d85d-e455-4be2-935b-16c9a18a0c74 4 1063 1088 +edge_47_0_+disjointig_5_0_23748 20770 21829 23748 -1 -1 1048 0.0022055
Chain
	Aln	87	+08d13577-e861-4c7b-8e2b-b4d66a68a271 17 2256 2260 -edge_44_0_+disjointig_8_0_5202 16 2255 5202 -1 -1 2224 0.00126452
Chain
	Aln	86	-08d13577-e861-4c7b-8e2b-b4d66a68a271 3 2242 2260 +edge_44_0_+disjointig_8_0_5202 2946 5185 5202 -1 -1 2224 0.00126452
Chain
	Aln	79	+62507d87-edb4-4b85-906b-bbd8fd72910a 27 891 2274 -edge_40_0_+disjointig_7_3135_5601 1598 2465 2466 -1 -1 846 0.00421444
	Aln	93	+62507d87-edb4-4b85-906b-bbd8fd72910a 899 2256 2274 -edge_47_0_+disjointig_5_0_23748 7 1378 23748 -1 -1 1269 0.00841937
Chain
	Aln	92	-62507d87-edb4-4b85-906b-bbd8fd72910a 17 1374 2274 +edge_47_0_+disjointig_5_0_23748 22369 23740 23748 -1 -1 1269 0.00841937
	Aln	78	-62507d87-edb4-4b85-906b-bbd8fd72910a 1382 2246 2274 +edge_40_0_+disjointig_7_3135_5601 0 867 2466 -1 -1 846 0.00421444
Chain
	Aln	92	+b990ce61-89d4-48f4-90d8-5629a69a71b3 10 3602 3674 +edge_47_0_+disjointig_5_0_23748 12781 16372 23748 -1 -1 3569 0.00100967
Chain
	Aln	93	-b990ce61-89d4-48f4-90d8-5629a69a71b3 71 3663 3674 -edge_47_0_+disjointig_5_0_23748 7375 10966 23748 -1 -1 3569 0.00100967
Chain
	Aln	57	+0dedb143-a401-44f5-8468-2a543cc4c485 10 2434 2439 -edge_29_0_+disjointig_29_0_4994 9 2422 4994 -1 -1 2293 0.00430248
Chain
	Aln	56	-0dedb143-a401-44f5-8468-2a543cc4c485 4 2428 2439 +edge_29_0_+disjointig_29_0_4994 2571 4984 4994 -1 -1 2293 0.00430248
Chain
	Aln	59	+f01a28a9-a03d-4385-990b-9d46593d65e2 7 5112 5116 -edge_30_0_+disjointig_3_0_15828 8210 13319 15828 -1 -1 4997 0
Chain
	Aln	58	-f01a28a9-a03d-4385-990b-9d46593d65e2 3 5108 5116 +edge_30_0_+disjointig_3_0_15828 2508 7617 15828 -1 -1 4997 0
Chain
	Aln	31	+4a400b08-980a-42e0-9918-61f19bb4b505 6 2204 2207 -edge_16_0_+disjointig_17_0_5098 2896 5095 5098 -1 -1 2109 0.00489999
Chain
	Aln	30	-4a400b08-980a-42e0-9918-61f19bb4b505 2 2200 2207 +edge_16_0_+disjointig_17_0_5098 2 2201 5098 -1 -1 2109 0.00489999
Chain
	Aln	69	+f6d45a5b-d804-41f7-94ac-2fc3c7e5abd6 7 4029 4045 -edge_35_0_+disjointig_34_0_6772 2719 6756 6772 -1 -1 3735 0.00640455
Chain
	Aln	68	-f6d45a5b-d804-41f7-94ac-2fc3c7e5abd6 15 4037 4045 +edge_35_0_+disjointig_34_0_6772 15 4052 6772 -1 -1 3735 0.00640455
Chain
	Aln	36	+7973da0a-f66e-41da-8013-dbfa7dcba483 5918 15594 15640 +edge_19_0_+disjointig_2_0_9741 19 9698 9741 -1 -1 8854 0.0083675
Chain
	Aln	37	-7973da0a-f66e-41da-8013-dbfa7dcba483 45 9721 15640 -edge_19_0_+disjointig_2_0_9741 42 9721 9741 -1 -1 8854 0.0083675
Chain
	Aln	14	+5ddcf3ab-9a6f-425b-adc7-6d620a82f9aa 7 1099 1107 +edge_8_3_+disjointig_6_9664_11340 121 1214 1676 -1 -1 1069 0.00278557
Chain
	Aln	15	-5ddcf3ab-9a6f-425b-adc7-6d620a82f9aa 7 1099 1107 -edge_8_3_+disjointig_6_9664_11340 461 1554 1676 -1 -1 1069 0.00278557
Chain
	Aln	18	+d76093a7-db48-48d9-bdab-38154d903af7 54 1196 1198 +edge_10_0_-disjointig_6_2907_12571 33 1173 9664 -1 -1 1082 0.0022848
Chain
	Aln	19	-d76093a7-db48-48d9-bdab-38154d903af7 1 1143 1198 -edge_10_0_-disjointig_6_2907_12571 8490 9630 9664 -1 -1 1082 0.0022848
Chain
	Aln	59	+303b5248-5134-47f5-bf87-f2114f47b1d4 10 1771 1775 -edge_30_0_+disjointig_3_0_15828 4570 6267 15828 -1 -1 1588 0.00784034
Chain
	Aln	58	-303b5248-5134-47f5-bf87-f2114f47b1d4 3 1764 1775 +edge_30_0_+disjointig_3_0_15828 9560 11257 15828 -1 -1 1588 0.00784034
Chain
	Aln	69	+35c720aa-f812-41d7-9300-be4533ece49e 14 6756 6882 -edge_35_0_+disjointig_34_0_6772 13 6765 6772 -1 -1 6486 0.00202331
Chain
	Aln	68	-35c720aa-f812-41d7-9300-be4533ece49e 125 6867 6882 +edge_35_0_+disjointig_34_0_6772 6 6758 6772 -1 -1 6486 0.00202331
Chain
	Aln	92	+a93079fa-fdfe-4100-821e-8a55c2098612 16 2957 2959 +edge_47_0_+disjointig_5_0_23748 20618 23592 23748 -1 -1 2713 0.00814811
Chain
	Aln	93	-a93079fa-fdfe-4100-821e-8a55c2098612 1 2942 2959 -edge_47_0_+disjointig_5_0_23748 155 3129 23748 -1 -1 2713 0.00814811
Chain
	Aln	92	+68ab4610-1f23-47da-b07b-0bb9c8217486 13 4153 4155 +edge_47_0_+disjointig_5_0_23748 12162 16304 23748 -1 -1 4108 0.000804715
Chain
	Aln	93	-68ab4610-1f23-47da-b07b-0bb9c8217486 1 4141 4155 -edge_47_0_+disjointig_5_0_23748 7443 11585 23748 -1 -1 4108 0.000804715
Chain
	Aln	59	+3b71273f-cf2f-432f-992d-c20b1a1e74d8 479 2953 2956 -edge_30_0_+disjointig_3_0_15828 15 2489 15828 -1 -1 2377 0.00264741
Chain
	Aln	58	-3b71273f-cf2f-432f-992d-c20b1a1e74d8 2 2476 2956 +edge_30_0_+disjointig_3_0_15828 13338 15812 15828 -1 -1 2377 0.00264741
Chain
	Aln	58	+df504979-83e4-4946-afb3-431e8da9cb0a 7 2175 2201 +edge_30_0_+disjointig_3_0_15828 6845 9013 15828 -1 -1 2160 0
Chain
	Aln	59	-df504979-83e4-4946-afb3-431e8da9cb0a 25 2193 2201 -edge_30_0_+disjointig_3_0_15828 6814 8982 15828 -1 -1 2160 0
Chain
	Aln	59	+2ee96c60-8802-429d-bac4-ef8c298400fd 8 6254 6257 -edge_30_0_+disjointig_3_0_15828 9231 15825 15828 -1 -1 4856 0.00897822
Chain
	Aln	58	-2ee96c60-8802-429d-bac4-ef8c298400fd 2 6248 6257 +edge_30_0_+disjointig_3_0_15828 2 6596 15828 -1 -1 4856 0.00897822
Chain
	Aln	58	+d228ae01-ef46-4292-b641-697ac3fb13fa 10105 20988 21000 +edge_30_0_+disjointig_3_0_15828 408 11244 15828 -1 -1 10140 0.00400514
Chain
	Aln	59	-d228ae01-ef46-4292-b641-697ac3fb13fa 11 10894 21000 -edge_30_0_+disjointig_3_0_15828 4583 15419 15828 -1 -1 10140 0.00400514
Chain
	Aln	22	+76f13430-3365-464b-92be-9452e18c7e32 440 3684 4632 +edge_12_2_+disjointig_15_27117_30377 1 3257 3260 -1 -1 3193 0.00132666
Chain
	Aln	23	-76f13430-3365-464b-92be-9452e18c7e32 947 4191 4632 -edge_12_2_+disjointig_15_27117_30377 2 3258 3260 -1 -1 3193 0.00132666
Chain
	Aln	78	+1e33bc3c-af4a-457c-b778-2f4c27f0c977 21 2055 6144 +edge_40_0_+disjointig_7_3135_5601 426 2462 2466 -1 -1 2001 0.00218994
	Aln	80	+1e33bc3c-af4a-457c-b778-2f4c27f0c977 2068 5522 6144 +edge_41_1_+disjointig_7_5601_9072 9 3464 3471 -1 -1 3431 0
Chain
	Aln	81	-1e33bc3c-af4a-457c-b778-2f4c27f0c977 621 4075 6144 -edge_41_1_+disjointig_7_5601_9072 6 3461 3471 -1 -1 3431 0
	Aln	79	-1e33bc3c-af4a-457c-b778-2f4c27f0c977 4088 6122 6144 -edge_40_0_+disjointig_7_3135_5601 3 2039 2466 -1 -1 2001 0.00218994
Chain
	Aln	80	+ba5c8736-531e-4210-8526-407f14986e64 9 3394 5724 +edge_41_1_+disjointig_7_5601_9072 68 3464 3471 -1 -1 3266 0.00206832
Chain
	Aln	81	-ba5c8736-531e-4210-8526-407f14986e64 2329 5714 5724 -edge_41_1_+disjointig_7_5601_9072 6 3402 3471 -1 -1 3266 0.00206832
Chain
	Aln	92	+02bb935b-e975-47f1-82d8-c1aae24a4bae 14 9796 16537 +edge_47_0_+disjointig_5_0_23748 13950 23741 23748 -1 -1 9695 0.00064228
	Aln	78	+02bb935b-e975-47f1-82d8-c1aae24a4bae 9804 12272 16537 +edge_40_0_+disjointig_7_3135_5601 1 2462 2466 -1 -1 2402 0.00334694
	Aln	80	+02bb935b-e975-47f1-82d8-c1aae24a4bae 12285 15731 16537 +edge_41_1_+disjointig_7_5601_9072 9 3464 3471 -1 -1 3416 0
Chain
	Aln	81	-02bb935b-e975-47f1-82d8-c1aae24a4bae 805 4251 16537 -edge_41_1_+disjointig_7_5601_9072 6 3461 3471 -1 -1 3416 0
	Aln	79	-02bb935b-e975-47f1-82d8-c1aae24a4bae 4264 6732 16537 -edge_40_0_+disjointig_7_3135_5601 3 2464 2466 -1 -1 2402 0.00334694
	Aln	93	-02bb935b-e975-47f1-82d8-c1aae24a4bae 6740 16522 16537 -edge_47_0_+disjointig_5_0_23748 6 9797 23748 -1 -1 9695 0.00064228
Chain
	Aln	92	+71c2b30c-bf74-4c23-b8d2-f5b6ed2b21b1 11 15282 23385 +edge_47_0_+disjointig_5_0_23748 8447 23727 23748 -1 -1 15008 0.0015157
Chain
	Aln	76	+71c2b30c-bf74-4c23-b8d2-f5b6ed2b21b1 15311 18580 23385 +edge_39_0_+disjointig_5_23748_26928 5 3176 3180 -1 -1 1782 0.037069
Chain
	Aln	80	+71c2b30c-bf74-4c23-b8d2-f5b6ed2b21b1 18593 22040 23385 +edge_41_1_+disjointig_7_5601_9072 9 3464 3471 -1 -1 3338 0.000716429
Chain
	Aln	81	-71c2b30c-bf74-4c23-b8d2-f5b6ed2b21b1 1344 4791 23385 -edge_41_1_+disjointig_7_5601_9072 6 3461 3471 -1 -1 3338 0.000716429
Chain
	Aln	77	-71c2b30c-bf74-4c23-b8d2-f5b6ed2b21b1 4804 8073 23385 -edge_39_0_+disjointig_5_23748_26928 3 3174 3180 -1 -1 1782 0.037069
Chain
	Aln	93	-71c2b30c-bf74-4c23-b8d2-f5b6ed2b21b1 8102 23373 23385 -edge_47_0_+disjointig_5_0_23748 20 15300 23748 -1 -1 15008 0.0015157
Chain
	Aln	25	+84bc5a41-90c1-415a-8275-50f4dcdb8b9e 10 888 2365 -edge_13_0_+disjointig_6_11340_12571 341 1218 1231 -1 -1 844 0.0061945
Chain
	Aln	15	+84bc5a41-90c1-415a-8275-50f4dcdb8b9e 914 2362 2365 -edge_8_3_+disjointig_6_9664_11340 13 1467 1676 -1 -1 1426 0.00124466
Chain
	Aln	14	-84bc5a41-90c1-415a-8275-50f4dcdb8b9e 2 1450 2365 +edge_8_3_+disjointig_6_9664_11340 208 1662 1676 -1 -1 1426 0.00124466
Chain
	Aln	24	-84bc5a41-90c1-415a-8275-50f4dcdb8b9e 1476 2354 2365 +edge_13_0_+disjointig_6_11340_12571 12 889 1231 -1 -1 844 0.0061945
Chain
	Aln	14	+926ed0da-add0-47c3-ab54-36822fa2b818 1067 2721 3393 +edge_8_3_+disjointig_6_9664_11340 1 1655 1676 -1 -1 1584 0.00588959
Chain
	Aln	24	+926ed0da-add0-47c3-ab54-36822fa2b818 2746 3385 3393 +edge_13_0_+disjointig_6_11340_12571 2 643 1231 -1 -1 605 0.00848996
Chain
	Aln	25	-926ed0da-add0-47c3-ab54-36822fa2b818 7 646 3393 -edge_13_0_+disjointig_6_11340_12571 587 1228 1231 -1 -1 605 0.00848996
Chain
	Aln	15	-926ed0da-add0-47c3-ab54-36822fa2b818 671 2325 3393 -edge_8_3_+disjointig_6_9664_11340 20 1674 1676 -1 -1 1584 0.00588959
Chain
	Aln	25	+25a2a72b-220d-44d9-997e-91313409755b 6 1231 14111 -edge_13_0_+disjointig_6_11340_12571 5 1230 1231 -1 -1 1208 0.00291634
Chain
	Aln	15	+25a2a72b-220d-44d9-997e-91313409755b 1245 2899 14111 -edge_8_3_+disjointig_6_9664_11340 13 1675 1676 -1 -1 1628 0.00171978
Chain
	Aln	18	+25a2a72b-220d-44d9-997e-91313409755b 2901 12548 14111 +edge_10_0_-disjointig_6_2907_12571 2 9656 9664 -1 -1 9513 0.000291905
Chain
	Aln	19	-25a2a72b-220d-44d9-997e-91313409755b 1562 11209 14111 -edge_10_0_-disjointig_6_2907_12571 7 9661 9664 -1 -1 9513 0.000291905
Chain
	Aln	14	-25a2a72b-220d-44d9-997e-91313409755b 11211 12865 14111 +edge_8_3_+disjointig_6_9664_11340 0 1662 1676 -1 -1 1628 0.00171978
Chain
	Aln	24	-25a2a72b-220d-44d9-997e-91313409755b 12879 14104 14111 +edge_13_0_+disjointig_6_11340_12571 0 1225 1231 -1 -1 1208 0.00291634
Chain
	Aln	91	+3bcd0751-da99-44b0-b81f-001d6be87fdd 9 2307 16411 -edge_46_0_+disjointig_15_21895_25425 1232 3529 3530 -1 -1 2285 0
Chain
	Aln	23	+3bcd0751-da99-44b0-b81f-001d6be87fdd 2314 5568 16411 -edge_12_1_+disjointig_15_18636_21895 6 3258 3259 -1 -1 3183 0.00275855
	Aln	15	+3bcd0751-da99-44b0-b81f-001d6be87fdd 5579 7242 16411 -edge_8_1_+disjointig_15_16944_18636 10 1672 1692 -1 -1 1642 0.000542265
Chain
	Aln	16	+3bcd0751-da99-44b0-b81f-001d6be87fdd 7276 15613 16411 +edge_9_0_-disjointig_15_14830_23192 15 8353 8362 -1 -1 8270 0
Chain
	Aln	23	+3bcd0751-da99-44b0-b81f-001d6be87fdd 15622 16408 16411 -edge_12_1_+disjointig_15_18636_21895 99 886 3259 -1 -1 775 0.00408533
Chain
	Aln	22	-3bcd0751-da99-44b0-b81f-001d6be87fdd 2 788 16411 +edge_12_1_+disjointig_15_18636_21895 2372 3159 3259 -1 -1 775 0.00408533
Chain
	Aln	17	-3bcd0751-da99-44b0-b81f-001d6be87fdd 797 9134 16411 -edge_9_0_-disjointig_15_14830_23192 8 8346 8362 -1 -1 8270 0
Chain
	Aln	14	-3bcd0751-da99-44b0-b81f-001d6be87fdd 9168 10831 16411 +edge_8_1_+disjointig_15_16944_18636 19 1681 1692 -1 -1 1642 0.000542265
	Aln	22	-3bcd0751-da99-44b0-b81f-001d6be87fdd 10842 14096 16411 +edge_12_1_+disjointig_15_18636_21895 0 3252 3259 -1 -1 3183 0.00275855
Chain
	Aln	90	-3bcd0751-da99-44b0-b81f-001d6be87fdd 14103 16401 16411 +edge_46_0_+disjointig_15_21895_25425 0 2297 3530 -1 -1 2285 0
Chain
	Aln	16	+b2ad0f07-52a0-42ad-9436-b7a8f718f8ac 4 607 1831 +edge_9_0_-disjointig_15_14830_23192 7742 8353 8362 -1 -1 571 0.00871894
Chain
	Aln	23	+b2ad0f07-52a0-42ad-9436-b7a8f718f8ac 627 1822 1831 -edge_12_0_+disjointig_15_5423_8582 10 1205 3159 -1 -1 1168 0.00435613
Chain
	Aln	22	-b2ad0f07-52a0-42ad-9436-b7a8f718f8ac 8 1203 1831 +edge_12_0_+disjointig_15_5423_8582 1953 3148 3159 -1 -1 1168 0.00435613
Chain
	Aln	17	-b2ad0f07-52a0-42ad-9436-b7a8f718f8ac 1223 1826 1831 -edge_9_0_-disjointig_15_14830_23192 8 619 8362 -1 -1 571 0.00871894
Chain
	Aln	90	+0864ec3b-e855-4c13-bce9-39afca4584c5 6 2490 3271 +edge_46_0_+disjointig_15_21895_25425 602 3074 3530 -1 -1 2378 0.00372706
Chain
	Aln	14	+0864ec3b-e855-4c13-bce9-39afca4584c5 2493 3267 3271 +edge_8_0_+disjointig_15_2809_5423 1 775 2614 -1 -1 774 0.00221427
Chain
	Aln	15	-0864ec3b-e855-4c13-bce9-39afca4584c5 3 777 3271 -edge_8_0_+disjointig_15_2809_5423 1838 2612 2614 -1 -1 774 0.00221427
Chain
	Aln	91	-0864ec3b-e855-4c13-bce9-39afca4584c5 780 3264 3271 -edge_46_0_+disjointig_15_21895_25425 455 2927 3530 -1 -1 2378 0.00372706
Chain
	Aln	91	+4d714a41-2eec-480e-baf6-d85674d7a90c 18 1727 19841 -edge_46_0_+disjointig_15_21895_25425 1820 3529 3530 -1 -1 1700 0
Chain
	Aln	23	+4d714a41-2eec-480e-baf6-d85674d7a90c 1734 4986 19841 -edge_12_1_+disjointig_15_18636_21895 6 3258 3259 -1 -1 3214 0.000329586
	Aln	15	+4d714a41-2eec-480e-baf6-d85674d7a90c 4997 6678 19841 -edge_8_1_+disjointig_15_16944_18636 10 1691 1692 -1 -1 1564 0.00596736
Chain
	Aln	16	+4d714a41-2eec-480e-baf6-d85674d7a90c 6693 15024 19841 +edge_9_0_-disjointig_15_14830_23192 15 8353 8362 -1 -1 8197 6.79591e-05
Chain
	Aln	23	+4d714a41-2eec-480e-baf6-d85674d7a90c 15033 18190 19841 -edge_12_2_+disjointig_15_27117_30377 99 3259 3260 -1 -1 3082 0.00156757
	Aln	15	+4d714a41-2eec-480e-baf6-d85674d7a90c 18197 19833 19841 -edge_8_0_+disjointig_15_2809_5423 6 1641 2614 -1 -1 1596 0.00203072
Chain
	Aln	14	-4d714a41-2eec-480e-baf6-d85674d7a90c 7 1643 19841 +edge_8_0_+disjointig_15_2809_5423 972 2607 2614 -1 -1 1596 0.00203072
	Aln	22	-4d714a41-2eec-480e-baf6-d85674d7a90c 1650 4807 19841 +edge_12_2_+disjointig_15_27117_30377 0 3160 3260 -1 -1 3082 0.00156757
Chain
	Aln	17	-4d714a41-2eec-480e-baf6-d85674d7a90c 4816 13147 19841 -edge_9_0_-disjointig_15_14830_23192 8 8346 8362 -1 -1 8197 6.79591e-05
Chain
	Aln	14	-4d714a41-2eec-480e-baf6-d85674d7a90c 13162 14843 19841 +edge_8_1_+disjointig_15_16944_18636 0 1681 1692 -1 -1 1564 0.00596736
	Aln	22	-4d714a41-2eec-480e-baf6-d85674d7a90c 14854 18106 19841 +edge_12_1_+disjointig_15_18636_21895 0 3252 3259 -1 -1 3214 0.000329586
Chain
	Aln	90	-4d714a41-2eec-480e-baf6-d85674d7a90c 18113 19822 19841 +edge_46_0_+disjointig_15_21895_25425 0 1709 3530 -1 -1 1700 0
Chain
	Aln	22	+d04dae2a-7a41-40e1-a42c-144516a8e318 4 1314 11830 +edge_12_2_+disjointig_15_27117_30377 1942 3257 3260 -1 -1 1292 0.00168624
Chain
	Aln	90	+d04dae2a-7a41-40e1-a42c-144516a8e318 1318 4400 11830 +edge_46_0_+disjointig_15_21895_25425 1 3074 3530 -1 -1 3039 0.00031206
Chain
	Aln	14	+d04dae2a-7a41-40e1-a42c-144516a8e318 4420 7164 11830 +edge_8_0_+disjointig_15_2809_5423 19 2607 2614 -1 -1 2205 0.0066858
	Aln	22	+d04dae2a-7a41-40e1-a42c-144516a8e318 7171 10429 11830 +edge_12_2_+disjointig_15_27117_30377 0 3257 3260 -1 -1 3251 0
Chain
	Aln	23	-d04dae2a-7a41-40e1-a42c-144516a8e318 1400 4658 11830 -edge_12_2_+disjointig_15_27117_30377 2 3259 3260 -1 -1 3251 0
	Aln	15	-d04dae2a-7a41-40e1-a42c-144516a8e318 4665 7409 11830 -edge_8_0_+disjointig_15_2809_5423 6 2594 2614 -1 -1 2205 0.0066858
Chain
	Aln	91	-d04dae2a-7a41-40e1-a42c-144516a8e318 7429 10511 11830 -edge_46_0_+disjointig_15_21895_25425 455 3528 3530 -1 -1 3039 0.00031206
Chain
	Aln	23	-d04dae2a-7a41-40e1-a42c-144516a8e318 10515 11825 11830 -edge_12_2_+disjointig_15_27117_30377 2 1317 3260 -1 -1 1292 0.00168624
