Chain
	Aln	99	+34493f5b-5205-4241-86f2-18606be99c88 3 2684 2686 -edge_50_0_+disjointig_44_0_9681 7003 9679 9681 -1 -1 2637 0.00201909
Chain
	Aln	98	-34493f5b-5205-4241-86f2-18606be99c88 1 2682 2686 +edge_50_0_+disjointig_44_0_9681 1 2677 9681 -1 -1 2637 0.00201909
Chain
	Aln	100	+efe80c0d-2332-4060-9764-3065b7a3fc6d 19 2233 2239 +edge_51_0_+disjointig_45_0_3778 1 2216 3778 -1 -1 2189 0
Chain
	Aln	101	-efe80c0d-2332-4060-9764-3065b7a3fc6d 5 2219 2239 -edge_51_0_+disjointig_45_0_3778 1561 3776 3778 -1 -1 2189 0
Chain
	Aln	119	+f3ec8e97-4bd9-4876-814b-39aafff5c38e 15 3121 3125 -edge_60_0_+disjointig_53_0_6225 14 3120 6225 -1 -1 3048 0.00139196
Chain
	Aln	118	-f3ec8e97-4bd9-4876-814b-39aafff5c38e 3 3109 3125 +edge_60_0_+disjointig_53_0_6225 3104 6210 6225 -1 -1 3048 0.00139196
Chain
	Aln	101	+911fc7a2-fc2a-44cd-abd8-204269d0b2a9 11 3779 3781 -edge_51_0_+disjointig_45_0_3778 10 3776 3778 -1 -1 3686 0.00155132
Chain
	Aln	100	-911fc7a2-fc2a-44cd-abd8-204269d0b2a9 1 3769 3781 +edge_51_0_+disjointig_45_0_3778 1 3767 3778 -1 -1 3686 0.00155132
Chain
	Aln	111	+272addb6-fe3c-4fcc-a5b2-60e001685807 13 2393 2400 -edge_56_0_+disjointig_5_0_9012 12 2394 9012 -1 -1 2345 0.00128886
Chain
	Aln	110	-272addb6-fe3c-4fcc-a5b2-60e001685807 6 2386 2400 +edge_56_0_+disjointig_5_0_9012 6617 8999 9012 -1 -1 2345 0.00128886
Chain
	Aln	134	+2fbee803-d3c5-4e70-ad9a-8a64919c3aba 360 2547 2553 +edge_68_0_+disjointig_7_0_17476 4 2192 17476 -1 -1 2061 0.00566285
Chain
	Aln	135	-2fbee803-d3c5-4e70-ad9a-8a64919c3aba 5 2192 2553 -edge_68_0_+disjointig_7_0_17476 15283 17471 17476 -1 -1 2061 0.00566285
Chain
	Aln	16	+dbfb2d78-1f17-41e4-943a-db9b4e435139 1096 8339 8345 +edge_9_0_+disjointig_17_0_8632 7 7227 8632 -1 -1 6940 0.00479848
Chain
	Aln	17	-dbfb2d78-1f17-41e4-943a-db9b4e435139 5 7248 8345 -edge_9_0_+disjointig_17_0_8632 1404 8624 8632 -1 -1 6940 0.00479848
Chain
	Aln	15	+81ecb70b-cd66-43f6-abd1-eeeddd79d7cd 891 4961 4963 -edge_8_0_+disjointig_16_0_5737 14 4086 5737 -1 -1 4014 0.00126389
Chain
	Aln	14	-81ecb70b-cd66-43f6-abd1-eeeddd79d7cd 1 4071 4963 +edge_8_0_+disjointig_16_0_5737 1650 5722 5737 -1 -1 4014 0.00126389
Chain
	Aln	122	+dd6bc661-ef8d-4f4b-81ec-a56051398808 2 3856 3934 +edge_62_0_+disjointig_55_0_3858 2 3849 3858 -1 -1 3759 0.00130308
Chain
	Aln	123	-dd6bc661-ef8d-4f4b-81ec-a56051398808 77 3931 3934 -edge_62_0_+disjointig_55_0_3858 8 3855 3858 -1 -1 3759 0.00130308
Chain
	Aln	81	+fd3f9de8-d15f-492a-a8d4-c84d7c87d397 10 5927 5935 -edge_41_0_+disjointig_36_0_5944 18 5936 5944 -1 -1 5853 0.00185172
Chain
	Aln	80	-fd3f9de8-d15f-492a-a8d4-c84d7c87d397 7 5924 5935 +edge_41_0_+disjointig_36_0_5944 7 5925 5944 -1 -1 5853 0.00185172
Chain
	Aln	121	+7fc5d271-c28e-4dbb-998c-8dbe9bb5a7d2 8 1502 1505 -edge_61_0_+disjointig_54_0_11314 8280 9775 11314 -1 -1 1465 0.00292077
Chain
	Aln	120	-7fc5d271-c28e-4dbb-998c-8dbe9bb5a7d2 2 1496 1505 +edge_61_0_+disjointig_54_0_11314 1538 3033 11314 -1 -1 1465 0.00292077
Chain
	Aln	84	+7a2df62c-27d5-4843-9850-59f3f10f7ca6 10 1622 1626 +edge_43_0_+disjointig_38_0_9838 7061 8673 9838 -1 -1 1596 4.44343e-05
Chain
	Aln	85	-7a2df62c-27d5-4843-9850-59f3f10f7ca6 3 1615 1626 -edge_43_0_+disjointig_38_0_9838 1164 2776 9838 -1 -1 1596 4.44343e-05
Chain
	Aln	135	+2b03cf90-2599-4db7-9308-395cefc6b819 7 6033 6036 -edge_68_0_+disjointig_7_0_17476 6580 12600 17476 -1 -1 5942 0.000251372
Chain
	Aln	134	-2b03cf90-2599-4db7-9308-395cefc6b819 2 6028 6036 +edge_68_0_+disjointig_7_0_17476 4875 10895 17476 -1 -1 5942 0.000251372
Chain
	Aln	15	+4527588c-8762-4b78-8631-dd3ab0739334 27 4250 4253 -edge_8_0_+disjointig_16_0_5737 1521 5734 5737 -1 -1 4189 0.000926074
Chain
	Aln	14	-4527588c-8762-4b78-8631-dd3ab0739334 2 4225 4253 +edge_8_0_+disjointig_16_0_5737 2 4215 5737 -1 -1 4189 0.000926074
Chain
	Aln	27	+d5e4bd2c-e54d-4992-a708-b911630ac95e 18 1022 1030 -edge_14_0_+disjointig_21_0_13644 8710 9671 13644 -1 -1 899 0.00521219
Chain
	Aln	26	-d5e4bd2c-e54d-4992-a708-b911630ac95e 7 1011 1030 +edge_14_0_+disjointig_21_0_13644 3972 4933 13644 -1 -1 899 0.00521219
Chain
	Aln	71	+e5591bf0-b407-4802-97eb-22d4bbabd105 11 5448 5461 -edge_36_0_+disjointig_31_0_20720 15261 20707 20720 -1 -1 5269 0.0040757
Chain
	Aln	70	-e5591bf0-b407-4802-97eb-22d4bbabd105 12 5449 5461 +edge_36_0_+disjointig_31_0_20720 12 5458 20720 -1 -1 5269 0.0040757
Chain
	Aln	26	+5b4d9253-e072-4d18-b1f6-97b1cd5901bd 20 3138 3145 +edge_14_0_+disjointig_21_0_13644 6424 9543 13644 -1 -1 3092 0.000679425
Chain
	Aln	27	-5b4d9253-e072-4d18-b1f6-97b1cd5901bd 6 3124 3145 -edge_14_0_+disjointig_21_0_13644 4100 7219 13644 -1 -1 3092 0.000679425
Chain
	Aln	35	+cd19359b-4d16-4416-a0b6-a9595970b696 8 2366 2375 -edge_18_0_+disjointig_28_25585_35487 5441 7800 9902 -1 -1 2329 0.00343463
Chain
	Aln	34	-cd19359b-4d16-4416-a0b6-a9595970b696 8 2366 2375 +edge_18_0_+disjointig_28_25585_35487 2101 4460 9902 -1 -1 2329 0.00343463
Chain
	Aln	139	+18a1b8fe-0f14-42e0-b7ab-cf4ba61bf58c 17 5416 5420 -edge_70_0_-disjointig_28_24029_35487 16 5411 11458 -1 -1 5300 0.00155028
Chain
	Aln	138	-18a1b8fe-0f14-42e0-b7ab-cf4ba61bf58c 3 5402 5420 +edge_70_0_-disjointig_28_24029_35487 6046 11441 11458 -1 -1 5300 0.00155028
Chain
	Aln	34	+3a15c65d-a8ce-4436-9480-5cf5e11a22aa 8 5007 5010 +edge_18_0_+disjointig_28_25585_35487 2638 7638 9902 -1 -1 4992 0.000937862
Chain
	Aln	35	-3a15c65d-a8ce-4436-9480-5cf5e11a22aa 2 5001 5010 -edge_18_0_+disjointig_28_25585_35487 2263 7263 9902 -1 -1 4992 0.000937862
Chain
	Aln	24	+b60f770d-2d4d-4252-bc0d-5796ae01e27a 8 6866 6876 +edge_13_0_+disjointig_20_0_38692 31819 38683 38692 -1 -1 6824 0.00183242
Chain
	Aln	25	-b60f770d-2d4d-4252-bc0d-5796ae01e27a 9 6867 6876 -edge_13_0_+disjointig_20_0_38692 8 6872 38692 -1 -1 6824 0.00183242
Chain
	Aln	29	+45b3ffe1-91eb-4b5a-828f-006227a73808 18 5238 5240 -edge_15_0_+disjointig_22_0_9457 17 5230 9457 -1 -1 5119 0.00164664
Chain
	Aln	28	-45b3ffe1-91eb-4b5a-828f-006227a73808 1 5221 5240 +edge_15_0_+disjointig_22_0_9457 4226 9439 9457 -1 -1 5119 0.00164664
Chain
	Aln	33	+a1bba12b-1fe9-4402-b0e8-72bec8a73837 13 3006 6860 -edge_17_0_+disjointig_23_2639_6637 1007 3997 3998 -1 -1 2920 0.00252376
	Aln	31	+a1bba12b-1fe9-4402-b0e8-72bec8a73837 3009 4038 6860 -edge_16_0_+disjointig_23_0_2639 2 1030 2639 -1 -1 996 0.00491335
Chain
	Aln	30	-a1bba12b-1fe9-4402-b0e8-72bec8a73837 2821 3850 6860 +edge_16_0_+disjointig_23_0_2639 1608 2636 2639 -1 -1 996 0.00491335
	Aln	32	-a1bba12b-1fe9-4402-b0e8-72bec8a73837 3853 6846 6860 +edge_17_0_+disjointig_23_2639_6637 0 2990 3998 -1 -1 2920 0.00252376
Chain
	Aln	95	+4b2b17e9-fe13-4f3e-9ca8-0f9fdc460f46 12 7641 7826 -edge_48_0_+disjointig_42_0_7646 11 7645 7646 -1 -1 7466 0.0017814
Chain
	Aln	94	-4b2b17e9-fe13-4f3e-9ca8-0f9fdc460f46 184 7813 7826 +edge_48_0_+disjointig_42_0_7646 0 7634 7646 -1 -1 7466 0.0017814
Chain
	Aln	73	+52d536ad-dc3f-4a3e-bd54-34141abffb9f 30 3635 3638 -edge_37_0_+disjointig_32_0_3636 30 3633 3636 -1 -1 3559 0.00270498
Chain
	Aln	72	-52d536ad-dc3f-4a3e-bd54-34141abffb9f 2 3607 3638 +edge_37_0_+disjointig_32_0_3636 2 3605 3636 -1 -1 3559 0.00270498
Chain
	Aln	135	+3fa3210c-2ea0-447a-bcc8-b068b23ebeff 8 2684 2686 -edge_68_0_+disjointig_7_0_17476 3909 6583 17476 -1 -1 2615 0.00317982
Chain
	Aln	134	-3fa3210c-2ea0-447a-bcc8-b068b23ebeff 1 2677 2686 +edge_68_0_+disjointig_7_0_17476 10892 13566 17476 -1 -1 2615 0.00317982
Chain
	Aln	77	+f53a1cb0-20a4-4356-ba7b-97e004876f57 17 11947 11950 -edge_39_0_+disjointig_34_0_12509 16 11941 12509 -1 -1 11761 0.00122013
Chain
	Aln	76	-f53a1cb0-20a4-4356-ba7b-97e004876f57 2 11932 11950 +edge_39_0_+disjointig_34_0_12509 567 12492 12509 -1 -1 11761 0.00122013
Chain
	Aln	121	+b79dcd72-3cbd-4688-8c44-26556625b87a 2 1019 1022 -edge_61_0_+disjointig_54_0_11314 5310 6328 11314 -1 -1 1004 0.00258582
Chain
	Aln	120	-b79dcd72-3cbd-4688-8c44-26556625b87a 2 1019 1022 +edge_61_0_+disjointig_54_0_11314 4985 6003 11314 -1 -1 1004 0.00258582
Chain
	Aln	96	+2a03cc49-7acb-4584-a9fb-600b978fd4d1 4 7354 7357 +edge_49_0_+disjointig_43_0_7661 4 7349 7661 -1 -1 7236 0.00115567
Chain
	Aln	97	-2a03cc49-7acb-4584-a9fb-600b978fd4d1 2 7352 7357 -edge_49_0_+disjointig_43_0_7661 311 7656 7661 -1 -1 7236 0.00115567
Chain
	Aln	71	+1aab8784-c0d8-48a3-af16-e22ec6e14a39 8 5992 5995 -edge_36_0_+disjointig_31_0_20720 1676 7664 20720 -1 -1 5903 0.00209093
Chain
	Aln	70	-1aab8784-c0d8-48a3-af16-e22ec6e14a39 2 5986 5995 +edge_36_0_+disjointig_31_0_20720 13055 19043 20720 -1 -1 5903 0.00209093
Chain
	Aln	70	+fa4b6792-4a22-4ffc-a34e-7d0390144d1b 1 5976 5985 +edge_36_0_+disjointig_31_0_20720 13037 19023 20720 -1 -1 5882 0.00286543
Chain
	Aln	71	-fa4b6792-4a22-4ffc-a34e-7d0390144d1b 8 5983 5985 -edge_36_0_+disjointig_31_0_20720 1696 7682 20720 -1 -1 5882 0.00286543
Chain
	Aln	91	+870addb5-5110-48a2-924c-7e5113ef9dcc 24 3643 3647 -edge_46_0_+disjointig_40_0_6150 2526 6146 6150 -1 -1 3487 0.00419169
Chain
	Aln	90	-870addb5-5110-48a2-924c-7e5113ef9dcc 3 3622 3647 +edge_46_0_+disjointig_40_0_6150 3 3623 6150 -1 -1 3487 0.00419169
Chain
	Aln	84	+a2327b28-e17e-4afa-ad19-6ef18e839a99 16 7335 7344 +edge_43_0_+disjointig_38_0_9838 975 8293 9838 -1 -1 7196 0.00325754
Chain
	Aln	85	-a2327b28-e17e-4afa-ad19-6ef18e839a99 8 7327 7344 -edge_43_0_+disjointig_38_0_9838 1544 8862 9838 -1 -1 7196 0.00325754
Chain
	Aln	125	+3647d189-495b-47c4-ab88-d656095e66db 19 2176 2183 -edge_63_0_+disjointig_56_0_6222 288 2450 6222 -1 -1 2107 0.00479604
Chain
	Aln	124	-3647d189-495b-47c4-ab88-d656095e66db 6 2163 2183 +edge_63_0_+disjointig_56_0_6222 3771 5933 6222 -1 -1 2107 0.00479604
Chain
	Aln	113	+44f4190b-a4c6-48eb-af69-9d09c4bf8fcd 15 7450 7456 -edge_57_0_+disjointig_50_0_8242 14 7444 8242 -1 -1 7387 0.00142683
Chain
	Aln	112	-44f4190b-a4c6-48eb-af69-9d09c4bf8fcd 5 7440 7456 +edge_57_0_+disjointig_50_0_8242 797 8227 8242 -1 -1 7387 0.00142683
Chain
	Aln	125	+369f76e1-18a0-4c84-a45f-7157aca42488 16 3306 3311 -edge_63_0_+disjointig_56_0_6222 15 3302 6222 -1 -1 3266 0.00392484
Chain
	Aln	124	-369f76e1-18a0-4c84-a45f-7157aca42488 4 3294 3311 +edge_63_0_+disjointig_56_0_6222 2919 6206 6222 -1 -1 3266 0.00392484
Chain
	Aln	103	+8568ffee-6f96-4a9f-a478-4a4ed9acabc3 8 4950 4956 -edge_52_0_+disjointig_46_0_6327 1027 5966 6327 -1 -1 4845 0.00450403
Chain
	Aln	102	-8568ffee-6f96-4a9f-a478-4a4ed9acabc3 5 4947 4956 +edge_52_0_+disjointig_46_0_6327 360 5299 6327 -1 -1 4845 0.00450403
Chain
	Aln	111	+c3abc62c-7d38-4b91-a06c-15361853285c 20 4060 4189 -edge_56_0_+disjointig_5_0_9012 3042 7088 9012 -1 -1 3745 0.00902266
Chain
	Aln	110	-c3abc62c-7d38-4b91-a06c-15361853285c 128 4168 4189 +edge_56_0_+disjointig_5_0_9012 1923 5969 9012 -1 -1 3745 0.00902266
Chain
	Aln	61	+a175cb0b-7a47-4f68-b517-6710e59329a4 14 4740 4748 -edge_31_0_+disjointig_26_0_4895 13 4752 4895 -1 -1 4525 0.00525273
Chain
	Aln	60	-a175cb0b-7a47-4f68-b517-6710e59329a4 7 4733 4748 +edge_31_0_+disjointig_26_0_4895 142 4881 4895 -1 -1 4525 0.00525273
Chain
	Aln	57	+81b1190c-cb36-4320-a568-993f7c33b4ec 7 3067 3070 -edge_29_0_+disjointig_24_0_18228 15167 18225 18228 -1 -1 3019 0.00192654
Chain
	Aln	56	-81b1190c-cb36-4320-a568-993f7c33b4ec 2 3062 3070 +edge_29_0_+disjointig_24_0_18228 2 3060 18228 -1 -1 3019 0.00192654
Chain
	Aln	125	+36830f4b-1636-4669-89d4-3065c9ccdac1 17 4676 4683 -edge_63_0_+disjointig_56_0_6222 1554 6215 6222 -1 -1 4594 0.00480473
Chain
	Aln	124	-36830f4b-1636-4669-89d4-3065c9ccdac1 6 4665 4683 +edge_63_0_+disjointig_56_0_6222 6 4667 6222 -1 -1 4594 0.00480473
Chain
	Aln	23	+54033626-a29c-4a26-8357-7ecaff2f9d3f 8 2341 2343 -edge_12_0_+disjointig_2_0_5156 2825 5154 5156 -1 -1 2267 0.00234535
Chain
	Aln	22	-54033626-a29c-4a26-8357-7ecaff2f9d3f 1 2334 2343 +edge_12_0_+disjointig_2_0_5156 1 2330 5156 -1 -1 2267 0.00234535
Chain
	Aln	22	+127c02a6-617c-4747-b1f7-2bac3afc54a5 21 2329 2332 +edge_12_0_+disjointig_2_0_5156 1 2314 5156 -1 -1 2304 0.000121307
Chain
	Aln	23	-127c02a6-617c-4747-b1f7-2bac3afc54a5 2 2310 2332 -edge_12_0_+disjointig_2_0_5156 2841 5154 5156 -1 -1 2304 0.000121307
Chain
	Aln	85	+4a9cedfc-8d44-487b-9b70-46340116b63f 8 2584 2592 -edge_43_0_+disjointig_38_0_9838 6893 9469 9838 -1 -1 2550 0.00210693
Chain
	Aln	84	-4a9cedfc-8d44-487b-9b70-46340116b63f 7 2583 2592 +edge_43_0_+disjointig_38_0_9838 368 2944 9838 -1 -1 2550 0.00210693
Chain
	Aln	75	+fbe97c44-132c-488d-abb3-085aceae9619 8 2514 2518 -edge_38_0_+disjointig_33_0_7499 4994 7495 7499 -1 -1 2458 0.00114508
Chain
	Aln	74	-fbe97c44-132c-488d-abb3-085aceae9619 3 2509 2518 +edge_38_0_+disjointig_33_0_7499 3 2504 7499 -1 -1 2458 0.00114508
Chain
	Aln	81	+a9d8af14-ab4d-4204-8ee8-e5fbe57921d3 18 3606 3612 -edge_41_0_+disjointig_36_0_5944 17 3602 5944 -1 -1 3440 0.00395988
Chain
	Aln	80	-a9d8af14-ab4d-4204-8ee8-e5fbe57921d3 5 3593 3612 +edge_41_0_+disjointig_36_0_5944 2341 5926 5944 -1 -1 3440 0.00395988
Chain
	Aln	135	+a7b001a7-e127-41f7-ada9-9eaa4f1cd399 9 1437 1439 -edge_68_0_+disjointig_7_0_17476 7026 8452 17476 -1 -1 1414 0.000452965
Chain
	Aln	134	-a7b001a7-e127-41f7-ada9-9eaa4f1cd399 1 1429 1439 +edge_68_0_+disjointig_7_0_17476 9023 10449 17476 -1 -1 1414 0.000452965
Chain
	Aln	33	+1d7a83ee-a285-4a27-a6cc-9a4630a35619 10 1105 1107 -edge_17_0_+disjointig_23_2639_6637 1917 3011 3998 -1 -1 1072 0.00237255
Chain
	Aln	32	-1d7a83ee-a285-4a27-a6cc-9a4630a35619 1 1096 1107 +edge_17_0_+disjointig_23_2639_6637 986 2080 3998 -1 -1 1072 0.00237255
Chain
	Aln	25	+40d62d87-849d-4cb6-b344-fbb932935190 9 3950 3952 -edge_13_0_+disjointig_20_0_38692 21818 25786 38692 -1 -1 3802 0.00123128
Chain
	Aln	24	-40d62d87-849d-4cb6-b344-fbb932935190 1 3942 3952 +edge_13_0_+disjointig_20_0_38692 12905 16873 38692 -1 -1 3802 0.00123128
Chain
	Aln	126	+55d0f007-bb04-476f-92ff-38132eb70cee 1 5607 5617 +edge_64_0_+disjointig_57_0_13037 1 5601 13037 -1 -1 5508 4.45043e-05
Chain
	Aln	127	-55d0f007-bb04-476f-92ff-38132eb70cee 9 5615 5617 -edge_64_0_+disjointig_57_0_13037 7435 13035 13037 -1 -1 5508 4.45043e-05
Chain
	Aln	111	+6fa5513e-fc39-4406-bd88-548ff3a642a7 6 8170 8196 -edge_56_0_+disjointig_5_0_9012 838 8987 9012 -1 -1 7730 0.00524814
Chain
	Aln	110	-6fa5513e-fc39-4406-bd88-548ff3a642a7 25 8189 8196 +edge_56_0_+disjointig_5_0_9012 24 8173 9012 -1 -1 7730 0.00524814
Chain
	Aln	90	+d71d8c9f-5165-44ae-9a2a-faa1b202b507 7 6009 6015 +edge_46_0_+disjointig_40_0_6150 136 6145 6150 -1 -1 5651 0.00595817
Chain
	Aln	91	-d71d8c9f-5165-44ae-9a2a-faa1b202b507 5 6007 6015 -edge_46_0_+disjointig_40_0_6150 4 6013 6150 -1 -1 5651 0.00595817
Chain
	Aln	77	+5d6405ee-d62b-4dff-8a5a-fad424a4a053 16 5268 5271 -edge_39_0_+disjointig_34_0_12509 7254 12506 12509 -1 -1 5212 0.00162251
Chain
	Aln	76	-5d6405ee-d62b-4dff-8a5a-fad424a4a053 2 5254 5271 +edge_39_0_+disjointig_34_0_12509 2 5254 12509 -1 -1 5212 0.00162251
Chain
	Aln	21	+0d48f563-2990-475a-983e-53e1f0c8e0d6 13 4047 4398 -edge_11_0_+disjointig_19_0_18887 14326 18359 18887 -1 -1 4007 0.000386473
Chain
	Aln	20	-0d48f563-2990-475a-983e-53e1f0c8e0d6 350 4384 4398 +edge_11_0_+disjointig_19_0_18887 527 4560 18887 -1 -1 4007 0.000386473
Chain
	Aln	75	+ff4db4df-d6b8-4425-9fcb-a1569605724a 14 7508 16591 -edge_38_0_+disjointig_33_0_7499 13 7498 7499 -1 -1 7376 0.00104538
Chain
	Aln	74	-ff4db4df-d6b8-4425-9fcb-a1569605724a 9082 16576 16591 +edge_38_0_+disjointig_33_0_7499 0 7485 7499 -1 -1 7376 0.00104538
Chain
	Aln	119	+179f76e2-8051-4541-960d-5d2f659e77ba 3 5782 5784 -edge_60_0_+disjointig_53_0_6225 444 6223 6225 -1 -1 5765 0
Chain
	Aln	118	-179f76e2-8051-4541-960d-5d2f659e77ba 1 5780 5784 +edge_60_0_+disjointig_53_0_6225 1 5780 6225 -1 -1 5765 0
Chain
	Aln	65	+d61969fb-a044-4e19-973c-713eef58e93a 482 1848 1858 -edge_33_0_+disjointig_29_0_5706 14 1382 5706 -1 -1 1353 0
Chain
	Aln	64	-d61969fb-a044-4e19-973c-713eef58e93a 9 1375 1858 +edge_33_0_+disjointig_29_0_5706 4323 5691 5706 -1 -1 1353 0
Chain
	Aln	64	+814e4c88-26e9-4e48-a64d-c509e2c5dfac 20 1722 2180 +edge_33_0_+disjointig_29_0_5706 3993 5695 5706 -1 -1 1692 0
Chain
	Aln	65	-814e4c88-26e9-4e48-a64d-c509e2c5dfac 457 2159 2180 -edge_33_0_+disjointig_29_0_5706 10 1712 5706 -1 -1 1692 0
Chain
	Aln	88	+aa2c7cc0-9d96-456f-a0e5-50fc4ab63470 19 3193 3198 +edge_45_0_+disjointig_4_0_3199 1 3174 3199 -1 -1 3143 0.00234475
Chain
	Aln	89	-aa2c7cc0-9d96-456f-a0e5-50fc4ab63470 4 3178 3198 -edge_45_0_+disjointig_4_0_3199 24 3197 3199 -1 -1 3143 0.00234475
Chain
	Aln	34	+06f525fc-a0c1-4560-8454-603f5e4a003c 7 4759 4763 +edge_18_0_+disjointig_28_25585_35487 5148 9899 9902 -1 -1 4325 0
Chain
	Aln	35	-06f525fc-a0c1-4560-8454-603f5e4a003c 3 4755 4763 -edge_18_0_+disjointig_28_25585_35487 2 4753 9902 -1 -1 4325 0
Chain
	Aln	89	+96779654-8bed-4c9e-9858-4e5d76582f98 14 3147 3149 -edge_45_0_+disjointig_4_0_3199 13 3197 3199 -1 -1 2905 0.00943152
Chain
	Aln	88	-96779654-8bed-4c9e-9858-4e5d76582f98 1 3134 3149 +edge_45_0_+disjointig_4_0_3199 1 3185 3199 -1 -1 2905 0.00943152
Chain
	Aln	11	+76ae219f-342e-4b6b-a39a-9fd3638a6ac9 5 1666 1676 -edge_6_0_+disjointig_14_0_5947 166 1827 5947 -1 -1 1641 0.00200834
Chain
	Aln	10	-76ae219f-342e-4b6b-a39a-9fd3638a6ac9 9 1670 1676 +edge_6_0_+disjointig_14_0_5947 4119 5780 5947 -1 -1 1641 0.00200834
Chain
	Aln	64	+8c6970ec-bf0f-4140-8a62-b58191f22f0c 1127 5168 5171 +edge_33_0_+disjointig_29_0_5706 1 4043 5706 -1 -1 4017 0.00215084
Chain
	Aln	65	-8c6970ec-bf0f-4140-8a62-b58191f22f0c 2 4043 5171 -edge_33_0_+disjointig_29_0_5706 1662 5704 5706 -1 -1 4017 0.00215084
Chain
	Aln	63	+72c26cc0-e143-46a1-8890-d8cb02bdf050 8 6181 6190 -edge_32_0_+disjointig_27_0_9072 2890 9063 9072 -1 -1 6173 0.0010215
Chain
	Aln	62	-72c26cc0-e143-46a1-8890-d8cb02bdf050 8 6181 6190 +edge_32_0_+disjointig_27_0_9072 8 6181 9072 -1 -1 6173 0.0010215
Chain
	Aln	128	+656fcb4d-c570-4854-ad8f-70aed41da62f 1216 4691 4694 +edge_65_0_+disjointig_58_0_4299 1 3477 4299 -1 -1 3438 0
Chain
	Aln	129	-656fcb4d-c570-4854-ad8f-70aed41da62f 2 3477 4694 -edge_65_0_+disjointig_58_0_4299 821 4297 4299 -1 -1 3438 0
Chain
	Aln	135	+c9d11a31-100e-4fd8-8e11-11293da65e0d 4 3638 3642 -edge_68_0_+disjointig_7_0_17476 12227 15859 17476 -1 -1 3527 0.00149817
Chain
	Aln	134	-c9d11a31-100e-4fd8-8e11-11293da65e0d 3 3637 3642 +edge_68_0_+disjointig_7_0_17476 1616 5248 17476 -1 -1 3527 0.00149817
Chain
	Aln	9	+09cbca46-05a2-4b47-b564-b4b83e939c43 19 3896 4878 -edge_5_0_+disjointig_13_0_3897 18 3896 3897 -1 -1 3852 0
Chain
	Aln	8	-09cbca46-05a2-4b47-b564-b4b83e939c43 981 4858 4878 +edge_5_0_+disjointig_13_0_3897 0 3878 3897 -1 -1 3852 0
Chain
	Aln	60	+064e0a6e-c544-4de0-925f-4ae8714506f7 13 1403 1763 +edge_31_0_+disjointig_26_0_4895 3496 4889 4895 -1 -1 1364 0.00453084
Chain
	Aln	61	-064e0a6e-c544-4de0-925f-4ae8714506f7 359 1749 1763 -edge_31_0_+disjointig_26_0_4895 5 1398 4895 -1 -1 1364 0.00453084
Chain
	Aln	117	+c5ac8a9c-a100-4ee3-957c-3bece4978197 12 2607 2613 -edge_59_0_+disjointig_52_0_2633 11 2627 2633 -1 -1 2502 0.00596856
Chain
	Aln	116	-c5ac8a9c-a100-4ee3-957c-3bece4978197 5 2600 2613 +edge_59_0_+disjointig_52_0_2633 5 2621 2633 -1 -1 2502 0.00596856
Chain
	Aln	116	+ba400013-956c-49bd-86c8-514028b1f19e 26 2632 2634 +edge_59_0_+disjointig_52_0_2633 5 2612 2633 -1 -1 2547 0.00494502
Chain
	Aln	117	-ba400013-956c-49bd-86c8-514028b1f19e 1 2607 2634 -edge_59_0_+disjointig_52_0_2633 20 2627 2633 -1 -1 2547 0.00494502
Chain
	Aln	127	+6a5553e7-862d-4bb2-9c21-5db0d49c3c31 3503 5559 5642 -edge_64_0_+disjointig_57_0_13037 10 2070 13037 -1 -1 1754 0.0177963
Chain
	Aln	126	-6a5553e7-862d-4bb2-9c21-5db0d49c3c31 82 2138 5642 +edge_64_0_+disjointig_57_0_13037 10966 13026 13037 -1 -1 1754 0.0177963
Chain
	Aln	114	+477d3510-fd08-4ed4-8722-1b0d44bd6795 10 1058 1063 +edge_58_0_+disjointig_51_0_8081 652 1699 8081 -1 -1 1019 0.00429427
Chain
	Aln	115	-477d3510-fd08-4ed4-8722-1b0d44bd6795 4 1052 1063 -edge_58_0_+disjointig_51_0_8081 6381 7428 8081 -1 -1 1019 0.00429427
Chain
	Aln	65	+81b446a5-d110-4ca9-b68f-5d4931562b85 12 2697 2702 -edge_33_0_+disjointig_29_0_5706 2034 4718 5706 -1 -1 2684 0.000251002
Chain
	Aln	64	-81b446a5-d110-4ca9-b68f-5d4931562b85 4 2689 2702 +edge_33_0_+disjointig_29_0_5706 987 3671 5706 -1 -1 2684 0.000251002
Chain
	Aln	3	+ec8c9433-cf25-47d9-8c9c-ce3165077f53 14 3140 3143 -edge_2_0_+disjointig_10_0_3140 13 3137 3140 -1 -1 3097 0
Chain
	Aln	2	-ec8c9433-cf25-47d9-8c9c-ce3165077f53 2 3128 3143 +edge_2_0_+disjointig_10_0_3140 2 3126 3140 -1 -1 3097 0
Chain
	Aln	63	+f31323d6-788c-44d9-8538-cfebacbf09f3 363 5060 5087 -edge_32_0_+disjointig_27_0_9072 11 4715 9072 -1 -1 4688 0.000823416
Chain
	Aln	62	-f31323d6-788c-44d9-8538-cfebacbf09f3 26 4723 5087 +edge_32_0_+disjointig_27_0_9072 4356 9060 9072 -1 -1 4688 0.000823416
Chain
	Aln	105	+25d887c4-ae53-43a0-bb16-0f385a4c23b0 17 1403 1407 -edge_53_0_+disjointig_47_0_11315 8190 9576 11315 -1 -1 1372 0.00323322
Chain
	Aln	104	-25d887c4-ae53-43a0-bb16-0f385a4c23b0 3 1389 1407 +edge_53_0_+disjointig_47_0_11315 1738 3124 11315 -1 -1 1372 0.00323322
Chain
	Aln	83	+fe449926-a606-44ef-bf6e-a13937e4f2fd 11 4253 4255 -edge_42_0_+disjointig_37_0_4765 10 4243 4765 -1 -1 4079 0.00416205
Chain
	Aln	82	-fe449926-a606-44ef-bf6e-a13937e4f2fd 1 4243 4255 +edge_42_0_+disjointig_37_0_4765 521 4754 4765 -1 -1 4079 0.00416205
Chain
	Aln	121	+b1d1b819-cf96-4c43-b4a3-df67c3e6f749 15 11007 11009 -edge_61_0_+disjointig_54_0_11314 327 11312 11314 -1 -1 10739 0.00275274
Chain
	Aln	120	-b1d1b819-cf96-4c43-b4a3-df67c3e6f749 1 10993 11009 +edge_61_0_+disjointig_54_0_11314 1 10986 11314 -1 -1 10739 0.00275274
Chain
	Aln	92	+dcf0abe3-87ee-4306-a979-488508306834 9 1377 1379 +edge_47_0_+disjointig_41_0_4112 2187 3555 4112 -1 -1 1363 0
Chain
	Aln	93	-dcf0abe3-87ee-4306-a979-488508306834 1 1369 1379 -edge_47_0_+disjointig_41_0_4112 556 1924 4112 -1 -1 1363 0
Chain
	Aln	10	+6556f8a3-0550-414c-bb0c-6acf2ad1c550 1 4389 4393 +edge_6_0_+disjointig_14_0_5947 1 4392 5947 -1 -1 4295 0.0026751
Chain
	Aln	11	-6556f8a3-0550-414c-bb0c-6acf2ad1c550 3 4391 4393 -edge_6_0_+disjointig_14_0_5947 1554 5945 5947 -1 -1 4295 0.0026751
Chain
	Aln	59	+0813fcab-8a5d-477e-8361-fdcdff4e47a5 6 2417 2422 -edge_30_0_+disjointig_25_0_2422 5 2417 2422 -1 -1 2381 0.000742339
Chain
	Aln	58	-0813fcab-8a5d-477e-8361-fdcdff4e47a5 4 2415 2422 +edge_30_0_+disjointig_25_0_2422 4 2416 2422 -1 -1 2381 0.000742339
Chain
	Aln	121	+aff3ddc3-dd00-4bd9-a18d-1d7902a8b579 16 5198 5200 -edge_61_0_+disjointig_54_0_11314 1443 6623 11314 -1 -1 5111 0.00277691
Chain
	Aln	120	-aff3ddc3-dd00-4bd9-a18d-1d7902a8b579 1 5183 5200 +edge_61_0_+disjointig_54_0_11314 4690 9870 11314 -1 -1 5111 0.00277691
Chain
	Aln	97	+3426cc23-d7e2-4992-8cf2-165a0c444338 8 3517 3523 -edge_49_0_+disjointig_43_0_7661 7 3516 7661 -1 -1 3470 8.60972e-05
Chain
	Aln	96	-3426cc23-d7e2-4992-8cf2-165a0c444338 5 3514 3523 +edge_49_0_+disjointig_43_0_7661 4144 7653 7661 -1 -1 3470 8.60972e-05
Chain
	Aln	57	+4bee049d-38a3-4fc1-9365-05f08f674d20 12 18225 26317 -edge_29_0_+disjointig_24_0_18228 11 18227 18228 -1 -1 17957 0.00133522
Chain
	Aln	56	-4bee049d-38a3-4fc1-9365-05f08f674d20 8091 26304 26317 +edge_29_0_+disjointig_24_0_18228 0 18216 18228 -1 -1 17957 0.00133522
Chain
	Aln	137	+e52cc50a-aa62-4e03-8f7b-f6c0197784c5 10 1070 1073 -edge_69_0_+disjointig_9_0_8455 3694 4755 8455 -1 -1 1056 0
Chain
	Aln	136	-e52cc50a-aa62-4e03-8f7b-f6c0197784c5 2 1062 1073 +edge_69_0_+disjointig_9_0_8455 3699 4760 8455 -1 -1 1056 0
Chain
	Aln	104	+a302c98d-6a89-4cc8-a3bc-823743181501 659 12013 12024 +edge_53_0_+disjointig_47_0_11315 1 11305 11315 -1 -1 10392 0.00338952
Chain
	Aln	105	-a302c98d-6a89-4cc8-a3bc-823743181501 10 11364 12024 -edge_53_0_+disjointig_47_0_11315 9 11313 11315 -1 -1 10392 0.00338952
Chain
	Aln	93	+abfb8776-02db-40a3-8e8d-4793a06a73aa 6 2465 2477 -edge_47_0_+disjointig_41_0_4112 1643 4101 4112 -1 -1 2436 0.000296936
Chain
	Aln	92	-abfb8776-02db-40a3-8e8d-4793a06a73aa 11 2470 2477 +edge_47_0_+disjointig_41_0_4112 10 2468 4112 -1 -1 2436 0.000296936
Chain
	Aln	87	+c6b4653b-f417-4bf3-a905-f23fcfbdfbdc 14 3680 3685 -edge_44_0_+disjointig_39_0_3679 13 3674 3679 -1 -1 3620 0.00340897
Chain
	Aln	86	-c6b4653b-f417-4bf3-a905-f23fcfbdfbdc 4 3670 3685 +edge_44_0_+disjointig_39_0_3679 4 3665 3679 -1 -1 3620 0.00340897
Chain
	Aln	86	+6f475882-7ad9-4dad-a6e5-8bedb4bbffb7 26 3674 3677 +edge_44_0_+disjointig_39_0_3679 4 3657 3679 -1 -1 3590 0.00282474
Chain
	Aln	87	-6f475882-7ad9-4dad-a6e5-8bedb4bbffb7 2 3650 3677 -edge_44_0_+disjointig_39_0_3679 21 3674 3679 -1 -1 3590 0.00282474
Chain
	Aln	32	+b878c8c9-7a2c-4cd4-ba72-0ee19f1f8bc6 26 1602 1604 +edge_17_0_+disjointig_23_2639_6637 928 2470 3998 -1 -1 1319 0.0167951
Chain
	Aln	33	-b878c8c9-7a2c-4cd4-ba72-0ee19f1f8bc6 1 1577 1604 -edge_17_0_+disjointig_23_2639_6637 1527 3069 3998 -1 -1 1319 0.0167951
Chain
	Aln	20	+afa020ad-4b75-47fa-a6f5-e81674c7f0d6 193 19071 19077 +edge_11_0_+disjointig_19_0_18887 2 18882 18887 -1 -1 18481 0.000988069
Chain
	Aln	21	-afa020ad-4b75-47fa-a6f5-e81674c7f0d6 5 18883 19077 -edge_11_0_+disjointig_19_0_18887 4 18884 18887 -1 -1 18481 0.000988069
Chain
	Aln	114	+87008e2e-0c56-45b7-b8aa-aed798fd1aa2 4 1023 1045 +edge_58_0_+disjointig_51_0_8081 3112 4132 8081 -1 -1 982 0.00170705
Chain
	Aln	115	-87008e2e-0c56-45b7-b8aa-aed798fd1aa2 21 1040 1045 -edge_58_0_+disjointig_51_0_8081 3948 4968 8081 -1 -1 982 0.00170705
Chain
	Aln	79	+aa18482d-ac71-4ee4-ac15-85b31dd573c4 11 4037 4039 -edge_40_0_+disjointig_35_0_6836 2808 6834 6836 -1 -1 4007 0.000595595
Chain
	Aln	78	-aa18482d-ac71-4ee4-ac15-85b31dd573c4 1 4027 4039 +edge_40_0_+disjointig_35_0_6836 1 4027 6836 -1 -1 4007 0.000595595
Chain
	Aln	135	+fc173605-7792-459e-9b02-c2dc21d0cf36 17 9263 9268 -edge_68_0_+disjointig_7_0_17476 8231 17471 17476 -1 -1 9096 0
Chain
	Aln	134	-fc173605-7792-459e-9b02-c2dc21d0cf36 4 9250 9268 +edge_68_0_+disjointig_7_0_17476 4 9244 17476 -1 -1 9096 0
Chain
	Aln	123	+05fe15f5-d71a-476b-99c4-90b4212ebcf8 11 2281 2290 -edge_62_0_+disjointig_55_0_3858 10 2285 3858 -1 -1 2228 0.00130182
Chain
	Aln	122	-05fe15f5-d71a-476b-99c4-90b4212ebcf8 8 2278 2290 +edge_62_0_+disjointig_55_0_3858 1572 3847 3858 -1 -1 2228 0.00130182
Chain
	Aln	33	+db011547-c8b7-405f-9860-5e043ab2d797 5 2885 5108 -edge_17_0_+disjointig_23_2639_6637 1119 3997 3998 -1 -1 2840 0.000830434
	Aln	31	+db011547-c8b7-405f-9860-5e043ab2d797 2888 5102 5108 -edge_16_0_+disjointig_23_0_2639 2 2215 2639 -1 -1 2176 0.000885464
Chain
	Aln	30	-db011547-c8b7-405f-9860-5e043ab2d797 5 2219 5108 +edge_16_0_+disjointig_23_0_2639 423 2636 2639 -1 -1 2176 0.000885464
	Aln	32	-db011547-c8b7-405f-9860-5e043ab2d797 2222 5102 5108 +edge_17_0_+disjointig_23_2639_6637 0 2878 3998 -1 -1 2840 0.000830434
Chain
	Aln	57	+bb466d84-6277-48b9-9a28-411a66070e6f 28 2373 2382 -edge_29_0_+disjointig_24_0_18228 6325 8670 18228 -1 -1 2333 0.003231
Chain
	Aln	56	-bb466d84-6277-48b9-9a28-411a66070e6f 8 2353 2382 +edge_29_0_+disjointig_24_0_18228 9557 11902 18228 -1 -1 2333 0.003231
Chain
	Aln	129	+ba0291b3-f100-495b-a819-26f8f5048df8 17 4270 4293 -edge_65_0_+disjointig_58_0_4299 18 4274 4299 -1 -1 4210 0
Chain
	Aln	128	-ba0291b3-f100-495b-a819-26f8f5048df8 22 4275 4293 +edge_65_0_+disjointig_58_0_4299 24 4280 4299 -1 -1 4210 0
Chain
	Aln	126	+e7ac61f1-d1b3-4d9e-be95-e8b191f92d93 2 10755 10766 +edge_64_0_+disjointig_57_0_13037 2275 13027 13037 -1 -1 8879 0.0169611
Chain
	Aln	127	-e7ac61f1-d1b3-4d9e-be95-e8b191f92d93 10 10763 10766 -edge_64_0_+disjointig_57_0_13037 9 10761 13037 -1 -1 8879 0.0169611
Chain
	Aln	85	+01a36813-0343-4430-8774-df1ee1f5b030 13 3365 3368 -edge_43_0_+disjointig_38_0_9838 6489 9835 9838 -1 -1 3289 0.00304648
Chain
	Aln	84	-01a36813-0343-4430-8774-df1ee1f5b030 2 3354 3368 +edge_43_0_+disjointig_38_0_9838 2 3348 9838 -1 -1 3289 0.00304648
Chain
	Aln	136	+4e52ef1b-37f1-4a3e-bde8-8b098aea917b 1406 9841 9852 +edge_69_0_+disjointig_9_0_8455 1 8445 8455 -1 -1 8284 0.00154211
Chain
	Aln	137	-4e52ef1b-37f1-4a3e-bde8-8b098aea917b 10 8445 9852 -edge_69_0_+disjointig_9_0_8455 9 8453 8455 -1 -1 8284 0.00154211
Chain
	Aln	125	+fb3414df-cb2c-4a11-88bd-dc35f1facd9e 5 1342 1346 -edge_63_0_+disjointig_56_0_6222 1793 3131 6222 -1 -1 1320 0.00527155
Chain
	Aln	124	-fb3414df-cb2c-4a11-88bd-dc35f1facd9e 3 1340 1346 +edge_63_0_+disjointig_56_0_6222 3090 4428 6222 -1 -1 1320 0.00527155
Chain
	Aln	19	+86a3ff8f-cb57-45ac-b899-96306c575a2e 12 2449 2452 -edge_10_0_+disjointig_18_0_2447 11 2444 2447 -1 -1 2383 0.00361793
Chain
	Aln	18	-86a3ff8f-cb57-45ac-b899-96306c575a2e 2 2439 2452 +edge_10_0_+disjointig_18_0_2447 2 2435 2447 -1 -1 2383 0.00361793
Chain
	Aln	83	+c3679513-c19a-4957-8e0e-bd905eada2a2 10 1187 1194 -edge_42_0_+disjointig_37_0_4765 1091 2267 4765 -1 -1 1162 0.0012961
Chain
	Aln	82	-c3679513-c19a-4957-8e0e-bd905eada2a2 6 1183 1194 +edge_42_0_+disjointig_37_0_4765 2497 3673 4765 -1 -1 1162 0.0012961
Chain
	Aln	106	+2c5fbe3d-e27f-4f28-a8d1-f52cf4b75b27 10 1165 1167 +edge_54_0_+disjointig_48_0_3110 1933 3088 3110 -1 -1 1155 0.000469677
Chain
	Aln	107	-2c5fbe3d-e27f-4f28-a8d1-f52cf4b75b27 1 1156 1167 -edge_54_0_+disjointig_48_0_3110 21 1176 3110 -1 -1 1155 0.000469677
Chain
	Aln	25	+4eccd72e-b254-4c4d-8532-4267ab64dfb1 12 8508 8511 -edge_13_0_+disjointig_20_0_38692 30194 38689 38692 -1 -1 8378 0.002181
Chain
	Aln	24	-4eccd72e-b254-4c4d-8532-4267ab64dfb1 2 8498 8511 +edge_13_0_+disjointig_20_0_38692 2 8497 38692 -1 -1 8378 0.002181
Chain
	Aln	115	+c279dc2f-f75e-427a-bf49-9532d98abd93 16 5664 5666 -edge_58_0_+disjointig_51_0_8081 2434 8079 8081 -1 -1 5563 0.0018954
Chain
	Aln	114	-c279dc2f-f75e-427a-bf49-9532d98abd93 1 5649 5666 +edge_58_0_+disjointig_51_0_8081 1 5646 8081 -1 -1 5563 0.0018954
Chain
	Aln	130	+53598cf6-3630-4e47-8d6e-73f092f2d998 3 1777 1782 +edge_66_0_+disjointig_59_0_2811 877 2651 2811 -1 -1 1760 0.000829279
Chain
	Aln	131	-53598cf6-3630-4e47-8d6e-73f092f2d998 4 1778 1782 -edge_66_0_+disjointig_59_0_2811 159 1933 2811 -1 -1 1760 0.000829279
Chain
	Aln	84	+7ddfadd4-4440-443a-8e92-d55a8c3c31ce 10 9694 9701 +edge_43_0_+disjointig_38_0_9838 163 9832 9838 -1 -1 9477 0.00277048
Chain
	Aln	85	-7ddfadd4-4440-443a-8e92-d55a8c3c31ce 6 9690 9701 -edge_43_0_+disjointig_38_0_9838 5 9674 9838 -1 -1 9477 0.00277048
Chain
	Aln	137	+3d09d960-932d-4f4c-b005-1e8137936f63 14 2738 2740 -edge_69_0_+disjointig_9_0_8455 5730 8453 8455 -1 -1 2713 0
Chain
	Aln	136	-3d09d960-932d-4f4c-b005-1e8137936f63 1 2725 2740 +edge_69_0_+disjointig_9_0_8455 1 2724 8455 -1 -1 2713 0
Chain
	Aln	107	+cfd10aba-470a-4da4-9811-a4caf2a506f5 14 3100 3103 -edge_54_0_+disjointig_48_0_3110 13 3107 3110 -1 -1 3018 0.0022476
Chain
	Aln	106	-cfd10aba-470a-4da4-9811-a4caf2a506f5 2 3088 3103 +edge_54_0_+disjointig_48_0_3110 2 3096 3110 -1 -1 3018 0.0022476
Chain
	Aln	95	+3a605ad7-0f8b-49ef-9c3d-d39a24d6c5e3 5 2664 2667 -edge_48_0_+disjointig_42_0_7646 4984 7643 7646 -1 -1 2600 0.00216624
Chain
	Aln	94	-3a605ad7-0f8b-49ef-9c3d-d39a24d6c5e3 2 2661 2667 +edge_48_0_+disjointig_42_0_7646 2 2661 7646 -1 -1 2600 0.00216624
Chain
	Aln	62	+bf631898-bdb8-4746-a694-e3c876815818 9 2278 2286 +edge_32_0_+disjointig_27_0_9072 6129 8403 9072 -1 -1 2214 0.00260787
Chain
	Aln	63	-bf631898-bdb8-4746-a694-e3c876815818 7 2276 2286 -edge_32_0_+disjointig_27_0_9072 668 2942 9072 -1 -1 2214 0.00260787
Chain
	Aln	56	+551b6ace-b8a6-4ba5-acf7-3b75d7ebb8bf 9 1221 1223 +edge_29_0_+disjointig_24_0_18228 6071 7283 18228 -1 -1 1197 0.00445111
Chain
	Aln	57	-551b6ace-b8a6-4ba5-acf7-3b75d7ebb8bf 1 1213 1223 -edge_29_0_+disjointig_24_0_18228 10944 12156 18228 -1 -1 1197 0.00445111
Chain
	Aln	1	+3a09f8b0-c744-4f32-98a5-cdac16b7ad21 541 2168 2174 -edge_1_0_+disjointig_1_0_2967 13 1640 2967 -1 -1 1608 0.00140345
Chain
	Aln	0	-3a09f8b0-c744-4f32-98a5-cdac16b7ad21 5 1632 2174 +edge_1_0_+disjointig_1_0_2967 1326 2953 2967 -1 -1 1608 0.00140345
Chain
	Aln	79	+1a7fb722-1a99-4de5-8874-27e64ed8d561 20 6835 11226 -edge_40_0_+disjointig_35_0_6836 19 6835 6836 -1 -1 6744 0.000448922
Chain
	Aln	78	-1a7fb722-1a99-4de5-8874-27e64ed8d561 4390 11205 11226 +edge_40_0_+disjointig_35_0_6836 0 6816 6836 -1 -1 6744 0.000448922
Chain
	Aln	103	+5200e6cf-901e-49b7-877c-28b04e0829df 14 3696 3705 -edge_52_0_+disjointig_46_0_6327 13 3691 6327 -1 -1 3615 0.00236204
Chain
	Aln	102	-5200e6cf-901e-49b7-877c-28b04e0829df 8 3690 3705 +edge_52_0_+disjointig_46_0_6327 2635 6313 6327 -1 -1 3615 0.00236204
Chain
	Aln	87	+ecd207f9-767f-419e-bb31-af80ce0168d5 11 1239 1243 -edge_44_0_+disjointig_39_0_3679 2035 3263 3679 -1 -1 1212 0.00639324
Chain
	Aln	86	-ecd207f9-767f-419e-bb31-af80ce0168d5 3 1231 1243 +edge_44_0_+disjointig_39_0_3679 415 1643 3679 -1 -1 1212 0.00639324
Chain
	Aln	1	+99ee6295-0927-4e0d-815a-40b88950b167 11 2867 3287 -edge_1_0_+disjointig_1_0_2967 112 2966 2967 -1 -1 2808 0.00149617
Chain
	Aln	0	-99ee6295-0927-4e0d-815a-40b88950b167 419 3275 3287 +edge_1_0_+disjointig_1_0_2967 0 2854 2967 -1 -1 2808 0.00149617
Chain
	Aln	26	+5954691d-a13a-4ed2-8f14-acc8cfeade5b 11 1558 1561 +edge_14_0_+disjointig_21_0_13644 9107 10654 13644 -1 -1 1470 0.00447603
Chain
	Aln	27	-5954691d-a13a-4ed2-8f14-acc8cfeade5b 2 1549 1561 -edge_14_0_+disjointig_21_0_13644 2989 4536 13644 -1 -1 1470 0.00447603
Chain
	Aln	113	+5ebfda1d-5509-496f-890d-bfeda8a8ea45 7 3309 3314 -edge_57_0_+disjointig_50_0_8242 4934 8237 8242 -1 -1 3284 0.00248795
Chain
	Aln	112	-5ebfda1d-5509-496f-890d-bfeda8a8ea45 4 3306 3314 +edge_57_0_+disjointig_50_0_8242 4 3307 8242 -1 -1 3284 0.00248795
Chain
	Aln	133	+731c3069-9105-40ec-9962-be95289d2635 14 8050 8053 -edge_67_0_+disjointig_6_0_10624 13 8058 10624 -1 -1 7966 0.00054444
Chain
	Aln	132	-731c3069-9105-40ec-9962-be95289d2635 2 8038 8053 +edge_67_0_+disjointig_6_0_10624 2565 10610 10624 -1 -1 7966 0.00054444
Chain
	Aln	127	+9ae66783-3868-47de-8b2a-84cce0a33931 11 3364 3369 -edge_64_0_+disjointig_57_0_13037 7955 11309 13037 -1 -1 3329 8.98992e-05
Chain
	Aln	126	-9ae66783-3868-47de-8b2a-84cce0a33931 4 3357 3369 +edge_64_0_+disjointig_57_0_13037 1727 5081 13037 -1 -1 3329 8.98992e-05
Chain
	Aln	1	+f1c1410c-6362-4ef5-a245-466e07b78ef8 31 2955 2960 -edge_1_0_+disjointig_1_0_2967 32 2962 2967 -1 -1 2878 0.0020727
Chain
	Aln	0	-f1c1410c-6362-4ef5-a245-466e07b78ef8 4 2928 2960 +edge_1_0_+disjointig_1_0_2967 4 2934 2967 -1 -1 2878 0.0020727
Chain
	Aln	12	+6a956a96-142a-4ab5-b12f-e3c094a5d888 8 1641 1646 +edge_7_0_+disjointig_15_0_8618 2117 3758 8618 -1 -1 1540 0.00771925
Chain
	Aln	13	-6a956a96-142a-4ab5-b12f-e3c094a5d888 4 1637 1646 -edge_7_0_+disjointig_15_0_8618 4859 6500 8618 -1 -1 1540 0.00771925
Chain
	Aln	25	+0ccc1a70-3b54-4f3a-b8d4-d93f2a0fa17a 9 5295 5297 -edge_13_0_+disjointig_20_0_38692 8135 13431 38692 -1 -1 5137 0.00320679
Chain
	Aln	24	-0ccc1a70-3b54-4f3a-b8d4-d93f2a0fa17a 1 5287 5297 +edge_13_0_+disjointig_20_0_38692 25260 30556 38692 -1 -1 5137 0.00320679
Chain
	Aln	17	+fc432cd7-63c9-4ad2-8622-f8f5b6a93e58 14 6159 6167 -edge_9_0_+disjointig_17_0_8632 2481 8624 8632 -1 -1 6091 0.0026078
Chain
	Aln	16	-fc432cd7-63c9-4ad2-8622-f8f5b6a93e58 7 6152 6167 +edge_9_0_+disjointig_17_0_8632 7 6150 8632 -1 -1 6091 0.0026078
Chain
	Aln	27	+73a42f3e-6eb0-4cc2-a8d7-5095f31290f8 8 5718 5720 -edge_14_0_+disjointig_21_0_13644 7 5630 13644 -1 -1 5492 0.00222778
Chain
	Aln	26	-73a42f3e-6eb0-4cc2-a8d7-5095f31290f8 1 5711 5720 +edge_14_0_+disjointig_21_0_13644 8013 13636 13644 -1 -1 5492 0.00222778
Chain
	Aln	125	+08f57825-63cd-4900-a6f0-5b105b62ad84 14 1331 1335 -edge_63_0_+disjointig_56_0_6222 1121 2435 6222 -1 -1 1294 0.00596008
Chain
	Aln	124	-08f57825-63cd-4900-a6f0-5b105b62ad84 3 1320 1335 +edge_63_0_+disjointig_56_0_6222 3786 5100 6222 -1 -1 1294 0.00596008
Chain
	Aln	70	+ef403000-72ba-41b6-9001-cc9c4203a4ff 1107 12727 12735 +edge_36_0_+disjointig_31_0_20720 12 11656 20720 -1 -1 10490 0.00989115
Chain
	Aln	71	-ef403000-72ba-41b6-9001-cc9c4203a4ff 7 11627 12735 -edge_36_0_+disjointig_31_0_20720 9063 20707 20720 -1 -1 10490 0.00989115
Chain
	Aln	27	+9849a29f-a095-493d-8ca0-f8ada9bad7cc 1 7996 8000 -edge_14_0_+disjointig_21_0_13644 5648 13640 13644 -1 -1 7920 0.00108333
Chain
	Aln	26	-9849a29f-a095-493d-8ca0-f8ada9bad7cc 3 7998 8000 +edge_14_0_+disjointig_21_0_13644 3 7995 13644 -1 -1 7920 0.00108333
Chain
	Aln	15	+2b63b198-e363-4936-bf47-4db673176b18 15 3921 3929 -edge_8_0_+disjointig_16_0_5737 14 3918 5737 -1 -1 3888 0.000894409
Chain
	Aln	14	-2b63b198-e363-4936-bf47-4db673176b18 7 3913 3929 +edge_8_0_+disjointig_16_0_5737 1818 5722 5737 -1 -1 3888 0.000894409
Chain
	Aln	7	+80e6d310-dc0a-48e2-9972-42f6427f018b 13 1331 1336 -edge_4_0_+disjointig_12_0_2493 760 2078 2493 -1 -1 1310 0
Chain
	Aln	6	-80e6d310-dc0a-48e2-9972-42f6427f018b 4 1322 1336 +edge_4_0_+disjointig_12_0_2493 414 1732 2493 -1 -1 1310 0
Chain
	Aln	13	+221ac066-34dd-4796-8ea6-25f3ef4d46a3 11 6684 6686 -edge_7_0_+disjointig_15_0_8618 10 6684 8618 -1 -1 6636 0.000672617
Chain
	Aln	12	-221ac066-34dd-4796-8ea6-25f3ef4d46a3 1 6674 6686 +edge_7_0_+disjointig_15_0_8618 1933 8607 8618 -1 -1 6636 0.000672617
Chain
	Aln	61	+84f54314-01a0-4749-852d-fbf9e00bccf3 4 2546 2549 -edge_31_0_+disjointig_26_0_4895 2349 4892 4895 -1 -1 2488 0.00294202
Chain
	Aln	60	-84f54314-01a0-4749-852d-fbf9e00bccf3 2 2544 2549 +edge_31_0_+disjointig_26_0_4895 2 2545 4895 -1 -1 2488 0.00294202
Chain
	Aln	19	+ee36a6c9-658e-4fff-9c63-2f4b61d19344 1508 3942 4054 -edge_10_0_+disjointig_18_0_2447 11 2446 2447 -1 -1 2403 0.00300402
Chain
	Aln	18	-ee36a6c9-658e-4fff-9c63-2f4b61d19344 111 2545 4054 +edge_10_0_+disjointig_18_0_2447 0 2435 2447 -1 -1 2403 0.00300402
Chain
	Aln	7	+1a53615e-5c06-429c-9e57-19368191bde3 20 2489 2492 -edge_4_0_+disjointig_12_0_2493 19 2490 2493 -1 -1 2443 0.00179342
Chain
	Aln	6	-1a53615e-5c06-429c-9e57-19368191bde3 2 2471 2492 +edge_4_0_+disjointig_12_0_2493 2 2473 2493 -1 -1 2443 0.00179342
Chain
	Aln	17	+7dcaa725-f57a-4263-948b-e298f46f186e 15 8610 11605 -edge_9_0_+disjointig_17_0_8632 14 8631 8632 -1 -1 8196 0.00624191
Chain
	Aln	16	-7dcaa725-f57a-4263-948b-e298f46f186e 2994 11589 11605 +edge_9_0_+disjointig_17_0_8632 0 8617 8632 -1 -1 8196 0.00624191
Chain
	Aln	72	+5b5785d7-2298-4efe-887d-2441533c9a63 14 2392 2394 +edge_37_0_+disjointig_32_0_3636 840 3219 3636 -1 -1 2372 0.00121473
Chain
	Aln	73	-5b5785d7-2298-4efe-887d-2441533c9a63 1 2379 2394 -edge_37_0_+disjointig_32_0_3636 416 2795 3636 -1 -1 2372 0.00121473
Chain
	Aln	57	+a04c76d5-f9ab-40cb-8163-31508d3d9b4d 7 2326 4828 -edge_29_0_+disjointig_24_0_18228 14152 16474 18228 -1 -1 2257 0.00338927
Chain
	Aln	56	+a04c76d5-f9ab-40cb-8163-31508d3d9b4d 2521 4821 4828 +edge_29_0_+disjointig_24_0_18228 1724 4054 18228 -1 -1 2115 0.0093617
Chain
	Aln	56	-a04c76d5-f9ab-40cb-8163-31508d3d9b4d 2501 4820 4828 +edge_29_0_+disjointig_24_0_18228 1753 4075 18228 -1 -1 2257 0.00338927
Chain
	Aln	57	-a04c76d5-f9ab-40cb-8163-31508d3d9b4d 6 2306 4828 -edge_29_0_+disjointig_24_0_18228 14173 16503 18228 -1 -1 2115 0.0093617
Chain
	Aln	9	+b5bab08c-ee24-4760-8004-012a5c6e26db 14 2384 2387 -edge_5_0_+disjointig_13_0_3897 1523 3894 3897 -1 -1 2359 0
Chain
	Aln	8	-b5bab08c-ee24-4760-8004-012a5c6e26db 2 2372 2387 +edge_5_0_+disjointig_13_0_3897 2 2373 3897 -1 -1 2359 0
Chain
	Aln	24	+aedc36a8-aa84-4f06-9918-2bc0184528b6 5 7261 7264 +edge_13_0_+disjointig_20_0_38692 23746 31008 38692 -1 -1 7099 0.00293887
Chain
	Aln	25	-aedc36a8-aa84-4f06-9918-2bc0184528b6 2 7258 7264 -edge_13_0_+disjointig_20_0_38692 7683 14945 38692 -1 -1 7099 0.00293887
Chain
	Aln	11	+ae7d1a5e-0609-49ef-9a75-412875d7fb19 12 3289 3295 -edge_6_0_+disjointig_14_0_5947 11 3286 5947 -1 -1 3139 0.00562781
Chain
	Aln	10	-ae7d1a5e-0609-49ef-9a75-412875d7fb19 5 3282 3295 +edge_6_0_+disjointig_14_0_5947 2660 5935 5947 -1 -1 3139 0.00562781
Chain
	Aln	99	+363f6dda-db77-446d-a50a-a2ecd07d274a 52 9696 9734 -edge_50_0_+disjointig_44_0_9681 54 9680 9681 -1 -1 9232 0.00409858
Chain
	Aln	98	-363f6dda-db77-446d-a50a-a2ecd07d274a 37 9681 9734 +edge_50_0_+disjointig_44_0_9681 0 9626 9681 -1 -1 9232 0.00409858
Chain
	Aln	68	+450b698c-8b9c-4afb-88c6-cc98af887a6c 2488 7097 7108 +edge_35_0_+disjointig_30_0_4612 1 4602 4612 -1 -1 4579 0.000329454
Chain
	Aln	69	-450b698c-8b9c-4afb-88c6-cc98af887a6c 10 4619 7108 -edge_35_0_+disjointig_30_0_4612 9 4610 4612 -1 -1 4579 0.000329454
Chain
	Aln	13	+36f01cac-9522-436b-b657-fff830b497db 5 5277 5280 -edge_7_0_+disjointig_15_0_8618 3339 8615 8618 -1 -1 5162 0.00259595
Chain
	Aln	12	-36f01cac-9522-436b-b657-fff830b497db 2 5274 5280 +edge_7_0_+disjointig_15_0_8618 2 5278 8618 -1 -1 5162 0.00259595
Chain
	Aln	33	+4e994556-7c49-4b8a-a76b-b63b6ff660c2 17 703 2781 -edge_17_0_+disjointig_23_2639_6637 3312 3997 3998 -1 -1 663 0.0018961
	Aln	31	+4e994556-7c49-4b8a-a76b-b63b6ff660c2 706 2778 2781 -edge_16_0_+disjointig_23_0_2639 2 2072 2639 -1 -1 1882 0.00959211
Chain
	Aln	30	-4e994556-7c49-4b8a-a76b-b63b6ff660c2 2 2074 2781 +edge_16_0_+disjointig_23_0_2639 566 2636 2639 -1 -1 1882 0.00959211
	Aln	32	-4e994556-7c49-4b8a-a76b-b63b6ff660c2 2077 2763 2781 +edge_17_0_+disjointig_23_2639_6637 0 685 3998 -1 -1 663 0.0018961
Chain
	Aln	29	+7cebb7b1-cbbe-440c-a3fc-2b64af4e6dc0 8 9243 9245 -edge_15_0_+disjointig_22_0_9457 223 9455 9457 -1 -1 9118 0.0012966
Chain
	Aln	28	-7cebb7b1-cbbe-440c-a3fc-2b64af4e6dc0 1 9236 9245 +edge_15_0_+disjointig_22_0_9457 1 9233 9457 -1 -1 9118 0.0012966
Chain
	Aln	134	+1d15b5a3-155e-45ef-96ec-7fb192041ae5 6382 23843 23852 +edge_68_0_+disjointig_7_0_17476 4 17468 17476 -1 -1 17261 0
Chain
	Aln	135	-1d15b5a3-155e-45ef-96ec-7fb192041ae5 8 17469 23852 -edge_68_0_+disjointig_7_0_17476 7 17471 17476 -1 -1 17261 0
Chain
	Aln	23	+2cce5785-78a1-4541-97ad-2dfeac1cc247 12 4885 4893 -edge_12_0_+disjointig_2_0_5156 11 4880 5156 -1 -1 4762 0.000492782
Chain
	Aln	22	-2cce5785-78a1-4541-97ad-2dfeac1cc247 7 4880 4893 +edge_12_0_+disjointig_2_0_5156 275 5144 5156 -1 -1 4762 0.000492782
Chain
	Aln	27	+8f1ed650-de84-4236-b003-005ae16887bf 13 1227 1231 -edge_14_0_+disjointig_21_0_13644 4704 5911 13644 -1 -1 1161 0.00631294
Chain
	Aln	26	-8f1ed650-de84-4236-b003-005ae16887bf 3 1217 1231 +edge_14_0_+disjointig_21_0_13644 7732 8939 13644 -1 -1 1161 0.00631294
Chain
	Aln	65	+d246a338-16a7-43d8-9c27-5014804a373b 15 5698 5700 -edge_33_0_+disjointig_29_0_5706 14 5704 5706 -1 -1 5671 0.000977532
Chain
	Aln	64	-d246a338-16a7-43d8-9c27-5014804a373b 1 5684 5700 +edge_33_0_+disjointig_29_0_5706 1 5691 5706 -1 -1 5671 0.000977532
Chain
	Aln	134	+06324695-d892-42db-8cc9-5c88edca14de 10 1506 1517 +edge_68_0_+disjointig_7_0_17476 12884 14380 17476 -1 -1 1480 0
Chain
	Aln	135	-06324695-d892-42db-8cc9-5c88edca14de 10 1506 1517 -edge_68_0_+disjointig_7_0_17476 3095 4591 17476 -1 -1 1480 0
Chain
	Aln	120	+3cf61d03-0e3b-499e-9bc2-12b218e943a9 9 6015 6018 +edge_61_0_+disjointig_54_0_11314 1846 7857 11314 -1 -1 5896 0.00203539
Chain
	Aln	121	-3cf61d03-0e3b-499e-9bc2-12b218e943a9 2 6008 6018 -edge_61_0_+disjointig_54_0_11314 3456 9467 11314 -1 -1 5896 0.00203539
Chain
	Aln	67	+90e40119-e069-4ca8-8485-275e80e72d75 13 2614 2616 -edge_34_0_+disjointig_3_0_2610 12 2608 2610 -1 -1 2518 0.00535542
Chain
	Aln	66	-90e40119-e069-4ca8-8485-275e80e72d75 1 2602 2616 +edge_34_0_+disjointig_3_0_2610 1 2597 2610 -1 -1 2518 0.00535542
Chain
	Aln	82	+97337a9e-b3a4-4446-bf15-91bd94de6a5b 12 1105 1116 +edge_42_0_+disjointig_37_0_4765 3534 4628 4765 -1 -1 1069 0.00262922
Chain
	Aln	83	-97337a9e-b3a4-4446-bf15-91bd94de6a5b 10 1103 1116 -edge_42_0_+disjointig_37_0_4765 136 1230 4765 -1 -1 1069 0.00262922
Chain
	Aln	56	+b15b8c04-2b14-406d-be6b-a6f81d9b212a 35 1096 1102 +edge_29_0_+disjointig_24_0_18228 15883 16944 18228 -1 -1 1052 0.00145331
Chain
	Aln	57	-b15b8c04-2b14-406d-be6b-a6f81d9b212a 5 1066 1102 -edge_29_0_+disjointig_24_0_18228 1283 2344 18228 -1 -1 1052 0.00145331
Chain
	Aln	138	+d74e9c57-7cd0-4930-baec-a0f790dabf12 9 1069 1076 +edge_70_0_-disjointig_28_24029_35487 7492 8552 11458 -1 -1 1060 0.00234918
Chain
	Aln	139	-d74e9c57-7cd0-4930-baec-a0f790dabf12 6 1066 1076 -edge_70_0_-disjointig_28_24029_35487 2905 3965 11458 -1 -1 1060 0.00234918
Chain
	Aln	126	+f23533f0-911b-437b-8473-8a313eaa1555 9 2486 2490 +edge_64_0_+disjointig_57_0_13037 9759 12231 13037 -1 -1 2097 0.0179152
Chain
	Aln	127	-f23533f0-911b-437b-8473-8a313eaa1555 3 2480 2490 -edge_64_0_+disjointig_57_0_13037 805 3277 13037 -1 -1 2097 0.0179152
Chain
	Aln	64	+3c0e69a4-d36a-4a26-a1c9-73e34dd681d7 496 1839 1848 +edge_33_0_+disjointig_29_0_5706 1 1339 5706 -1 -1 1280 0.0104884
Chain
	Aln	65	-3c0e69a4-d36a-4a26-a1c9-73e34dd681d7 8 1351 1848 -edge_33_0_+disjointig_29_0_5706 4366 5704 5706 -1 -1 1280 0.0104884
Chain
	Aln	20	+2d3203b5-751d-4d04-bb33-3dbb6317e957 8 2680 2688 +edge_11_0_+disjointig_19_0_18887 5319 7991 18887 -1 -1 2643 0
Chain
	Aln	21	-2d3203b5-751d-4d04-bb33-3dbb6317e957 7 2679 2688 -edge_11_0_+disjointig_19_0_18887 10895 13567 18887 -1 -1 2643 0
Chain
	Aln	137	+91bc4221-096d-4af4-817d-ac3824a3f10d 847 5142 5148 -edge_69_0_+disjointig_9_0_8455 13 4308 8455 -1 -1 4252 0.00106517
Chain
	Aln	136	-91bc4221-096d-4af4-817d-ac3824a3f10d 5 4300 5148 +edge_69_0_+disjointig_9_0_8455 4146 8441 8455 -1 -1 4252 0.00106517
Chain
	Aln	97	+266ded63-08f4-44b9-9481-aabdbe6e794c 11 1431 1440 -edge_49_0_+disjointig_43_0_7661 2791 4214 7661 -1 -1 1390 0.00117301
Chain
	Aln	96	-266ded63-08f4-44b9-9481-aabdbe6e794c 8 1428 1440 +edge_49_0_+disjointig_43_0_7661 3446 4869 7661 -1 -1 1390 0.00117301
Chain
	Aln	63	+399ffe87-8046-4a82-8cfa-f78ce9a48f5c 12 5489 5494 -edge_32_0_+disjointig_27_0_9072 11 5487 9072 -1 -1 5377 0.0034562
Chain
	Aln	62	-399ffe87-8046-4a82-8cfa-f78ce9a48f5c 4 5481 5494 +edge_32_0_+disjointig_27_0_9072 3584 9060 9072 -1 -1 5377 0.0034562
Chain
	Aln	33	+1979a50f-8b80-4bde-960c-3311f2e072cd 0 2526 2833 -edge_17_0_+disjointig_23_2639_6637 1700 3997 3998 -1 -1 1751 0.00924078
Chain
	Aln	32	-1979a50f-8b80-4bde-960c-3311f2e072cd 306 2832 2833 +edge_17_0_+disjointig_23_2639_6637 0 2297 3998 -1 -1 1751 0.00924078
Chain
	Aln	101	+3e183b8b-d9f5-4056-aaea-c55829990945 1148 3263 3268 -edge_51_0_+disjointig_45_0_3778 42 2155 3778 -1 -1 2100 0.000322738
Chain
	Aln	100	-3e183b8b-d9f5-4056-aaea-c55829990945 4 2119 3268 +edge_51_0_+disjointig_45_0_3778 1622 3735 3778 -1 -1 2100 0.000322738
Chain
	Aln	66	+57f6a4c9-1ff0-4254-bd2e-338ec8e166ef 102 2605 2610 +edge_34_0_+disjointig_3_0_2610 1 2506 2610 -1 -1 2465 0.00355602
Chain
	Aln	67	-57f6a4c9-1ff0-4254-bd2e-338ec8e166ef 4 2507 2610 -edge_34_0_+disjointig_3_0_2610 103 2608 2610 -1 -1 2465 0.00355602
Chain
	Aln	121	+d64af6e7-92df-4e19-b05b-12159c39d675 7 4888 4890 -edge_61_0_+disjointig_54_0_11314 6 4882 11314 -1 -1 4769 0.00391587
Chain
	Aln	120	-d64af6e7-92df-4e19-b05b-12159c39d675 1 4882 4890 +edge_61_0_+disjointig_54_0_11314 6431 11307 11314 -1 -1 4769 0.00391587
Chain
	Aln	13	+ca1898d9-b9a4-4536-973c-97adaced0cf4 10 3803 4662 -edge_7_0_+disjointig_15_0_8618 4825 8617 8618 -1 -1 3777 0.00045103
Chain
	Aln	12	-ca1898d9-b9a4-4536-973c-97adaced0cf4 858 4651 4662 +edge_7_0_+disjointig_15_0_8618 0 3792 8618 -1 -1 3777 0.00045103
Chain
	Aln	13	+e5887543-34bf-4379-9139-062782dff178 1 4756 6216 -edge_7_0_+disjointig_15_0_8618 3869 8617 8618 -1 -1 4669 0.002022
Chain
	Aln	12	-e5887543-34bf-4379-9139-062782dff178 1459 6214 6216 +edge_7_0_+disjointig_15_0_8618 0 4748 8618 -1 -1 4669 0.002022
Chain
	Aln	109	+f8b90d50-f0f2-4255-bd8d-5ae92999b920 16 2958 2960 -edge_55_0_+disjointig_49_0_2958 15 2956 2958 -1 -1 2853 0.00324133
Chain
	Aln	108	-f8b90d50-f0f2-4255-bd8d-5ae92999b920 1 2943 2960 +edge_55_0_+disjointig_49_0_2958 1 2942 2958 -1 -1 2853 0.00324133
Chain
	Aln	65	+a050dbf1-be72-47bc-8faf-78c69869b5a9 14 4902 5229 -edge_33_0_+disjointig_29_0_5706 812 5705 5706 -1 -1 4864 0.00202808
Chain
	Aln	64	-a050dbf1-be72-47bc-8faf-78c69869b5a9 326 5214 5229 +edge_33_0_+disjointig_29_0_5706 0 4893 5706 -1 -1 4864 0.00202808
Chain
	Aln	5	+33c00caa-76d8-4483-ad2e-2a553ac31da1 44 3500 3550 -edge_3_0_+disjointig_11_0_3560 41 3511 3560 -1 -1 3160 0.0108828
Chain
	Aln	4	-33c00caa-76d8-4483-ad2e-2a553ac31da1 49 3505 3550 +edge_3_0_+disjointig_11_0_3560 48 3518 3560 -1 -1 3160 0.0108828
Chain
	Aln	25	+b844ad6b-6952-4a55-9e21-fed3732534fd 8 3535 3542 -edge_13_0_+disjointig_20_0_38692 5861 9386 38692 -1 -1 3490 0.00324314
Chain
	Aln	24	-b844ad6b-6952-4a55-9e21-fed3732534fd 6 3533 3542 +edge_13_0_+disjointig_20_0_38692 29305 32830 38692 -1 -1 3490 0.00324314
Chain
	Aln	71	+92b8abf1-ad09-4dd4-aa78-706c7df51c04 6 20752 27746 -edge_36_0_+disjointig_31_0_20720 5 20714 20720 -1 -1 19506 0.00535153
Chain
	Aln	70	-92b8abf1-ad09-4dd4-aa78-706c7df51c04 6993 27739 27746 +edge_36_0_+disjointig_31_0_20720 5 20714 20720 -1 -1 19506 0.00535153
Chain
	Aln	35	+41b93b37-495a-4f94-ba7b-7e42c53d1982 11 2868 2870 -edge_18_0_+disjointig_28_25585_35487 2967 5823 9902 -1 -1 2837 0.000129893
Chain
	Aln	34	-41b93b37-495a-4f94-ba7b-7e42c53d1982 1 2858 2870 +edge_18_0_+disjointig_28_25585_35487 4078 6934 9902 -1 -1 2837 0.000129893
Chain
	Aln	83	+534caac5-72e7-4af9-9af3-a746835b896a 83 2216 2221 -edge_42_0_+disjointig_37_0_4765 2631 4760 4765 -1 -1 2016 0.00400167
Chain
	Aln	82	-534caac5-72e7-4af9-9af3-a746835b896a 4 2137 2221 +edge_42_0_+disjointig_37_0_4765 4 2133 4765 -1 -1 2016 0.00400167
Chain
	Aln	12	+059d9fc8-6057-4987-929c-214e0c0817bd 5 1484 1489 +edge_7_0_+disjointig_15_0_8618 1932 3414 8618 -1 -1 1471 0.00240703
Chain
	Aln	13	-059d9fc8-6057-4987-929c-214e0c0817bd 4 1483 1489 -edge_7_0_+disjointig_15_0_8618 5203 6685 8618 -1 -1 1471 0.00240703
Chain
	Aln	69	+891cd5e7-7935-496a-a1c0-1f7bf2788b66 7 2961 2963 -edge_35_0_+disjointig_30_0_4612 1654 4610 4612 -1 -1 2885 0.00190571
Chain
	Aln	68	-891cd5e7-7935-496a-a1c0-1f7bf2788b66 1 2955 2963 +edge_35_0_+disjointig_30_0_4612 1 2957 4612 -1 -1 2885 0.00190571
Chain
	Aln	134	+f40a7993-002d-476b-8b64-09d1e6e2ce10 0 1075 1084 +edge_68_0_+disjointig_7_0_17476 7365 8440 17476 -1 -1 1075 0.00067225
Chain
	Aln	135	-f40a7993-002d-476b-8b64-09d1e6e2ce10 8 1083 1084 -edge_68_0_+disjointig_7_0_17476 9035 10110 17476 -1 -1 1075 0.00067225
Chain
	Aln	114	+9c60149f-3832-4287-a7af-740014a0211f 6 6845 6850 +edge_58_0_+disjointig_51_0_8081 1236 8077 8081 -1 -1 6784 0.00109912
Chain
	Aln	115	-9c60149f-3832-4287-a7af-740014a0211f 4 6843 6850 -edge_58_0_+disjointig_51_0_8081 3 6844 8081 -1 -1 6784 0.00109912
Chain
	Aln	3	+183d7806-908a-4101-b5c8-2bb018f3f14f 5 2452 2461 -edge_2_0_+disjointig_10_0_3140 133 2580 3140 -1 -1 2447 0
Chain
	Aln	2	-183d7806-908a-4101-b5c8-2bb018f3f14f 8 2455 2461 +edge_2_0_+disjointig_10_0_3140 559 3006 3140 -1 -1 2447 0
Chain
	Aln	127	+d59f811d-7d0d-4d3f-be19-6a9ff1ab83ac 4 2423 2425 -edge_64_0_+disjointig_57_0_13037 5298 7717 13037 -1 -1 2233 0.00699717
Chain
	Aln	126	-d59f811d-7d0d-4d3f-be19-6a9ff1ab83ac 1 2420 2425 +edge_64_0_+disjointig_57_0_13037 5319 7738 13037 -1 -1 2233 0.00699717
Chain
	Aln	25	+c36fa9bf-47e3-4f20-9a95-10a64a6332d1 9 1155 1158 -edge_13_0_+disjointig_20_0_38692 16565 17711 38692 -1 -1 1146 0
Chain
	Aln	24	-c36fa9bf-47e3-4f20-9a95-10a64a6332d1 2 1148 1158 +edge_13_0_+disjointig_20_0_38692 20980 22126 38692 -1 -1 1146 0
Chain
	Aln	139	+48b760f5-c172-4a37-84c2-f0810476b526 1262 2407 2409 -edge_70_0_-disjointig_28_24029_35487 16 1161 11458 -1 -1 1138 0
Chain
	Aln	138	-48b760f5-c172-4a37-84c2-f0810476b526 1 1146 2409 +edge_70_0_-disjointig_28_24029_35487 10296 11441 11458 -1 -1 1138 0
Chain
	Aln	59	+807e39d4-4b8a-44ba-8297-0bfb224a8a98 8 1964 2097 -edge_30_0_+disjointig_25_0_2422 260 2224 2422 -1 -1 1881 0.00426433
Chain
	Aln	58	-807e39d4-4b8a-44ba-8297-0bfb224a8a98 132 2088 2097 +edge_30_0_+disjointig_25_0_2422 197 2161 2422 -1 -1 1881 0.00426433
Chain
	Aln	4	+d2198bec-b421-46fd-ab2f-e2f5607a1152 9 2102 2105 +edge_3_0_+disjointig_11_0_3560 436 2529 3560 -1 -1 2018 0.00505157
Chain
	Aln	5	-d2198bec-b421-46fd-ab2f-e2f5607a1152 2 2095 2105 -edge_3_0_+disjointig_11_0_3560 1030 3123 3560 -1 -1 2018 0.00505157
Chain
	Aln	106	+25a42ec6-a8fc-470e-b6ba-44488e125398 13 2946 4089 +edge_54_0_+disjointig_48_0_3110 163 3104 3110 -1 -1 2819 0.00404569
Chain
	Aln	107	-25a42ec6-a8fc-470e-b6ba-44488e125398 1142 4075 4089 -edge_54_0_+disjointig_48_0_3110 5 2946 3110 -1 -1 2819 0.00404569
Chain
	Aln	131	+e73ce984-0c0c-4a86-bf45-a733b7c11e53 6 2809 2812 -edge_66_0_+disjointig_59_0_2811 5 2808 2811 -1 -1 2752 0.00169497
Chain
	Aln	130	-e73ce984-0c0c-4a86-bf45-a733b7c11e53 2 2805 2812 +edge_66_0_+disjointig_59_0_2811 2 2805 2811 -1 -1 2752 0.00169497
Chain
	Aln	27	+21ba4694-9a11-4c54-b227-84df042e978e 10 11698 16446 -edge_14_0_+disjointig_21_0_13644 1992 13643 13644 -1 -1 11560 0.000800074
Chain
	Aln	26	-21ba4694-9a11-4c54-b227-84df042e978e 4747 16435 16446 +edge_14_0_+disjointig_21_0_13644 0 11651 13644 -1 -1 11560 0.000800074
Chain
	Aln	93	+9af7868f-7993-4323-826f-f0221cb76b87 13 4107 7582 -edge_47_0_+disjointig_41_0_4112 12 4111 4112 -1 -1 3991 0.00181626
Chain
	Aln	92	-9af7868f-7993-4323-826f-f0221cb76b87 3474 7568 7582 +edge_47_0_+disjointig_41_0_4112 0 4099 4112 -1 -1 3991 0.00181626
Chain
	Aln	33	+ce34110d-478e-4323-b837-0e96193d2c1e 4 1394 4037 -edge_17_0_+disjointig_23_2639_6637 2608 3997 3998 -1 -1 1308 0.00804911
	Aln	31	+ce34110d-478e-4323-b837-0e96193d2c1e 1397 4030 4037 -edge_16_0_+disjointig_23_0_2639 2 2632 2639 -1 -1 2553 0.00248436
Chain
	Aln	30	-ce34110d-478e-4323-b837-0e96193d2c1e 6 2639 4037 +edge_16_0_+disjointig_23_0_2639 6 2636 2639 -1 -1 2553 0.00248436
	Aln	32	-ce34110d-478e-4323-b837-0e96193d2c1e 2642 4032 4037 +edge_17_0_+disjointig_23_2639_6637 0 1389 3998 -1 -1 1308 0.00804911
Chain
	Aln	95	+96aa80e6-b43d-45e4-a459-68dcca775d09 5 4817 6243 -edge_48_0_+disjointig_42_0_7646 2830 7645 7646 -1 -1 4740 0.000739417
Chain
	Aln	94	-96aa80e6-b43d-45e4-a459-68dcca775d09 1425 6237 6243 +edge_48_0_+disjointig_42_0_7646 0 4815 7646 -1 -1 4740 0.000739417
Chain
	Aln	105	+686c491c-7d94-4e6c-a5e8-0eb897ec5d13 16 2463 2465 -edge_53_0_+disjointig_47_0_11315 8866 11313 11315 -1 -1 2406 0.00273297
Chain
	Aln	104	-686c491c-7d94-4e6c-a5e8-0eb897ec5d13 1 2448 2465 +edge_53_0_+disjointig_47_0_11315 1 2448 11315 -1 -1 2406 0.00273297
Chain
	Aln	35	+324b8b4d-ee36-4eb4-b27c-3a8ba8a07981 11 1074 1084 -edge_18_0_+disjointig_28_25585_35487 2296 3359 9902 -1 -1 1063 0.00156409
Chain
	Aln	34	-324b8b4d-ee36-4eb4-b27c-3a8ba8a07981 9 1072 1084 +edge_18_0_+disjointig_28_25585_35487 6542 7605 9902 -1 -1 1063 0.00156409
Chain
	Aln	109	+8fe4a15d-5bba-41b7-83fe-943c7ba9c235 1413 4350 4721 -edge_55_0_+disjointig_49_0_2958 20 2957 2958 -1 -1 2883 0.00107304
Chain
	Aln	108	-8fe4a15d-5bba-41b7-83fe-943c7ba9c235 370 3307 4721 +edge_55_0_+disjointig_49_0_2958 0 2937 2958 -1 -1 2883 0.00107304
Chain
	Aln	33	+2a91c0ec-44f8-4963-9932-2e805a121576 1039 4929 9225 -edge_17_0_+disjointig_23_2639_6637 105 3997 3998 -1 -1 3761 0.00345595
	Aln	31	+2a91c0ec-44f8-4963-9932-2e805a121576 4932 5877 9225 -edge_16_0_+disjointig_23_0_2639 2 945 2639 -1 -1 911 0.00568279
Chain
	Aln	30	-2a91c0ec-44f8-4963-9932-2e805a121576 3347 4292 9225 +edge_16_0_+disjointig_23_0_2639 1693 2636 2639 -1 -1 911 0.00568279
	Aln	32	-2a91c0ec-44f8-4963-9932-2e805a121576 4295 8185 9225 +edge_17_0_+disjointig_23_2639_6637 0 3892 3998 -1 -1 3761 0.00345595
Chain
	Aln	26	+595cca47-895a-4d7b-af94-bb0d2f34c40f 7 1920 6111 +edge_14_0_+disjointig_21_0_13644 11664 13637 13644 -1 -1 1876 0.00277721
Chain
	Aln	27	-595cca47-895a-4d7b-af94-bb0d2f34c40f 4190 6103 6111 -edge_14_0_+disjointig_21_0_13644 6 1979 13644 -1 -1 1876 0.00277721
Chain
	Aln	133	+35e88dee-620d-4466-9525-54ddb3328e49 16 7997 7999 -edge_67_0_+disjointig_6_0_10624 2646 10622 10624 -1 -1 7892 0.00152201
Chain
	Aln	132	-35e88dee-620d-4466-9525-54ddb3328e49 1 7982 7999 +edge_67_0_+disjointig_6_0_10624 1 7977 10624 -1 -1 7892 0.00152201
Chain
	Aln	132	+522ca97e-da19-4f67-b044-b956e345cfd3 88 8041 8045 +edge_67_0_+disjointig_6_0_10624 1 7969 10624 -1 -1 7828 0.00193068
Chain
	Aln	133	-522ca97e-da19-4f67-b044-b956e345cfd3 3 7956 8045 -edge_67_0_+disjointig_6_0_10624 2654 10622 10624 -1 -1 7828 0.00193068
Chain
	Aln	25	+568b1711-eee7-466b-9ea7-8d7cd0743504 9 22339 22350 -edge_13_0_+disjointig_20_0_38692 11747 34074 38692 -1 -1 22222 0.000337542
Chain
	Aln	24	-568b1711-eee7-466b-9ea7-8d7cd0743504 10 22340 22350 +edge_13_0_+disjointig_20_0_38692 4617 26944 38692 -1 -1 22222 0.000337542
Chain
	Aln	102	+e377b858-20ba-4029-93b4-3fda41150213 1 5926 5930 +edge_52_0_+disjointig_46_0_6327 1 5920 6327 -1 -1 5884 0.0024918
Chain
	Aln	103	-e377b858-20ba-4029-93b4-3fda41150213 3 5928 5930 -edge_52_0_+disjointig_46_0_6327 406 6325 6327 -1 -1 5884 0.0024918
Chain
	Aln	50	+45ab11ce-d966-4160-8973-0c47d86a2a8e 14 691 4235 +edge_26_0_-disjointig_28_22871_24029 456 1133 1158 -1 -1 614 0.0173917
Chain
	Aln	51	-45ab11ce-d966-4160-8973-0c47d86a2a8e 3543 4220 4235 -edge_26_0_-disjointig_28_22871_24029 24 701 1158 -1 -1 614 0.0173917
Chain
	Aln	40	+299af376-9102-4f97-bc33-fefd775b0fe8 400 2544 6014 +edge_21_1_-disjointig_28_14777_16928 0 2142 2151 -1 -1 2067 0.00529291
	Aln	44	+299af376-9102-4f97-bc33-fefd775b0fe8 2567 4556 6014 +edge_23_0_-disjointig_28_16928_18952 14 2003 2024 -1 -1 1488 0.0242438
Chain
	Aln	46	+299af376-9102-4f97-bc33-fefd775b0fe8 4582 6006 6014 +edge_24_1_-disjointig_28_18952_22871 5 1429 3919 -1 -1 1408 0.00432995
Chain
	Aln	47	-299af376-9102-4f97-bc33-fefd775b0fe8 7 1431 6014 -edge_24_1_-disjointig_28_18952_22871 2489 3913 3919 -1 -1 1408 0.00432995
Chain
	Aln	45	-299af376-9102-4f97-bc33-fefd775b0fe8 1457 3446 6014 -edge_23_0_-disjointig_28_16928_18952 20 2009 2024 -1 -1 1488 0.0242438
	Aln	41	-299af376-9102-4f97-bc33-fefd775b0fe8 3469 5613 6014 -edge_21_1_-disjointig_28_14777_16928 8 2150 2151 -1 -1 2067 0.00529291
Chain
	Aln	46	+23c2ece0-5077-463c-a5fc-b9bc2d277ada 9902 13840 17499 +edge_24_0_+disjointig_23_11665_15607 1 3939 3942 -1 -1 3938 0
Chain
	Aln	48	+23c2ece0-5077-463c-a5fc-b9bc2d277ada 13843 15133 17499 +edge_25_0_+disjointig_23_15607_16908 0 1290 1301 -1 -1 1244 0.00129955
Chain
	Aln	49	-23c2ece0-5077-463c-a5fc-b9bc2d277ada 2365 3655 17499 -edge_25_0_+disjointig_23_15607_16908 10 1300 1301 -1 -1 1244 0.00129955
Chain
	Aln	47	-23c2ece0-5077-463c-a5fc-b9bc2d277ada 3658 7596 17499 -edge_24_0_+disjointig_23_11665_15607 2 3940 3942 -1 -1 3938 0
Chain
	Aln	46	+3f6d732c-7bef-4a8d-bee2-4b7930363016 13212 17091 27841 +edge_24_1_-disjointig_28_18952_22871 40 3913 3919 -1 -1 3802 0.002466
Chain
	Aln	50	+3f6d732c-7bef-4a8d-bee2-4b7930363016 17099 18145 27841 +edge_26_0_-disjointig_28_22871_24029 2 1031 1158 -1 -1 950 0.0112777
Chain
	Aln	51	-3f6d732c-7bef-4a8d-bee2-4b7930363016 9695 10741 27841 -edge_26_0_-disjointig_28_22871_24029 126 1155 1158 -1 -1 950 0.0112777
Chain
	Aln	47	-3f6d732c-7bef-4a8d-bee2-4b7930363016 10749 14628 27841 -edge_24_1_-disjointig_28_18952_22871 5 3878 3919 -1 -1 3802 0.002466
Chain
	Aln	32	+b5514193-66a3-42aa-bb15-0fb7a4ad45ab 17 3148 5016 +edge_17_0_+disjointig_23_2639_6637 907 3985 3998 -1 -1 3002 0.00316596
Chain
	Aln	36	+b5514193-66a3-42aa-bb15-0fb7a4ad45ab 3344 4061 5016 +edge_19_0_+disjointig_23_6637_7571 225 932 934 -1 -1 553 0.0201256
Chain
	Aln	40	+b5514193-66a3-42aa-bb15-0fb7a4ad45ab 4068 4861 5016 +edge_21_0_+disjointig_23_7571_9695 5 694 2124 -1 -1 445 0.0388592
Chain
	Aln	41	-b5514193-66a3-42aa-bb15-0fb7a4ad45ab 154 947 5016 -edge_21_0_+disjointig_23_7571_9695 1429 2118 2124 -1 -1 445 0.0388592
Chain
	Aln	37	-b5514193-66a3-42aa-bb15-0fb7a4ad45ab 954 1671 5016 -edge_19_0_+disjointig_23_6637_7571 1 708 934 -1 -1 553 0.0201256
Chain
	Aln	33	-b5514193-66a3-42aa-bb15-0fb7a4ad45ab 1867 4998 5016 -edge_17_0_+disjointig_23_2639_6637 12 3090 3998 -1 -1 3002 0.00316596
Chain
	Aln	37	+2a91c0ec-44f8-4963-9932-2e805a121576 5898 6503 9225 -edge_19_0_+disjointig_23_6637_7571 194 799 934 -1 -1 533 0.0154858
Chain
	Aln	33	+2a91c0ec-44f8-4963-9932-2e805a121576 6604 9216 9225 -edge_17_0_+disjointig_23_2639_6637 12 2579 3998 -1 -1 2443 0.00438237
Chain
	Aln	32	-2a91c0ec-44f8-4963-9932-2e805a121576 8 2620 9225 +edge_17_0_+disjointig_23_2639_6637 1418 3985 3998 -1 -1 2443 0.00438237
Chain
	Aln	36	-2a91c0ec-44f8-4963-9932-2e805a121576 2721 3326 9225 +edge_19_0_+disjointig_23_6637_7571 134 739 934 -1 -1 533 0.0154858
Chain
	Aln	30	+23c2ece0-5077-463c-a5fc-b9bc2d277ada 7 801 17499 +edge_16_0_+disjointig_23_0_2639 1843 2637 2639 -1 -1 784 0.00270296
	Aln	32	+23c2ece0-5077-463c-a5fc-b9bc2d277ada 806 4841 17499 +edge_17_0_+disjointig_23_2639_6637 3 3993 3998 -1 -1 3808 0.00548983
Chain
	Aln	38	+23c2ece0-5077-463c-a5fc-b9bc2d277ada 4848 5774 17499 +edge_20_0_-disjointig_28_13842_14777 0 924 935 -1 -1 802 0.0157466
Chain
	Aln	40	+23c2ece0-5077-463c-a5fc-b9bc2d277ada 5811 7924 17499 +edge_21_0_+disjointig_23_7571_9695 14 2117 2124 -1 -1 2021 0.00629302
	Aln	42	+23c2ece0-5077-463c-a5fc-b9bc2d277ada 7932 9891 17499 +edge_22_0_+disjointig_23_9695_11665 1 1960 1970 -1 -1 1959 0.00290414
Chain
	Aln	43	-23c2ece0-5077-463c-a5fc-b9bc2d277ada 7607 9566 17499 -edge_22_0_+disjointig_23_9695_11665 9 1968 1970 -1 -1 1959 0.00290414
	Aln	41	-23c2ece0-5077-463c-a5fc-b9bc2d277ada 9574 11687 17499 -edge_21_0_+disjointig_23_7571_9695 6 2109 2124 -1 -1 2021 0.00629302
Chain
	Aln	39	-23c2ece0-5077-463c-a5fc-b9bc2d277ada 11724 12650 17499 -edge_20_0_-disjointig_28_13842_14777 10 934 935 -1 -1 802 0.0157466
Chain
	Aln	33	-23c2ece0-5077-463c-a5fc-b9bc2d277ada 12657 16692 17499 -edge_17_0_+disjointig_23_2639_6637 4 3994 3998 -1 -1 3808 0.00548983
	Aln	31	-23c2ece0-5077-463c-a5fc-b9bc2d277ada 16697 17491 17499 -edge_16_0_+disjointig_23_0_2639 1 795 2639 -1 -1 784 0.00270296
Chain
	Aln	32	+3f6d732c-7bef-4a8d-bee2-4b7930363016 4068 8056 27841 +edge_17_1_-disjointig_28_9902_13842 3 3938 3940 -1 -1 3763 0.00497808
Chain
	Aln	38	+3f6d732c-7bef-4a8d-bee2-4b7930363016 8058 8972 27841 +edge_20_0_-disjointig_28_13842_14777 0 924 935 -1 -1 857 0.0116223
Chain
	Aln	40	+3f6d732c-7bef-4a8d-bee2-4b7930363016 8983 11110 27841 +edge_21_1_-disjointig_28_14777_16928 0 2142 2151 -1 -1 2024 0.00848308
	Aln	44	+3f6d732c-7bef-4a8d-bee2-4b7930363016 11133 13171 27841 +edge_23_0_-disjointig_28_16928_18952 14 2020 2024 -1 -1 1008 0.0437521
Chain
	Aln	45	-3f6d732c-7bef-4a8d-bee2-4b7930363016 14669 16707 27841 -edge_23_0_-disjointig_28_16928_18952 3 2009 2024 -1 -1 1008 0.0437521
	Aln	41	-3f6d732c-7bef-4a8d-bee2-4b7930363016 16730 18857 27841 -edge_21_1_-disjointig_28_14777_16928 8 2150 2151 -1 -1 2024 0.00848308
Chain
	Aln	39	-3f6d732c-7bef-4a8d-bee2-4b7930363016 18868 19782 27841 -edge_20_0_-disjointig_28_13842_14777 10 934 935 -1 -1 857 0.0116223
Chain
	Aln	33	-3f6d732c-7bef-4a8d-bee2-4b7930363016 19784 23772 27841 -edge_17_1_-disjointig_28_9902_13842 1 3936 3940 -1 -1 3763 0.00497808
