Edge	0	131	256	0	0	0	4	-1
	Sequence	+edge_1_0_+disjointig_1_0_14251 14251 1 14252 0 14251
Edge	1	133	181	0	0	0	4	-1
	Sequence	-edge_1_0_+disjointig_1_0_14251 14251 -1 14252 0 14251
Edge	2	130	163	0	0	0	5	-1
	Sequence	+edge_2_0_+disjointig_10_0_101155 101155 2 101156 0 101155
Edge	3	87	126	0	0	0	5	-1
	Sequence	-edge_2_0_+disjointig_10_0_101155 101155 -2 101156 0 101155
Edge	16	116	122	0	0	0	5	-1
	Sequence	+edge_9_0_+disjointig_13_0_15161 15161 5 15162 0 15161
Edge	17	184	110	0	0	0	5	-1
	Sequence	-edge_9_0_+disjointig_13_0_15161 15161 -5 15162 0 15161
Edge	18	136	31	0	0	0	7	-1
	Sequence	+edge_10_0_+disjointig_14_0_89022 89022 6 107509 0 89022
Edge	19	20	107	0	0	0	7	-1
	Sequence	-edge_10_0_+disjointig_14_0_89022 89022 -6 107509 18486 107508
Edge	20	235	2	0	0	0	5	-1
	Sequence	+edge_11_0_+disjointig_48_19749_20316 567 39 33275 19749 20316
Edge	21	3	51	0	0	0	5	-1
	Sequence	-edge_11_0_+disjointig_48_19749_20316 567 -39 33275 12958 13525
Edge	24	247	94	0	0	0	3	-1
	Sequence	+edge_13_0_+disjointig_38_57639_60267 2628 28 89323 57639 60267
Edge	25	11	13	0	0	0	3	-1
	Sequence	-edge_13_0_+disjointig_38_57639_60267 2628 -28 89323 29055 31683
Edge	26	32	225	0	0	0	7	-1
	Sequence	+edge_14_0_-disjointig_18_64109_194622 130513 -10 194623 64109 194622
Edge	27	121	118	0	0	0	7	-1
	Sequence	-edge_14_0_-disjointig_18_64109_194622 130513 10 194623 0 130513
Edge	28	15	109	0	0	0	5	-1
	Sequence	+edge_15_0_-disjointig_29_52230_196519 144289 -18 196520 52230 196519
Edge	29	113	14	0	0	0	5	-1
	Sequence	-edge_15_0_-disjointig_29_52230_196519 144289 18 196520 0 144289
Edge	42	159	187	1	0	1	11	-1
	Sequence	+edge_22_0_-disjointig_29_44454_46383 1929 -18 196520 44454 46383
	Sequence	+edge_22_1_+disjointig_38_63475_65409 1934 28 89323 63475 65409
	Sequence	+edge_22_2_-disjointig_42_9295_11227 1932 -33 78631 9295 11227
	Sequence	+edge_22_3_-disjointig_48_5252_7179 1927 -39 33275 5252 7179
Edge	43	166	251	1	0	1	11	-1
	Sequence	-edge_22_0_-disjointig_29_44454_46383 1929 18 196520 150136 152065
	Sequence	-edge_22_1_+disjointig_38_63475_65409 1934 -28 89323 23913 25847
	Sequence	-edge_22_2_-disjointig_42_9295_11227 1932 33 78631 67403 69335
	Sequence	-edge_22_3_-disjointig_48_5252_7179 1927 39 33275 26095 28022
Edge	46	17	160	0	0	0	4	-1
	Sequence	+edge_24_0_+disjointig_14_93854_107508 13654 6 107509 93854 107508
Edge	47	125	28	0	0	0	4	-1
	Sequence	-edge_24_0_+disjointig_14_93854_107508 13654 -6 107509 0 13654
Edge	50	144	166	1	0	1	13	-1
	Sequence	+edge_26_0_+disjointig_29_149301_150136 835 18 196520 149301 150136
	Sequence	+edge_26_1_+disjointig_42_66567_67403 836 33 78631 66567 67403
	Sequence	+edge_26_2_+disjointig_48_25259_26095 836 39 33275 25259 26095
	Sequence	+edge_26_3_-disjointig_74_11502_12438 936 -64 15839 11502 12438
	Sequence	+edge_26_4_-disjointig_74_4048_4869 821 -64 15839 4048 4869
Edge	51	187	151	1	0	1	13	-1
	Sequence	-edge_26_0_+disjointig_29_149301_150136 835 -18 196520 46383 47218
	Sequence	-edge_26_1_+disjointig_42_66567_67403 836 -33 78631 11227 12063
	Sequence	-edge_26_2_+disjointig_48_25259_26095 836 -39 33275 7179 8015
	Sequence	-edge_26_3_-disjointig_74_11502_12438 936 64 15839 3400 4336
	Sequence	-edge_26_4_-disjointig_74_4048_4869 821 64 15839 10969 11790
Edge	58	144	97	0	0	0	4	-1
	Sequence	+edge_30_0_+disjointig_44_15782_46916 31134 35 46917 15782 46916
Edge	59	212	151	0	0	0	4	-1
	Sequence	-edge_30_0_+disjointig_44_15782_46916 31134 -35 46917 0 31134
Edge	62	81	81	0	0	0	32	-1
	Sequence	+edge_32_0_+disjointig_15_0_11905 11905 7 36042 0 11905
	Sequence	+edge_32_1_+disjointig_15_11905_23961 12056 7 36042 11905 23961
	Sequence	+edge_32_2_+disjointig_15_23961_36040 12079 7 36042 23961 36040
Edge	63	93	93	0	0	0	32	-1
	Sequence	-edge_32_0_+disjointig_15_0_11905 11905 -7 36042 24136 36041
	Sequence	-edge_32_1_+disjointig_15_11905_23961 12056 -7 36042 12080 24136
	Sequence	-edge_32_2_+disjointig_15_23961_36040 12079 -7 36042 1 12080
Edge	66	155	141	0	0	0	6	-1
	Sequence	+edge_34_0_+disjointig_17_0_132730 132730 9 132731 0 132730
Edge	67	157	232	0	0	0	6	-1
	Sequence	-edge_34_0_+disjointig_17_0_132730 132730 -9 132731 0 132730
Edge	78	254	105	0	0	0	6	-1
	Sequence	+edge_40_0_+disjointig_22_0_58188 58188 12 58189 0 58188
Edge	79	66	260	0	0	0	6	-1
	Sequence	-edge_40_0_+disjointig_22_0_58188 58188 -12 58189 0 58188
Edge	92	86	80	0	0	0	6	-1
	Sequence	+edge_47_0_+disjointig_25_0_107399 107399 15 107400 0 107399
Edge	93	194	127	0	0	0	6	-1
	Sequence	-edge_47_0_+disjointig_25_0_107399 107399 -15 107400 0 107399
Edge	94	79	82	0	0	0	3	-1
	Sequence	+edge_48_0_+disjointig_26_0_47859 47859 16 47860 0 47859
Edge	95	92	148	0	0	0	3	-1
	Sequence	-edge_48_0_+disjointig_26_0_47859 47859 -16 47860 0 47859
Edge	102	10	195	0	0	0	7	-1
	Sequence	+edge_52_0_+disjointig_38_65409_89322 23913 28 89323 65409 89322
Edge	103	197	214	0	0	0	7	-1
	Sequence	-edge_52_0_+disjointig_38_65409_89322 23913 -28 89323 0 23913
Edge	118	262	70	0	0	0	5	-1
	Sequence	+edge_60_0_+disjointig_30_0_216344 216344 20 216345 0 216344
Edge	119	169	67	0	0	0	5	-1
	Sequence	-edge_60_0_+disjointig_30_0_216344 216344 -20 216345 0 216344
Edge	120	65	218	0	0	0	5	-1
	Sequence	+edge_61_0_+disjointig_31_0_186543 186543 21 186544 0 186543
Edge	121	77	91	0	0	0	5	-1
	Sequence	-edge_61_0_+disjointig_31_0_186543 186543 -21 186544 0 186543
Edge	128	62	61	0	0	0	6	-1
	Sequence	+edge_65_0_+disjointig_33_0_35902 35902 23 35903 0 35902
Edge	129	112	239	0	0	0	6	-1
	Sequence	-edge_65_0_+disjointig_33_0_35902 35902 -23 35903 0 35902
Edge	130	60	164	0	0	0	6	-1
	Sequence	+edge_66_0_+disjointig_34_0_215966 215966 24 215967 0 215966
Edge	131	167	154	0	0	0	6	-1
	Sequence	-edge_66_0_+disjointig_34_0_215966 215966 -24 215967 0 215966
Edge	138	180	182	0	0	0	6	-1
	Sequence	+edge_70_0_+disjointig_36_0_295329 295329 26 295330 0 295329
Edge	139	183	168	0	0	0	6	-1
	Sequence	-edge_70_0_+disjointig_36_0_295329 295329 -26 295330 0 295329
Edge	142	21	23	0	0	0	6	-1
	Sequence	+edge_72_0_+disjointig_76_34130_38723 4593 66 50929 34130 38723
Edge	143	120	22	0	0	0	6	-1
	Sequence	-edge_72_0_+disjointig_76_34130_38723 4593 -66 50929 12205 16798
Edge	152	210	201	0	0	0	2	-1
	Sequence	+edge_77_0_-disjointig_70_6514_9732 3218 -61 32983 6514 9732
Edge	153	18	19	0	0	0	2	-1
	Sequence	-edge_77_0_-disjointig_70_6514_9732 3218 61 32983 23250 26468
Edge	154	201	191	0	0	0	4	-1
	Sequence	+edge_78_0_+disjointig_37_93077_95135 2058 27 97724 93077 95135
	Sequence	+edge_78_1_-disjointig_70_9732_11791 2059 -61 32983 9732 11791
Edge	155	193	18	0	0	0	4	-1
	Sequence	-edge_78_0_+disjointig_37_93077_95135 2058 -27 97724 2588 4646
	Sequence	-edge_78_1_-disjointig_70_9732_11791 2059 61 32983 21191 23250
Edge	158	191	90	0	0	0	4	-1
	Sequence	+edge_80_0_-disjointig_70_11791_32982 21191 -61 32983 11791 32982
Edge	159	50	193	0	0	0	4	-1
	Sequence	-edge_80_0_-disjointig_70_11791_32982 21191 61 32983 0 21191
Edge	164	89	63	0	0	0	4	-1
	Sequence	+edge_83_0_+disjointig_40_0_22164 22164 31 22165 0 22164
Edge	165	156	142	0	0	0	4	-1
	Sequence	-edge_83_0_+disjointig_40_0_22164 22164 -31 22165 0 22164
Edge	166	200	202	0	0	0	4	-1
	Sequence	+edge_84_0_+disjointig_41_0_45067 45067 32 45068 0 45067
Edge	167	178	203	0	0	0	4	-1
	Sequence	-edge_84_0_+disjointig_41_0_45067 45067 -32 45068 0 45067
Edge	168	129	204	0	0	0	7	-1
	Sequence	+edge_85_0_+disjointig_43_0_87572 87572 34 87573 0 87572
Edge	169	111	71	0	0	0	7	-1
	Sequence	-edge_85_0_+disjointig_43_0_87572 87572 -34 87573 0 87572
Edge	170	213	216	0	0	0	5	-1
	Sequence	+edge_86_0_+disjointig_46_0_40450 40450 37 40451 0 40450
Edge	171	217	219	0	0	0	5	-1
	Sequence	-edge_86_0_+disjointig_46_0_40450 40450 -37 40451 0 40450
Edge	178	233	158	0	0	0	3	-1
	Sequence	+edge_90_0_+disjointig_49_0_10477 10477 40 10478 0 10477
Edge	179	188	222	0	0	0	3	-1
	Sequence	-edge_90_0_+disjointig_49_0_10477 10477 -40 10478 0 10477
Edge	180	224	226	0	0	0	5	-1
	Sequence	+edge_91_0_+disjointig_50_0_112431 112431 42 112432 0 112431
Edge	181	228	231	0	0	0	5	-1
	Sequence	-edge_91_0_+disjointig_50_0_112431 112431 -42 112432 0 112431
Edge	184	238	241	0	0	0	3	-1
	Sequence	+edge_93_0_+disjointig_53_0_17539 17539 44 17540 0 17539
Edge	185	242	138	0	0	0	3	-1
	Sequence	-edge_93_0_+disjointig_53_0_17539 17539 -44 17540 0 17539
Edge	188	39	249	0	0	0	3	-1
	Sequence	+edge_95_0_+disjointig_54_3270_9514 6244 45 9515 3270 9514
Edge	189	139	248	0	0	0	3	-1
	Sequence	-edge_95_0_+disjointig_54_3270_9514 6244 -45 9515 0 6244
Edge	192	234	250	0	0	0	6	-1
	Sequence	+edge_97_0_+disjointig_55_0_32503 32503 46 32504 0 32503
Edge	193	252	253	0	0	0	6	-1
	Sequence	-edge_97_0_+disjointig_55_0_32503 32503 -46 32504 0 32503
Edge	194	240	124	0	0	0	3	-1
	Sequence	+edge_98_0_+disjointig_57_0_40096 40096 47 40097 0 40096
Edge	195	108	189	0	0	0	3	-1
	Sequence	-edge_98_0_+disjointig_57_0_40096 40096 -47 40097 0 40096
Edge	196	255	266	0	0	0	3	-1
	Sequence	+edge_99_0_+disjointig_58_0_18653 18653 48 18654 0 18653
Edge	197	268	220	0	0	0	3	-1
	Sequence	-edge_99_0_+disjointig_58_0_18653 18653 -48 18654 0 18653
Edge	200	135	137	0	0	0	7	-1
	Sequence	+edge_101_0_+disjointig_6_0_51754 51754 50 51755 0 51754
Edge	201	190	257	0	0	0	7	-1
	Sequence	-edge_101_0_+disjointig_6_0_51754 51754 -50 51755 0 51754
Edge	202	261	161	0	0	0	4	-1
	Sequence	+edge_102_0_+disjointig_61_0_21488 21488 52 21489 0 21488
Edge	203	229	114	0	0	0	4	-1
	Sequence	-edge_102_0_+disjointig_61_0_21488 21488 -52 21489 0 21488
Edge	210	186	267	0	0	0	3	-1
	Sequence	+edge_106_0_+disjointig_64_0_8433 8433 55 8434 0 8433
Edge	211	269	165	0	0	0	3	-1
	Sequence	-edge_106_0_+disjointig_64_0_8433 8433 -55 8434 0 8433
Edge	216	58	264	0	0	0	2	-1
	Sequence	+edge_109_0_+disjointig_65_22352_26035 3683 56 38132 22352 26035
	Sequence	+edge_109_1_-disjointig_68_8969_12620 3651 -58 23442 8969 12620
Edge	217	0	56	0	0	0	2	-1
	Sequence	-edge_109_0_+disjointig_65_22352_26035 3683 -56 38132 12096 15779
	Sequence	-edge_109_1_-disjointig_68_8969_12620 3651 58 23442 10821 14472
Edge	220	258	54	1	0	0	1	4
	Sequence	+edge_111_0_+disjointig_65_26035_31043 5008 56 38132 26035 31043
Edge	221	53	55	1	0	0	1	5
	Sequence	-edge_111_0_+disjointig_65_26035_31043 5008 -56 38132 7088 12096
Edge	222	258	54	1	0	0	3	4
	Sequence	+edge_112_0_-disjointig_68_12620_17626 5006 -58 23442 12620 17626
Edge	223	53	55	1	0	0	3	5
	Sequence	-edge_112_0_-disjointig_68_12620_17626 5006 58 23442 5815 10821
Edge	224	1	95	0	0	0	4	-1
	Sequence	+edge_113_0_+disjointig_65_31043_36861 5818 56 38132 31043 36861
	Sequence	+edge_113_1_-disjointig_68_17626_23440 5814 -58 23442 17626 23440
Edge	225	52	99	0	0	0	4	-1
	Sequence	-edge_113_0_+disjointig_65_31043_36861 5818 -56 38132 1270 7088
	Sequence	-edge_113_1_-disjointig_68_17626_23440 5814 58 23442 1 5815
Edge	228	49	205	0	0	0	3	-1
	Sequence	+edge_115_0_+disjointig_71_0_14215 14215 62 14216 0 14215
Edge	229	227	230	0	0	0	3	-1
	Sequence	-edge_115_0_+disjointig_71_0_14215 14215 -62 14216 0 14215
Edge	230	48	47	0	0	0	3	-1
	Sequence	+edge_116_0_+disjointig_72_0_17866 17866 63 17867 0 17866
Edge	231	46	45	0	0	0	3	-1
	Sequence	-edge_116_0_+disjointig_72_0_17866 17866 -63 17867 0 17866
Edge	232	43	44	0	0	0	3	-1
	Sequence	+edge_117_0_+disjointig_75_0_3897 3897 65 3898 0 3897
Edge	233	42	41	0	0	0	3	-1
	Sequence	-edge_117_0_+disjointig_75_0_3897 3897 -65 3898 0 3897
Edge	238	36	35	0	0	0	6	-1
	Sequence	+edge_120_0_+disjointig_8_0_72826 72826 70 72827 0 72826
Edge	239	34	211	0	0	0	6	-1
	Sequence	-edge_120_0_+disjointig_8_0_72826 72826 -70 72827 0 72826
Edge	250	37	103	0	0	0	3	-1
	Sequence	+edge_126_0_+disjointig_86_0_3341 3341 77 3342 0 3341
Edge	251	176	30	0	0	0	3	-1
	Sequence	-edge_126_0_+disjointig_86_0_3341 3341 -77 3342 0 3341
Edge	256	26	25	0	0	0	5	-1
	Sequence	+edge_129_0_+disjointig_9_0_118640 118640 81 118641 0 118640
Edge	257	172	24	0	0	0	5	-1
	Sequence	-edge_129_0_+disjointig_9_0_118640 118640 -81 118641 0 118640
Edge	260	115	150	0	0	0	6	-1
	Sequence	+edge_131_0_+disjointig_11_0_95957 95957 3 95960 0 95957
Edge	261	75	152	0	0	0	6	-1
	Sequence	-edge_131_0_+disjointig_11_0_95957 95957 -3 95960 2 95959
Edge	262	150	6	0	0	0	7	-1
	Sequence	+edge_132_0_-disjointig_39_2169_113970 111801 -29 144036 2169 113970
Edge	263	5	75	0	0	0	7	-1
	Sequence	-edge_132_0_-disjointig_39_2169_113970 111801 29 144036 30065 141866
Edge	264	38	69	0	0	0	4	-1
	Sequence	+edge_133_0_+disjointig_79_0_19908 19908 69 19914 0 19908
Edge	265	149	78	0	0	0	4	-1
	Sequence	-edge_133_0_+disjointig_79_0_19908 19908 -69 19914 5 19913
Edge	266	69	128	0	0	0	4	-1
	Sequence	+edge_134_0_+disjointig_12_13139_34003 20864 4 34004 13139 34003
Edge	267	132	149	0	0	0	4	-1
	Sequence	-edge_134_0_+disjointig_12_13139_34003 20864 -4 34004 0 20864
Edge	268	31	198	0	0	1	19	-1
	Sequence	+edge_135_0_+disjointig_14_89022_90790 1768 6 107509 89022 90790
	Sequence	+edge_135_1_+disjointig_18_130513_132286 1773 10 194623 130513 132286
	Sequence	+edge_135_2_+disjointig_29_144289_146060 1771 18 196520 144289 146060
	Sequence	+edge_135_3_-disjointig_38_67879_69647 1768 -28 89323 67879 69647
	Sequence	+edge_135_4_-disjointig_38_31683_33451 1768 -28 89323 31683 33451
	Sequence	+edge_135_5_+disjointig_42_1710_3400 1690 33 78631 1710 3400
	Sequence	+edge_135_6_+disjointig_42_61542_63315 1773 33 78631 61542 63315
	Sequence	+edge_135_7_+disjointig_44_10813_12581 1768 35 46917 10813 12581
	Sequence	+edge_135_8_+disjointig_48_20316_22009 1693 39 33275 20316 22009
Edge	269	143	20	0	0	1	19	-1
	Sequence	-edge_135_0_+disjointig_14_89022_90790 1768 -6 107509 16718 18486
	Sequence	-edge_135_1_+disjointig_18_130513_132286 1773 -10 194623 62336 64109
	Sequence	-edge_135_2_+disjointig_29_144289_146060 1771 -18 196520 50459 52230
	Sequence	-edge_135_3_-disjointig_38_67879_69647 1768 28 89323 19675 21443
	Sequence	-edge_135_4_-disjointig_38_31683_33451 1768 28 89323 55871 57639
	Sequence	-edge_135_5_+disjointig_42_1710_3400 1690 -33 78631 75230 76920
	Sequence	-edge_135_6_+disjointig_42_61542_63315 1773 -33 78631 15315 17088
	Sequence	-edge_135_7_+disjointig_44_10813_12581 1768 -35 46917 34335 36103
	Sequence	-edge_135_8_+disjointig_48_20316_22009 1693 -39 33275 11265 12958
Edge	270	209	134	0	0	0	6	-1
	Sequence	+edge_136_0_-disjointig_42_17088_72024 54936 -33 78631 17088 72024
Edge	271	8	244	0	0	0	6	-1
	Sequence	-edge_136_0_-disjointig_42_17088_72024 54936 33 78631 6606 61542
Edge	272	9	207	0	0	0	5	-1
	Sequence	+edge_137_0_+disjointig_38_21443_52666 31223 28 89323 21443 52666
Edge	273	12	147	0	0	0	5	-1
	Sequence	-edge_137_0_+disjointig_38_21443_52666 31223 -28 89323 36656 67879
Edge	274	51	259	0	0	0	5	-1
	Sequence	+edge_138_0_+disjointig_60_317_27310 26993 51 27311 317 27310
Edge	275	72	235	0	0	0	5	-1
	Sequence	-edge_138_0_+disjointig_60_317_27310 26993 -51 27311 0 26993
Edge	276	251	144	1	0	1	54	-1
	Sequence	+edge_139_0_+disjointig_14_90790_93854 3064 6 107509 90790 93854
	Sequence	+edge_139_1_+disjointig_18_132286_135532 3246 10 194623 132286 135532
	Sequence	+edge_139_2_+disjointig_29_146060_149301 3241 18 196520 146060 149301
	Sequence	+edge_139_3_+disjointig_29_152065_155264 3199 18 196520 152065 155264
	Sequence	+edge_139_4_-disjointig_38_69647_72849 3202 -28 89323 69647 72849
	Sequence	+edge_139_5_-disjointig_38_33451_36656 3205 -28 89323 33451 36656
	Sequence	+edge_139_6_-disjointig_38_25847_29055 3208 -28 89323 25847 29055
	Sequence	+edge_139_7_+disjointig_42_3400_6606 3206 33 78631 3400 6606
	Sequence	+edge_139_8_+disjointig_42_63315_66567 3252 33 78631 63315 66567
	Sequence	+edge_139_9_+disjointig_42_69335_72535 3200 33 78631 69335 72535
	Sequence	+edge_139_10_+disjointig_44_12581_15782 3201 35 46917 12581 15782
	Sequence	+edge_139_11_+disjointig_48_22009_25259 3250 39 33275 22009 25259
	Sequence	+edge_139_12_+disjointig_48_28022_31232 3210 39 33275 28022 31232
	Sequence	+edge_139_13_-disjointig_74_805_4048 3243 -64 15839 805 4048
Edge	277	151	159	1	0	1	54	-1
	Sequence	-edge_139_0_+disjointig_14_90790_93854 3064 -6 107509 13654 16718
	Sequence	-edge_139_1_+disjointig_18_132286_135532 3246 -10 194623 59090 62336
	Sequence	-edge_139_2_+disjointig_29_146060_149301 3241 -18 196520 47218 50459
	Sequence	-edge_139_3_+disjointig_29_152065_155264 3199 -18 196520 41255 44454
	Sequence	-edge_139_4_-disjointig_38_69647_72849 3202 28 89323 16473 19675
	Sequence	-edge_139_5_-disjointig_38_33451_36656 3205 28 89323 52666 55871
	Sequence	-edge_139_6_-disjointig_38_25847_29055 3208 28 89323 60267 63475
	Sequence	-edge_139_7_+disjointig_42_3400_6606 3206 -33 78631 72024 75230
	Sequence	-edge_139_8_+disjointig_42_63315_66567 3252 -33 78631 12063 15315
	Sequence	-edge_139_9_+disjointig_42_69335_72535 3200 -33 78631 6095 9295
	Sequence	-edge_139_10_+disjointig_44_12581_15782 3201 -35 46917 31134 34335
	Sequence	-edge_139_11_+disjointig_48_22009_25259 3250 -39 33275 8015 11265
	Sequence	-edge_139_12_+disjointig_48_28022_31232 3210 -39 33275 2042 5252
	Sequence	-edge_139_13_-disjointig_74_805_4048 3243 64 15839 11790 15033
Edge	278	106	117	0	0	0	4	-1
	Sequence	+edge_140_0_+disjointig_18_135532_194612 59080 10 194623 135532 194612
Edge	279	162	7	0	0	0	4	-1
	Sequence	-edge_140_0_+disjointig_18_135532_194612 59080 -10 194623 10 59090
Edge	280	117	85	0	0	0	4	-1
	Sequence	+edge_141_0_-disjointig_2_10644_24607 13963 -11 24609 10644 24607
Edge	281	100	162	0	0	0	4	-1
	Sequence	-edge_141_0_-disjointig_2_10644_24607 13963 11 24609 1 13964
Edge	282	85	59	0	0	0	7	-1
	Sequence	+edge_142_0_-disjointig_66_5270_105951 100681 -57 105952 5270 105951
Edge	283	245	100	0	0	0	7	-1
	Sequence	-edge_142_0_-disjointig_66_5270_105951 100681 57 105952 0 100681
Edge	284	59	58	0	0	0	4	-1
	Sequence	+edge_143_0_+disjointig_65_16955_22352 5397 56 38132 16955 22352
Edge	285	56	245	0	0	0	4	-1
	Sequence	-edge_143_0_+disjointig_65_16955_22352 5397 -56 38132 15779 21176
Edge	286	171	123	0	0	0	5	-1
	Sequence	+edge_144_0_+disjointig_29_155264_196510 41246 18 196520 155264 196510
Edge	287	119	4	0	0	0	5	-1
	Sequence	-edge_144_0_+disjointig_29_155264_196510 41246 -18 196520 9 41255
Edge	288	123	246	0	0	0	3	-1
	Sequence	+edge_145_0_-disjointig_62_4283_60692 56409 -53 71975 4283 60692
Edge	289	73	119	0	0	0	3	-1
	Sequence	-edge_145_0_-disjointig_62_4283_60692 56409 53 71975 11282 67691
Edge	290	151	16	0	0	1	0	-1
	Sequence	+edge_146_0_+disjointig_74_4336_10969 6633 64 15839 4336 10969
Edge	291	57	144	0	0	1	0	-1
	Sequence	-edge_146_0_+disjointig_74_4336_10969 6633 -64 15839 4869 11502
Edge	292	104	98	0	0	0	5	-1
	Sequence	+edge_147_0_+disjointig_23_0_161736 161736 13 161755 0 161736
Edge	293	237	177	0	0	0	5	-1
	Sequence	-edge_147_0_+disjointig_23_0_161736 161736 -13 161755 18 161754
Edge	294	98	199	0	0	0	5	-1
	Sequence	+edge_148_0_-disjointig_7_12243_67701 55458 -60 68347 12243 67701
Edge	295	146	237	0	0	0	5	-1
	Sequence	-edge_148_0_-disjointig_7_12243_67701 55458 60 68347 645 56103
Edge	296	199	84	0	0	0	6	-1
	Sequence	+edge_149_0_+disjointig_27_8634_39019 30385 17 39020 8634 39019
Edge	297	153	146	0	0	0	6	-1
	Sequence	-edge_149_0_+disjointig_27_8634_39019 30385 -17 39020 0 30385
Edge	298	96	88	0	0	0	4	-1
	Sequence	+edge_150_0_+disjointig_24_0_99809 99809 14 99813 0 99809
Edge	299	223	140	0	0	0	4	-1
	Sequence	-edge_150_0_+disjointig_24_0_99809 99809 -14 99813 3 99812
Edge	300	88	236	0	0	0	2	-1
	Sequence	+edge_151_0_+disjointig_80_4021_18567 14546 71 18568 4021 18567
Edge	301	33	223	0	0	0	2	-1
	Sequence	-edge_151_0_+disjointig_80_4021_18567 14546 -71 18568 0 14546
Edge	306	196	102	0	0	0	5	-1
	Sequence	+edge_154_0_-disjointig_5_0_98346 98346 -41 98348 0 98346
Edge	307	74	174	0	0	0	5	-1
	Sequence	-edge_154_0_-disjointig_5_0_98346 98346 41 98348 1 98347
Edge	308	102	64	0	0	0	6	-1
	Sequence	+edge_155_0_+disjointig_32_13330_147335 134005 22 147336 13330 147335
Edge	309	83	74	0	0	0	6	-1
	Sequence	-edge_155_0_+disjointig_32_13330_147335 134005 -22 147336 0 134005
Edge	310	206	173	0	0	0	4	-1
	Sequence	+edge_156_0_+disjointig_45_0_99807 99807 36 99822 0 99807
Edge	311	175	208	0	0	0	4	-1
	Sequence	-edge_156_0_+disjointig_45_0_99807 99807 -36 99822 14 99821
Edge	312	173	179	0	0	0	5	-1
	Sequence	+edge_157_0_+disjointig_35_12075_76958 64883 25 76959 12075 76958
Edge	313	76	175	0	0	0	5	-1
	Sequence	-edge_157_0_+disjointig_35_12075_76958 64883 -25 76959 0 64883
Edge	314	40	21	0	0	0	4	-1
	Sequence	+edge_158_0_+disjointig_76_0_34130 34130 66 50929 0 34130
Edge	315	22	68	0	0	0	4	-1
	Sequence	-edge_158_0_+disjointig_76_0_34130 34130 -66 50929 16798 50928
Edge	316	23	210	0	0	0	4	-1
	Sequence	+edge_159_0_+disjointig_37_13383_93077 79694 27 97724 13383 93077
Edge	317	19	120	0	0	0	4	-1
	Sequence	-edge_159_0_+disjointig_37_13383_93077 79694 -27 97724 4646 84340
Edge	318	145	5	0	0	0	41	-1
	Sequence	+edge_160_0_+disjointig_39_1451_15758 14307 29 144036 1451 15758
	Sequence	+edge_160_1_+disjointig_39_15758_30065 14307 29 144036 15758 30065
Edge	319	6	101	0	0	0	41	-1
	Sequence	-edge_160_0_+disjointig_39_1451_15758 14307 -29 144036 128277 142584
	Sequence	-edge_160_1_+disjointig_39_15758_30065 14307 -29 144036 113970 128277
Edge	320	185	185	0	0	0	59	-1
	Sequence	+edge_161_0_+disjointig_47_1820_44691 42871 38 87556 1820 44691
	Sequence	+edge_161_1_+disjointig_47_44691_87554 42863 38 87556 44691 87554
Edge	321	221	221	0	0	0	59	-1
	Sequence	-edge_161_0_+disjointig_47_1820_44691 42871 -38 87556 42864 85735
	Sequence	-edge_161_1_+disjointig_47_44691_87554 42863 -38 87556 1 42864
Edge	322	263	73	0	0	0	2	-1
	Sequence	+edge_162_0_+disjointig_62_0_11282 11282 53 71975 0 11282
Edge	323	246	243	0	0	0	2	-1
	Sequence	-edge_162_0_+disjointig_62_0_11282 11282 -53 71975 60692 71974
Edge	324	29	215	0	0	0	5	-1
	Sequence	+edge_163_0_+disjointig_89_0_16178 16178 80 16183 0 16178
Edge	325	170	27	0	0	0	5	-1
	Sequence	-edge_163_0_+disjointig_89_0_16178 16178 -80 16183 4 16182
Edge	326	215	192	0	0	0	1	-1
	Sequence	+edge_164_0_+disjointig_63_3632_7684 4052 54 7685 3632 7684
Edge	327	265	170	0	0	0	1	-1
	Sequence	-edge_164_0_+disjointig_63_3632_7684 4052 -54 7685 0 4052
Edge	328	16	15	0	0	0	4	-1
	Sequence	+edge_165_0_+d570b5ae-28fc-4492-a36b-ccae8786225b_34596_47989 13393 * 0 0 0
Edge	329	14	57	0	0	0	4	-1
	Sequence	-edge_165_0_+d570b5ae-28fc-4492-a36b-ccae8786225b_34596_47989 13393 * 0 0 0
Edge	330	207	247	0	0	0	4	-1
	Sequence	+edge_166_0_+c658db31-0927-4b9f-be72-99590618feb5_8851_13833 4982 * 0 0 0
Edge	331	13	12	0	0	0	4	-1
	Sequence	-edge_166_0_+c658db31-0927-4b9f-be72-99590618feb5_8851_13833 4982 * 0 0 0
Edge	332	214	11	0	0	0	5	-1
	Sequence	+edge_167_0_-c658db31-0927-4b9f-be72-99590618feb5_11308_16447 5139 * 0 0 0
Edge	333	94	10	0	0	0	5	-1
	Sequence	-edge_167_0_-c658db31-0927-4b9f-be72-99590618feb5_11308_16447 5139 * 0 0 0
Edge	334	134	9	0	0	0	5	-1
	Sequence	+edge_168_0_+20447c7b-c393-4678-907e-ec0186f0f4bc_18844_24168 5324 * 0 0 0
Edge	335	147	8	0	0	0	5	-1
	Sequence	-edge_168_0_+20447c7b-c393-4678-907e-ec0186f0f4bc_18844_24168 5324 * 0 0 0
Edge	336	7	32	0	0	0	5	-1
	Sequence	+edge_169_0_-d6c673bd-7c8e-4ad1-a076-a8d25ae09057_2601_7621 5020 * 0 0 0
Edge	337	118	106	0	0	0	5	-1
	Sequence	-edge_169_0_-d6c673bd-7c8e-4ad1-a076-a8d25ae09057_2601_7621 5020 * 0 0 0
Edge	340	4	209	0	0	0	5	-1
	Sequence	+edge_171_0_-206416f5-eb2e-4cf9-adca-fc18993a34a4_2832_13665 10833 * 0 0 0
Edge	341	244	171	0	0	0	5	-1
	Sequence	-edge_171_0_-206416f5-eb2e-4cf9-adca-fc18993a34a4_2832_13665 10833 * 0 0 0
Edge	342	264	1	0	0	0	3	-1
	Sequence	+edge_172_haplotype 5008 * 0 0 0
Edge	343	99	0	0	0	0	3	-1
	Sequence	-edge_172_haplotype 5008 * 0 0 0
