Chain
	Aln	27	+85885b5a-5421-4beb-a1e3-294816e12565 6 1496 2063 -edge_14_0_+disjointig_21_0_6057 4566 6056 6057 -1 -1 1462 0.000298059
Chain
	Aln	26	-85885b5a-5421-4beb-a1e3-294816e12565 566 2056 2063 +edge_14_0_+disjointig_21_0_6057 0 1490 6057 -1 -1 1462 0.000298059
Chain
	Aln	2	+6422fac8-13da-4b5e-af35-e6d0c6acc83b 24 3723 3728 +edge_2_0_+disjointig_10_0_3726 1 3700 3726 -1 -1 3674 0.00282218
Chain
	Aln	3	-6422fac8-13da-4b5e-af35-e6d0c6acc83b 4 3703 3728 -edge_2_0_+disjointig_10_0_3726 25 3724 3726 -1 -1 3674 0.00282218
Chain
	Aln	3	+daad9af9-6962-497e-a2a5-2ae6388a2c3d 14 3728 3730 -edge_2_0_+disjointig_10_0_3726 13 3724 3726 -1 -1 3678 0.0033388
Chain
	Aln	2	-daad9af9-6962-497e-a2a5-2ae6388a2c3d 1 3715 3730 +edge_2_0_+disjointig_10_0_3726 1 3712 3726 -1 -1 3678 0.0033388
Chain
	Aln	23	+68aee665-a870-4cd9-a3c2-9170194a979d 8 1363 1427 -edge_12_0_+disjointig_2_0_8590 4240 5576 8590 -1 -1 1303 0.00348599
Chain
	Aln	22	-68aee665-a870-4cd9-a3c2-9170194a979d 63 1418 1427 +edge_12_0_+disjointig_2_0_8590 3013 4349 8590 -1 -1 1303 0.00348599
Chain
	Aln	2	+181e9081-6974-4559-ae4e-ebb405a55d20 1013 4620 4664 +edge_2_0_+disjointig_10_0_3726 1 3620 3726 -1 -1 3478 0.00496916
Chain
	Aln	3	-181e9081-6974-4559-ae4e-ebb405a55d20 43 3650 4664 -edge_2_0_+disjointig_10_0_3726 105 3724 3726 -1 -1 3478 0.00496916
Chain
	Aln	1	+07c32a97-1631-430b-a582-a20f23129ad0 14 2273 2279 -edge_1_0_+disjointig_1_0_2280 13 2274 2280 -1 -1 2230 0.000905023
Chain
	Aln	0	-07c32a97-1631-430b-a582-a20f23129ad0 5 2264 2279 +edge_1_0_+disjointig_1_0_2280 5 2266 2280 -1 -1 2230 0.000905023
Chain
	Aln	1	+8d59f6b0-fc8c-4963-92b0-66f09e63c3e0 12 1119 1126 -edge_1_0_+disjointig_1_0_2280 437 1541 2280 -1 -1 1085 0.0031439
Chain
	Aln	0	-8d59f6b0-fc8c-4963-92b0-66f09e63c3e0 6 1113 1126 +edge_1_0_+disjointig_1_0_2280 738 1842 2280 -1 -1 1085 0.0031439
Chain
	Aln	16	+6e10814a-90ee-4d29-b6f0-427c539e8eb6 5 1536 1538 +edge_9_0_+disjointig_17_0_2312 292 1825 2312 -1 -1 1467 0.00467663
Chain
	Aln	17	-6e10814a-90ee-4d29-b6f0-427c539e8eb6 1 1532 1538 -edge_9_0_+disjointig_17_0_2312 486 2019 2312 -1 -1 1467 0.00467663
Chain
	Aln	22	+f692c571-ea55-4221-8e9f-31ba7bd7893d 1 2551 2557 +edge_12_0_+disjointig_2_0_8590 4724 7276 8590 -1 -1 2493 0.00351054
Chain
	Aln	23	-f692c571-ea55-4221-8e9f-31ba7bd7893d 5 2555 2557 -edge_12_0_+disjointig_2_0_8590 1313 3865 8590 -1 -1 2493 0.00351054
Chain
	Aln	26	+ac48a61e-a4ae-42ce-bcb5-ecf1e76294f7 2480 8569 8573 +edge_14_0_+disjointig_21_0_6057 1 6054 6057 -1 -1 5710 0.00397503
Chain
	Aln	27	-ac48a61e-a4ae-42ce-bcb5-ecf1e76294f7 3 6092 8573 -edge_14_0_+disjointig_21_0_6057 2 6055 6057 -1 -1 5710 0.00397503
Chain
	Aln	46	+045794c6-d41a-4fa6-a9e4-544a062e368b 11 2537 3606 +edge_24_0_+disjointig_8_0_2725 188 2717 2725 -1 -1 2499 0.000451844
Chain
	Aln	47	-045794c6-d41a-4fa6-a9e4-544a062e368b 1068 3594 3606 -edge_24_0_+disjointig_8_0_2725 7 2536 2725 -1 -1 2499 0.000451844
Chain
	Aln	24	+d3fcb231-07f6-4e2f-bf83-9a492d1cc0eb 14 2024 2145 +edge_13_0_+disjointig_20_0_2772 694 2704 2772 -1 -1 1896 0.00670718
Chain
	Aln	25	-d3fcb231-07f6-4e2f-bf83-9a492d1cc0eb 120 2130 2145 -edge_13_0_+disjointig_20_0_2772 67 2077 2772 -1 -1 1896 0.00670718
Chain
	Aln	19	+f46189d4-3e70-45cf-b642-5c51260a6e1b 15 2469 2471 -edge_10_0_+disjointig_18_0_2470 14 2469 2470 -1 -1 2321 0.00723287
Chain
	Aln	18	-f46189d4-3e70-45cf-b642-5c51260a6e1b 1 2455 2471 +edge_10_0_+disjointig_18_0_2470 0 2455 2470 -1 -1 2321 0.00723287
Chain
	Aln	25	+a270074b-8ca9-4462-8d1e-93bc91632b75 9 2765 2767 -edge_13_0_+disjointig_20_0_2772 8 2770 2772 -1 -1 2563 0.0078911
Chain
	Aln	24	-a270074b-8ca9-4462-8d1e-93bc91632b75 1 2757 2767 +edge_13_0_+disjointig_20_0_2772 1 2763 2772 -1 -1 2563 0.0078911
Chain
	Aln	11	+bdec774c-0482-4e47-bbda-2e102cad856e 8 3063 3067 -edge_6_0_+disjointig_14_0_3065 7 3061 3065 -1 -1 3025 0.00231358
Chain
	Aln	10	-bdec774c-0482-4e47-bbda-2e102cad856e 3 3058 3067 +edge_6_0_+disjointig_14_0_3065 3 3057 3065 -1 -1 3025 0.00231358
Chain
	Aln	22	+f383ad04-6d79-4d4f-87d2-bb53c789e5c2 2 4826 4833 +edge_12_0_+disjointig_2_0_8590 3754 8584 8590 -1 -1 4699 0.00247956
Chain
	Aln	23	-f383ad04-6d79-4d4f-87d2-bb53c789e5c2 6 4830 4833 -edge_12_0_+disjointig_2_0_8590 5 4835 8590 -1 -1 4699 0.00247956
Chain
	Aln	45	+c20ad2c3-7b1f-4fd8-bdca-719f3ac842a1 11 2225 2227 -edge_23_0_+disjointig_7_0_2222 10 2220 2222 -1 -1 2139 0.00361261
Chain
	Aln	44	-c20ad2c3-7b1f-4fd8-bdca-719f3ac842a1 1 2215 2227 +edge_23_0_+disjointig_7_0_2222 1 2211 2222 -1 -1 2139 0.00361261
Chain
	Aln	21	+a2665394-0718-4384-9234-e88009347cb0 8 1119 1127 -edge_11_0_+disjointig_19_0_11294 2961 4072 11294 -1 -1 1059 0.00590018
Chain
	Aln	20	-a2665394-0718-4384-9234-e88009347cb0 7 1118 1127 +edge_11_0_+disjointig_19_0_11294 7221 8332 11294 -1 -1 1059 0.00590018
Chain
	Aln	45	+b60f876b-b8a5-4d7c-9051-e6fea302aea3 19 1225 1228 -edge_23_0_+disjointig_7_0_2222 795 2001 2222 -1 -1 1199 0.00226556
Chain
	Aln	44	-b60f876b-b8a5-4d7c-9051-e6fea302aea3 2 1208 1228 +edge_23_0_+disjointig_7_0_2222 220 1426 2222 -1 -1 1199 0.00226556
Chain
	Aln	34	+15649665-a492-444a-831c-f96d31dcd63d 8 1263 1271 +edge_18_0_+disjointig_25_0_8839 4162 5417 8839 -1 -1 1238 0.0032176
Chain
	Aln	35	-15649665-a492-444a-831c-f96d31dcd63d 7 1262 1271 -edge_18_0_+disjointig_25_0_8839 3421 4676 8839 -1 -1 1238 0.0032176
Chain
	Aln	22	+5c72896d-020f-45ef-9dbf-cb47d2b11be7 8 1486 2281 +edge_12_0_+disjointig_2_0_8590 4750 6234 8590 -1 -1 1066 0.022282
Chain
	Aln	23	-5c72896d-020f-45ef-9dbf-cb47d2b11be7 794 2272 2281 -edge_12_0_+disjointig_2_0_8590 2355 3839 8590 -1 -1 1066 0.022282
Chain
	Aln	26	+12d7211e-9d57-4d1f-b2ac-43ddfdc24ab4 33 1202 1206 +edge_14_0_+disjointig_21_0_6057 280 1449 6057 -1 -1 1169 0
Chain
	Aln	27	-12d7211e-9d57-4d1f-b2ac-43ddfdc24ab4 3 1172 1206 -edge_14_0_+disjointig_21_0_6057 4607 5776 6057 -1 -1 1169 0
Chain
	Aln	27	+b8eeb140-a97d-473f-bb38-98ee5797726c 13 1316 1321 -edge_14_0_+disjointig_21_0_6057 2476 3779 6057 -1 -1 1285 0.00092889
Chain
	Aln	26	-b8eeb140-a97d-473f-bb38-98ee5797726c 4 1307 1321 +edge_14_0_+disjointig_21_0_6057 2277 3580 6057 -1 -1 1285 0.00092889
Chain
	Aln	23	+3ec228fb-8eaf-421f-91b5-39714babef2f 641 3014 3020 -edge_12_0_+disjointig_2_0_8590 2379 4753 8590 -1 -1 2268 0.00406791
Chain
	Aln	22	-3ec228fb-8eaf-421f-91b5-39714babef2f 5 2378 3020 +edge_12_0_+disjointig_2_0_8590 3836 6210 8590 -1 -1 2268 0.00406791
Chain
	Aln	22	+989fc435-2746-4be7-ab91-b06eaf91a822 9 2416 3011 +edge_12_0_+disjointig_2_0_8590 3819 6234 8590 -1 -1 2395 0.000810705
Chain
	Aln	23	-989fc435-2746-4be7-ab91-b06eaf91a822 594 3001 3011 -edge_12_0_+disjointig_2_0_8590 2355 4770 8590 -1 -1 2395 0.000810705
Chain
	Aln	47	+cd43fd52-3727-48da-8626-f6c4a04bcb95 18 2723 2725 -edge_24_0_+disjointig_8_0_2725 17 2723 2725 -1 -1 2596 0.00352712
Chain
	Aln	46	-cd43fd52-3727-48da-8626-f6c4a04bcb95 1 2706 2725 +edge_24_0_+disjointig_8_0_2725 1 2707 2725 -1 -1 2596 0.00352712
Chain
	Aln	5	+ea7f1d07-2ee7-411c-acce-2d9e83430d99 19 2332 2338 -edge_3_0_+disjointig_11_0_2338 18 2332 2338 -1 -1 2306 0
Chain
	Aln	4	-ea7f1d07-2ee7-411c-acce-2d9e83430d99 5 2318 2338 +edge_3_0_+disjointig_11_0_2338 5 2319 2338 -1 -1 2306 0
Chain
	Aln	21	+6df9d103-94f9-4d65-a3bd-69e1f10eb823 5 1072 1077 -edge_11_0_+disjointig_19_0_11294 7693 8760 11294 -1 -1 1067 0.00192023
Chain
	Aln	20	-6df9d103-94f9-4d65-a3bd-69e1f10eb823 4 1071 1077 +edge_11_0_+disjointig_19_0_11294 2533 3600 11294 -1 -1 1067 0.00192023
Chain
	Aln	27	+f938b2d5-68c2-4d2e-a979-eb5ded00e7b1 15 2255 2257 -edge_14_0_+disjointig_21_0_6057 3814 6055 6057 -1 -1 2206 0.000972083
Chain
	Aln	26	-f938b2d5-68c2-4d2e-a979-eb5ded00e7b1 1 2241 2257 +edge_14_0_+disjointig_21_0_6057 1 2242 6057 -1 -1 2206 0.000972083
Chain
	Aln	49	+7b58d2fc-8759-4414-a5eb-5ec87113a1bd 24 2589 2591 -edge_25_0_+disjointig_9_0_8838 6266 8836 8838 -1 -1 2536 0.000622133
Chain
	Aln	48	-7b58d2fc-8759-4414-a5eb-5ec87113a1bd 1 2566 2591 +edge_25_0_+disjointig_9_0_8838 1 2571 8838 -1 -1 2536 0.000622133
Chain
	Aln	20	+871e8b59-d2c9-478d-a81b-37c0996f6e1e 5 10492 10500 +edge_11_0_+disjointig_19_0_11294 773 11287 11294 -1 -1 10115 0.00321187
Chain
	Aln	21	-871e8b59-d2c9-478d-a81b-37c0996f6e1e 7 10494 10500 -edge_11_0_+disjointig_19_0_11294 6 10520 11294 -1 -1 10115 0.00321187
Chain
	Aln	23	+92c012a8-709f-4cc9-9eca-f925569c1ece 17 1740 1750 -edge_12_0_+disjointig_2_0_8590 2534 4259 8590 -1 -1 1634 0.00486911
Chain
	Aln	22	-92c012a8-709f-4cc9-9eca-f925569c1ece 9 1732 1750 +edge_12_0_+disjointig_2_0_8590 4330 6055 8590 -1 -1 1634 0.00486911
Chain
	Aln	48	+4d840802-279e-47fd-a707-87d3f133761b 49 1076 1079 +edge_25_0_+disjointig_9_0_8838 5930 6957 8838 -1 -1 925 0.00964327
Chain
	Aln	49	-4d840802-279e-47fd-a707-87d3f133761b 2 1029 1079 -edge_25_0_+disjointig_9_0_8838 1880 2907 8838 -1 -1 925 0.00964327
Chain
	Aln	8	+dd7c46dc-7aac-48be-9274-baa5f9582a88 78 1159 1167 +edge_5_0_+disjointig_13_0_2908 870 1951 2908 -1 -1 1066 0.00428995
Chain
	Aln	9	-dd7c46dc-7aac-48be-9274-baa5f9582a88 7 1088 1167 -edge_5_0_+disjointig_13_0_2908 956 2037 2908 -1 -1 1066 0.00428995
Chain
	Aln	39	+8021d023-cad5-45d0-8318-6a9ebd479971 10 2238 2901 -edge_20_0_+disjointig_4_0_4175 1490 3718 4175 -1 -1 2228 0
Chain
	Aln	38	-8021d023-cad5-45d0-8318-6a9ebd479971 662 2890 2901 +edge_20_0_+disjointig_4_0_4175 456 2684 4175 -1 -1 2228 0
Chain
	Aln	39	+efa427c0-f01b-4cec-ad9c-f1e2755e3f82 9 3690 4642 -edge_20_0_+disjointig_4_0_4175 8 3718 4175 -1 -1 3492 0.00613612
Chain
	Aln	38	-efa427c0-f01b-4cec-ad9c-f1e2755e3f82 951 4632 4642 +edge_20_0_+disjointig_4_0_4175 456 4166 4175 -1 -1 3492 0.00613612
Chain
	Aln	13	+dfe0da27-a8d4-4999-825d-78b78f2870e1 184 1947 1949 -edge_7_0_+disjointig_15_0_2627 8 1771 2627 -1 -1 1738 0.000469642
Chain
	Aln	12	-dfe0da27-a8d4-4999-825d-78b78f2870e1 1 1764 1949 +edge_7_0_+disjointig_15_0_2627 855 2618 2627 -1 -1 1738 0.000469642
Chain
	Aln	36	+e8323301-f763-4088-b9ee-f10a5918394c 11 2454 2457 +edge_19_0_+disjointig_3_0_2544 88 2532 2544 -1 -1 2427 0
Chain
	Aln	37	-e8323301-f763-4088-b9ee-f10a5918394c 2 2445 2457 -edge_19_0_+disjointig_3_0_2544 11 2455 2544 -1 -1 2427 0
Chain
	Aln	29	+b16aa784-d5e5-4d3d-a704-84395ca11d47 17 2367 2369 -edge_15_0_+disjointig_22_0_2361 16 2359 2361 -1 -1 2171 0.00711934
Chain
	Aln	28	-b16aa784-d5e5-4d3d-a704-84395ca11d47 1 2351 2369 +edge_15_0_+disjointig_22_0_2361 1 2344 2361 -1 -1 2171 0.00711934
Chain
	Aln	22	+9e3f69e4-91d9-4f0f-96aa-49d32b944a70 16 3680 3682 +edge_12_0_+disjointig_2_0_8590 1858 5597 8590 -1 -1 3541 0.00290166
Chain
	Aln	23	-9e3f69e4-91d9-4f0f-96aa-49d32b944a70 1 3665 3682 -edge_12_0_+disjointig_2_0_8590 2992 6731 8590 -1 -1 3541 0.00290166
Chain
	Aln	5	+5e11c627-73fe-4425-974f-b8b048b0d7ad 4 1046 1056 -edge_3_0_+disjointig_11_0_2338 885 1927 2338 -1 -1 1041 0
Chain
	Aln	4	-5e11c627-73fe-4425-974f-b8b048b0d7ad 9 1051 1056 +edge_3_0_+disjointig_11_0_2338 410 1452 2338 -1 -1 1041 0
Chain
	Aln	41	+b7ec9b14-3cf2-4642-916d-6512620fbe98 17 2721 2726 -edge_21_0_+disjointig_5_0_6615 16 2716 6615 -1 -1 2644 0.00284631
Chain
	Aln	40	-b7ec9b14-3cf2-4642-916d-6512620fbe98 4 2708 2726 +edge_21_0_+disjointig_5_0_6615 3898 6598 6615 -1 -1 2644 0.00284631
Chain
	Aln	23	+52a4b169-00aa-4c0c-bc75-c91aa824746f 22 1532 2010 -edge_12_0_+disjointig_2_0_8590 5766 7278 8590 -1 -1 1419 0.00743141
Chain
	Aln	22	-52a4b169-00aa-4c0c-bc75-c91aa824746f 477 1987 2010 +edge_12_0_+disjointig_2_0_8590 1311 2823 8590 -1 -1 1419 0.00743141
Chain
	Aln	40	+b2cd5d0f-560f-4853-a0a3-bb225d55637c 2 6594 6597 +edge_21_0_+disjointig_5_0_6615 2 6592 6615 -1 -1 6555 0.00101205
Chain
	Aln	41	-b2cd5d0f-560f-4853-a0a3-bb225d55637c 2 6594 6597 -edge_21_0_+disjointig_5_0_6615 22 6612 6615 -1 -1 6555 0.00101205
Chain
	Aln	13	+73a1a844-6776-452f-aba2-95243b513183 9 2617 2619 -edge_7_0_+disjointig_15_0_2627 8 2625 2627 -1 -1 2515 0.00079593
Chain
	Aln	12	-73a1a844-6776-452f-aba2-95243b513183 1 2609 2619 +edge_7_0_+disjointig_15_0_2627 1 2618 2627 -1 -1 2515 0.00079593
Chain
	Aln	26	+1f29df88-fead-42bf-8acb-9cdcdc8fed9e 5 1165 1175 +edge_14_0_+disjointig_21_0_6057 1553 2719 6057 -1 -1 1119 0.00841835
Chain
	Aln	27	-1f29df88-fead-42bf-8acb-9cdcdc8fed9e 9 1169 1175 -edge_14_0_+disjointig_21_0_6057 3337 4503 6057 -1 -1 1119 0.00841835
Chain
	Aln	32	+82042854-f877-4460-a811-89bb1897e006 96 1280 1285 +edge_17_0_+disjointig_24_0_2259 341 1526 2259 -1 -1 1182 0
Chain
	Aln	33	-82042854-f877-4460-a811-89bb1897e006 4 1188 1285 -edge_17_0_+disjointig_24_0_2259 732 1917 2259 -1 -1 1182 0
Chain
	Aln	22	+9cf27761-2e0c-4c2e-96d8-a4105fb5e713 16 2022 2024 +edge_12_0_+disjointig_2_0_8590 3231 5267 8590 -1 -1 1702 0.0177887
Chain
	Aln	23	-9cf27761-2e0c-4c2e-96d8-a4105fb5e713 1 2007 2024 -edge_12_0_+disjointig_2_0_8590 3322 5358 8590 -1 -1 1702 0.0177887
Chain
	Aln	31	+8d260820-13ba-4cb9-b381-0ce44f909e76 12 2402 2412 -edge_16_0_+disjointig_23_0_6260 11 2404 6260 -1 -1 2349 0.00124012
Chain
	Aln	30	-8d260820-13ba-4cb9-b381-0ce44f909e76 9 2399 2412 +edge_16_0_+disjointig_23_0_6260 3855 6248 6260 -1 -1 2349 0.00124012
Chain
	Aln	10	+d3706ac9-40cd-4f78-8525-60f06df0cdce 10 1508 1512 +edge_6_0_+disjointig_14_0_3065 1458 2958 3065 -1 -1 1475 0.00157945
Chain
	Aln	11	-d3706ac9-40cd-4f78-8525-60f06df0cdce 3 1501 1512 -edge_6_0_+disjointig_14_0_3065 106 1606 3065 -1 -1 1475 0.00157945
Chain
	Aln	33	+49957a7d-e150-4a80-9532-ed0934ae123c 18 2251 2253 -edge_17_0_+disjointig_24_0_2259 17 2257 2259 -1 -1 2115 0.00352024
Chain
	Aln	32	-49957a7d-e150-4a80-9532-ed0934ae123c 1 2234 2253 +edge_17_0_+disjointig_24_0_2259 1 2241 2259 -1 -1 2115 0.00352024
Chain
	Aln	14	+c522b5ff-7f28-4d7c-827c-ac90b1bd8966 64 1855 1859 +edge_8_0_+disjointig_16_0_2349 2 1793 2349 -1 -1 1791 0
Chain
	Aln	15	-c522b5ff-7f28-4d7c-827c-ac90b1bd8966 3 1794 1859 -edge_8_0_+disjointig_16_0_2349 555 2346 2349 -1 -1 1791 0
Chain
	Aln	35	+4b723df6-7795-49dc-93df-71e319da8326 6 3482 6639 -edge_18_0_+disjointig_25_0_8839 5271 8750 8839 -1 -1 3229 0.00885699
Chain
	Aln	34	-4b723df6-7795-49dc-93df-71e319da8326 3156 6632 6639 +edge_18_0_+disjointig_25_0_8839 88 3567 8839 -1 -1 3229 0.00885699
Chain
	Aln	15	+eff8c5c0-ee6e-4fbb-a0c9-6eac1fb0bf9f 11 2339 2342 -edge_8_0_+disjointig_16_0_2349 10 2346 2349 -1 -1 2235 0.00461178
Chain
	Aln	14	-eff8c5c0-ee6e-4fbb-a0c9-6eac1fb0bf9f 2 2330 2342 +edge_8_0_+disjointig_16_0_2349 2 2338 2349 -1 -1 2235 0.00461178
Chain
	Aln	9	+7b3bc8b3-bf1c-4564-9664-bedba4426db2 16 2920 2922 -edge_5_0_+disjointig_13_0_2908 15 2906 2908 -1 -1 2760 0.00704377
Chain
	Aln	8	-7b3bc8b3-bf1c-4564-9664-bedba4426db2 1 2905 2922 +edge_5_0_+disjointig_13_0_2908 1 2892 2908 -1 -1 2760 0.00704377
Chain
	Aln	29	+2b535756-e7e3-4d37-8056-57365a254284 22 1888 2116 -edge_15_0_+disjointig_22_0_2361 431 2299 2361 -1 -1 1662 0.0108011
Chain
	Aln	28	-2b535756-e7e3-4d37-8056-57365a254284 227 2093 2116 +edge_15_0_+disjointig_22_0_2361 61 1929 2361 -1 -1 1662 0.0108011
Chain
	Aln	19	+3e939674-112e-448c-a85d-e0caef904002 86 1556 1684 -edge_10_0_+disjointig_18_0_2470 974 2444 2470 -1 -1 1459 0.000391057
Chain
	Aln	18	-3e939674-112e-448c-a85d-e0caef904002 127 1597 1684 +edge_10_0_+disjointig_18_0_2470 25 1495 2470 -1 -1 1459 0.000391057
Chain
	Aln	7	+0001c253-0375-49a7-aecf-20f8ce5f14c8 7 2257 2259 -edge_4_0_+disjointig_12_0_6332 4079 6330 6332 -1 -1 2238 0.00288687
Chain
	Aln	6	-0001c253-0375-49a7-aecf-20f8ce5f14c8 1 2251 2259 +edge_4_0_+disjointig_12_0_6332 1 2252 6332 -1 -1 2238 0.00288687
Chain
	Aln	40	+68460b34-6fd4-4753-bd63-6672b3769365 71 5071 5077 +edge_21_0_+disjointig_5_0_6615 1242 6387 6615 -1 -1 4486 0.00901311
Chain
	Aln	41	-68460b34-6fd4-4753-bd63-6672b3769365 5 5005 5077 -edge_21_0_+disjointig_5_0_6615 227 5372 6615 -1 -1 4486 0.00901311
Chain
	Aln	11	+88565086-c766-43b0-a62c-cb8e9fa651b6 17 2777 3024 -edge_6_0_+disjointig_14_0_3065 303 3064 3065 -1 -1 2756 0.00122755
Chain
	Aln	10	-88565086-c766-43b0-a62c-cb8e9fa651b6 246 3006 3024 +edge_6_0_+disjointig_14_0_3065 0 2761 3065 -1 -1 2756 0.00122755
Chain
	Aln	42	+3f6fe59b-ca07-49fc-a4df-b030c6e9a7da 18 2495 2499 +edge_22_0_+disjointig_6_0_2501 1 2478 2501 -1 -1 2457 0.00134973
Chain
	Aln	43	-3f6fe59b-ca07-49fc-a4df-b030c6e9a7da 3 2480 2499 -edge_22_0_+disjointig_6_0_2501 22 2499 2501 -1 -1 2457 0.00134973
Chain
	Aln	43	+821fc5c4-b1cd-4ae7-ac0e-c2841566576f 12 2505 2507 -edge_22_0_+disjointig_6_0_2501 11 2499 2501 -1 -1 2379 0.00378786
Chain
	Aln	42	-821fc5c4-b1cd-4ae7-ac0e-c2841566576f 1 2494 2507 +edge_22_0_+disjointig_6_0_2501 1 2489 2501 -1 -1 2379 0.00378786
Chain
	Aln	34	+9b4171c2-3e2e-48c0-884e-3f962c4a3507 2 8780 9097 +edge_18_0_+disjointig_25_0_8839 2 8835 8839 -1 -1 8459 0.00432878
Chain
	Aln	35	-9b4171c2-3e2e-48c0-884e-3f962c4a3507 316 9094 9097 -edge_18_0_+disjointig_25_0_8839 3 8836 8839 -1 -1 8459 0.00432878
Chain
	Aln	37	+6ff49089-51f8-4b54-81bb-b90fb4f00b4e 12 2543 2545 -edge_19_0_+disjointig_3_0_2544 11 2542 2544 -1 -1 2521 0
Chain
	Aln	36	-6ff49089-51f8-4b54-81bb-b90fb4f00b4e 1 2532 2545 +edge_19_0_+disjointig_3_0_2544 1 2532 2544 -1 -1 2521 0
Chain
	Aln	22	+e0952c70-f784-41b2-8ffd-233f67513078 3 1012 1019 +edge_12_0_+disjointig_2_0_8590 5066 6071 8590 -1 -1 925 0.00785854
Chain
	Aln	23	-e0952c70-f784-41b2-8ffd-233f67513078 6 1015 1019 -edge_12_0_+disjointig_2_0_8590 2518 3523 8590 -1 -1 925 0.00785854
Chain
	Aln	22	+1cc0247a-7fa6-410f-9fc0-262019f91614 7 1567 1569 +edge_12_0_+disjointig_2_0_8590 4013 5581 8590 -1 -1 1530 0.00242481
Chain
	Aln	23	-1cc0247a-7fa6-410f-9fc0-262019f91614 1 1561 1569 -edge_12_0_+disjointig_2_0_8590 3008 4576 8590 -1 -1 1530 0.00242481
Chain
	Aln	6	+acbdf809-51ac-4a23-b84e-2507faa003f8 6 6170 6173 +edge_4_0_+disjointig_12_0_6332 162 6330 6332 -1 -1 6051 0.00292496
Chain
	Aln	7	-acbdf809-51ac-4a23-b84e-2507faa003f8 2 6166 6173 -edge_4_0_+disjointig_12_0_6332 1 6169 6332 -1 -1 6051 0.00292496
Chain
	Aln	22	+31205acc-f0a3-4334-b961-67a861222a92 1 6381 7181 +edge_12_0_+disjointig_2_0_8590 1 6234 8590 -1 -1 5828 0.00326652
Chain
	Aln	23	-31205acc-f0a3-4334-b961-67a861222a92 799 7179 7181 -edge_12_0_+disjointig_2_0_8590 2355 8588 8590 -1 -1 5828 0.00326652
Chain
	Aln	35	+334e2fc6-cec2-4f34-a856-f00ba5d27593 7 4892 4894 -edge_18_0_+disjointig_25_0_8839 6 4888 8839 -1 -1 4801 0.00120315
Chain
	Aln	34	-334e2fc6-cec2-4f34-a856-f00ba5d27593 1 4886 4894 +edge_18_0_+disjointig_25_0_8839 3950 8832 8839 -1 -1 4801 0.00120315
Chain
	Aln	11	+6fbc89cc-85a1-4a09-9218-26a6679b823f 523 1541 1545 -edge_6_0_+disjointig_14_0_3065 41 1058 3065 -1 -1 1012 0.0014114
Chain
	Aln	10	-6fbc89cc-85a1-4a09-9218-26a6679b823f 3 1021 1545 +edge_6_0_+disjointig_14_0_3065 2006 3023 3065 -1 -1 1012 0.0014114
Chain
	Aln	36	+ece16d29-4730-46a4-b844-75a5034088c7 7 1155 2485 +edge_19_0_+disjointig_3_0_2544 1388 2536 2544 -1 -1 1148 0
Chain
	Aln	37	-ece16d29-4730-46a4-b844-75a5034088c7 1329 2477 2485 -edge_19_0_+disjointig_3_0_2544 7 1155 2544 -1 -1 1148 0
Chain
	Aln	22	+de347893-eeb4-4cda-96fa-559966c89f04 9 1275 1283 +edge_12_0_+disjointig_2_0_8590 4597 5863 8590 -1 -1 1266 0.000521585
Chain
	Aln	23	-de347893-eeb4-4cda-96fa-559966c89f04 7 1273 1283 -edge_12_0_+disjointig_2_0_8590 2726 3992 8590 -1 -1 1266 0.000521585
Chain
	Aln	17	+5d78d247-4bfa-4c33-a20d-2169ba607791 13 2312 2315 -edge_9_0_+disjointig_17_0_2312 12 2309 2312 -1 -1 2144 0.00709718
Chain
	Aln	16	-5d78d247-4bfa-4c33-a20d-2169ba607791 2 2301 2315 +edge_9_0_+disjointig_17_0_2312 2 2299 2312 -1 -1 2144 0.00709718
Chain
	Aln	31	+81eda8bf-4252-4162-8a40-647ce69dc9ad 12 5849 5851 -edge_16_0_+disjointig_23_0_6260 423 6258 6260 -1 -1 5801 0.000521133
Chain
	Aln	30	-81eda8bf-4252-4162-8a40-647ce69dc9ad 1 5838 5851 +edge_16_0_+disjointig_23_0_6260 1 5836 6260 -1 -1 5801 0.000521133
Chain
	Aln	27	+eabb30d9-0bd5-4024-a46d-89b0d8effa29 19 2673 2689 -edge_14_0_+disjointig_21_0_6057 3402 6056 6057 -1 -1 2644 0
Chain
	Aln	26	-eabb30d9-0bd5-4024-a46d-89b0d8effa29 15 2669 2689 +edge_14_0_+disjointig_21_0_6057 0 2654 6057 -1 -1 2644 0
Chain
	Aln	21	+7ce1e2f3-3e26-4d63-9587-f1d8f8f77cc0 27 3651 3653 -edge_11_0_+disjointig_19_0_11294 7664 11292 11294 -1 -1 3581 0.00224058
Chain
	Aln	20	-7ce1e2f3-3e26-4d63-9587-f1d8f8f77cc0 1 3625 3653 +edge_11_0_+disjointig_19_0_11294 1 3629 11294 -1 -1 3581 0.00224058
Chain
	Aln	49	+1bb08477-001b-4db0-ac90-49696463d1a1 8 8784 10078 -edge_25_0_+disjointig_9_0_8838 7 8837 8838 -1 -1 8357 0.00511022
Chain
	Aln	48	-1bb08477-001b-4db0-ac90-49696463d1a1 1293 10069 10078 +edge_25_0_+disjointig_9_0_8838 0 8830 8838 -1 -1 8357 0.00511022
Chain
	Aln	39	+de44274a-55ee-4ec0-bbab-1bab0098fae3 11 2427 2429 -edge_20_0_+disjointig_4_0_4175 1764 4173 4175 -1 -1 2320 0.00554345
Chain
	Aln	38	-de44274a-55ee-4ec0-bbab-1bab0098fae3 1 2417 2429 +edge_20_0_+disjointig_4_0_4175 1 2410 4175 -1 -1 2320 0.00554345
