Edge	8	65	57	0	0	0	63	-1
	Sequence	+edge_5_0_-disjointig_1_3506659_4597713 1091054 -1 5216622 3506659 4597713
Edge	9	68	60	0	0	0	63	-1
	Sequence	-edge_5_0_-disjointig_1_3506659_4597713 1091054 1 5216622 618908 1709962
Edge	10	64	31	0	0	0	29	-1
	Sequence	+edge_6_0_+disjointig_3_43790_68318 24528 4 150023 43790 68318
Edge	11	34	50	0	0	0	29	-1
	Sequence	-edge_6_0_+disjointig_3_43790_68318 24528 -4 150023 81704 106232
Edge	12	76	2	0	0	0	78	-1
	Sequence	+edge_7_0_+disjointig_1_4607270_5017729 410459 1 5216622 4607270 5017729
Edge	13	12	69	0	0	0	78	-1
	Sequence	-edge_7_0_+disjointig_1_4607270_5017729 410459 -1 5216622 198892 609351
Edge	14	62	47	0	0	0	64	-1
	Sequence	+edge_8_0_+disjointig_1_1712488_1910154 197666 1 5216622 1712488 1910154
Edge	15	40	78	0	0	0	64	-1
	Sequence	-edge_8_0_+disjointig_1_1712488_1910154 197666 -1 5216622 3306467 3504133
Edge	16	74	59	0	0	0	87	-1
	Sequence	+edge_9_0_-disjointig_1_611877_772288 160411 -1 5216622 611877 772288
Edge	17	63	72	0	0	0	87	-1
	Sequence	-edge_9_0_-disjointig_1_611877_772288 160411 1 5216622 4444333 4604744
Edge	22	25	17	0	0	0	68	-1
	Sequence	+edge_12_0_-disjointig_1_2466505_2476636 10131 -1 5216622 2466505 2476636
Edge	23	52	42	0	0	0	68	-1
	Sequence	-edge_12_0_-disjointig_1_2466505_2476636 10131 1 5216622 2739985 2750116
Edge	26	77	3	0	0	0	67	-1
	Sequence	+edge_14_0_+disjointig_1_1912731_2535815 623084 1 5216622 1912731 2535815
Edge	27	4	54	0	0	0	67	-1
	Sequence	-edge_14_0_+disjointig_1_1912731_2535815 623084 -1 5216622 2680806 3303890
Edge	28	28	32	0	0	0	81	-1
	Sequence	+edge_15_0_+disjointig_1_2752693_3355386 602693 1 5216622 2752693 3355386
Edge	29	19	26	0	0	0	81	-1
	Sequence	-edge_15_0_+disjointig_1_2752693_3355386 602693 -1 5216622 1861235 2463928
Edge	30	61	66	0	0	0	91	-1
	Sequence	+edge_16_0_-disjointig_1_774865_1054200 279335 -1 5216622 774865 1054200
Edge	31	16	79	0	0	0	91	-1
	Sequence	-edge_16_0_-disjointig_1_774865_1054200 279335 1 5216622 4162421 4441756
Edge	34	10	46	0	0	0	85	-1
	Sequence	+edge_18_0_+disjointig_1_3878603_3987765 109162 1 5216622 3878603 3987765
Edge	35	7	14	0	0	0	85	-1
	Sequence	-edge_18_0_+disjointig_1_3878603_3987765 109162 -1 5216622 1228856 1338018
Edge	36	9	39	0	0	0	93	-1
	Sequence	+edge_19_0_+disjointig_1_3993098_4116993 123895 1 5216622 3993098 4116993
Edge	37	56	8	0	0	0	93	-1
	Sequence	-edge_19_0_+disjointig_1_3993098_4116993 123895 -1 5216622 1099628 1223523
Edge	38	0	20	0	0	0	73	-1
	Sequence	+edge_20_0_+disjointig_1_4122244_4157092 34848 1 5216622 4122244 4157092
Edge	39	15	43	0	0	0	73	-1
	Sequence	-edge_20_0_+disjointig_1_4122244_4157092 34848 -1 5216622 1059529 1094377
Edge	42	6	11	0	0	0	92	-1
	Sequence	+edge_22_0_+disjointig_1_3360729_3873255 512526 1 5216622 3360729 3873255
Edge	43	13	36	0	0	0	92	-1
	Sequence	-edge_22_0_+disjointig_1_3360729_3873255 512526 -1 5216622 1343366 1855892
Edge	44	45	55	0	0	0	73	-1
	Sequence	+edge_23_0_+disjointig_1_2541158_2731828 190670 1 5216622 2541158 2731828
Edge	45	21	5	0	0	0	73	-1
	Sequence	-edge_23_0_+disjointig_1_2541158_2731828 190670 -1 5216622 2484793 2675463
Edge	48	49	22	0	0	0	64	-1
	Sequence	+edge_25_0_-disjointig_1_2478772_2482658 3886 -1 5216622 2478772 2482658
Edge	49	23	18	0	0	0	64	-1
	Sequence	-edge_25_0_-disjointig_1_2478772_2482658 3886 1 5216622 2733963 2737849
Edge	50	73	71	0	0	0	325	-1
	Sequence	+edge_26_0_+disjointig_10_1223_3270 2047 2 3659 1223 3270
	Sequence	+edge_26_1_-disjointig_6_7_2045 2038 -5 2364 7 2045
Edge	51	75	37	0	0	0	325	-1
	Sequence	-edge_26_0_+disjointig_10_1223_3270 2047 -2 3659 388 2435
	Sequence	-edge_26_1_-disjointig_6_7_2045 2038 5 2364 318 2356
Edge	52	30	29	0	0	0	657	-1
	Sequence	+edge_27_0_+disjointig_11_0_2367 2367 3 2368 0 2367
Edge	53	33	51	0	0	0	657	-1
	Sequence	-edge_27_0_+disjointig_11_0_2367 2367 -3 2368 0 2367
Edge	56	1	44	0	0	0	71	-1
	Sequence	+edge_29_0_+disjointig_1_5022973_5216617 193644 1 5216622 5022973 5216617
Edge	57	35	27	0	0	0	71	-1
	Sequence	-edge_29_0_+disjointig_1_5022973_5216617 193644 -1 5216622 4 193648
Edge	58	44	38	0	0	0	66	-1
	Sequence	+edge_30_0_+disjointig_1_46808_616382 569574 1 5216622 46808 616382
Edge	59	41	35	0	0	0	66	-1
	Sequence	-edge_30_0_+disjointig_1_46808_616382 569574 -1 5216622 4600239 5169813
Edge	60	67	58	0	0	0	32	-1
	Sequence	+edge_31_0_-disjointig_3_108758_149561 40803 -4 150023 108758 149561
Edge	61	53	70	0	0	0	32	-1
	Sequence	-edge_31_0_-disjointig_3_108758_149561 40803 4 150023 461 41264
Edge	62	58	48	0	0	0	30	-1
	Sequence	+edge_32_0_-disjointig_3_21947_79127 57180 -4 150023 21947 79127
Edge	63	24	53	0	0	0	30	-1
	Sequence	-edge_32_0_-disjointig_3_21947_79127 57180 4 150023 70895 128075
Edge	66	60	62	0	0	0	63	-1
	Sequence	+edge_34_0_+32bf29c5-7dfa-439c-8fc7-96fe239a5b06_4728_7268 2540 * 0 0 0
Edge	67	78	65	0	0	0	63	-1
	Sequence	-edge_34_0_+32bf29c5-7dfa-439c-8fc7-96fe239a5b06_4728_7268 2540 * 0 0 0
Edge	68	38	68	0	0	0	64	-1
	Sequence	+edge_35_0_-df00190b-ba7a-436d-b52d-f22bf52f155f_1183_3723 2540 * 0 0 0
Edge	69	57	41	0	0	0	64	-1
	Sequence	-edge_35_0_-df00190b-ba7a-436d-b52d-f22bf52f155f_1183_3723 2540 * 0 0 0
Edge	70	50	67	0	0	0	30	-1
	Sequence	+edge_36_0_-73dec6eb-2c48-444a-9617-01c01bafbc16_13825_16351 2526 * 0 0 0
Edge	71	70	64	0	0	0	30	-1
	Sequence	-edge_36_0_-73dec6eb-2c48-444a-9617-01c01bafbc16_13825_16351 2526 * 0 0 0
Edge	72	69	74	0	0	0	82	-1
	Sequence	+edge_37_0_+d415a7e1-8d8b-4a7f-a660-640ef1c3db4b_8286_10810 2524 * 0 0 0
Edge	73	72	76	0	0	0	82	-1
	Sequence	-edge_37_0_+d415a7e1-8d8b-4a7f-a660-640ef1c3db4b_8286_10810 2524 * 0 0 0
Edge	74	47	77	0	0	0	65	-1
	Sequence	+edge_38_0_+9416f59f-2093-42ca-a465-0680b502865a_15130_17717 2587 * 0 0 0
Edge	75	54	40	0	0	0	65	-1
	Sequence	-edge_38_0_+9416f59f-2093-42ca-a465-0680b502865a_15130_17717 2587 * 0 0 0
Edge	76	59	61	0	0	0	89	-1
	Sequence	+edge_39_0_-6491a2a2-93d9-4ad3-9253-8adb8965e515_4797_7366 2569 * 0 0 0
Edge	77	79	63	0	0	0	89	-1
	Sequence	-edge_39_0_-6491a2a2-93d9-4ad3-9253-8adb8965e515_4797_7366 2569 * 0 0 0
Edge	78	42	28	0	0	0	74	-1
	Sequence	+edge_40_0_+2a96b7d1-7f8a-42a7-ba22-9ffd6248e7e4_25097_27674 2577 * 0 0 0
Edge	79	26	25	0	0	0	74	-1
	Sequence	-edge_40_0_+2a96b7d1-7f8a-42a7-ba22-9ffd6248e7e4_25097_27674 2577 * 0 0 0
Edge	80	48	34	0	0	0	29	-1
	Sequence	+edge_41_0_-3cedbf3e-62f7-484f-97a2-b025ab5eaca6_5996_8572 2576 * 0 0 0
Edge	81	31	24	0	0	0	29	-1
	Sequence	-edge_41_0_-3cedbf3e-62f7-484f-97a2-b025ab5eaca6_5996_8572 2576 * 0 0 0
Edge	82	55	23	0	0	0	68	-1
	Sequence	+edge_42_0_+2a96b7d1-7f8a-42a7-ba22-9ffd6248e7e4_6774_8925 2151 * 0 0 0
Edge	83	22	21	0	0	0	68	-1
	Sequence	-edge_42_0_+2a96b7d1-7f8a-42a7-ba22-9ffd6248e7e4_6774_8925 2151 * 0 0 0
Edge	84	18	52	0	0	0	66	-1
	Sequence	+edge_43_0_+2a96b7d1-7f8a-42a7-ba22-9ffd6248e7e4_12799_14952 2153 * 0 0 0
Edge	85	17	49	0	0	0	66	-1
	Sequence	-edge_43_0_+2a96b7d1-7f8a-42a7-ba22-9ffd6248e7e4_12799_14952 2153 * 0 0 0
Edge	86	20	16	0	0	0	82	-1
	Sequence	+edge_44_0_-fada6f5b-45e4-4e45-920d-99033aa04599_5553_10883 5330 * 0 0 0
Edge	87	66	15	0	0	0	82	-1
	Sequence	-edge_44_0_-fada6f5b-45e4-4e45-920d-99033aa04599_5553_10883 5330 * 0 0 0
Edge	88	14	13	0	0	0	88	-1
	Sequence	+edge_45_0_-4819fc5a-239b-43b2-ade3-14f507cd8f79_11262_16610 5348 * 0 0 0
Edge	89	11	10	0	0	0	88	-1
	Sequence	-edge_45_0_-4819fc5a-239b-43b2-ade3-14f507cd8f79_11262_16610 5348 * 0 0 0
Edge	90	46	9	0	0	0	89	-1
	Sequence	+edge_46_0_-bedfd138-6535-4f8a-844d-0eabda2613d4_8502_13833 5331 * 0 0 0
Edge	91	8	7	0	0	0	89	-1
	Sequence	-edge_46_0_-bedfd138-6535-4f8a-844d-0eabda2613d4_8502_13833 5331 * 0 0 0
Edge	92	32	6	0	0	0	86	-1
	Sequence	+edge_47_0_-69df7ccd-86ad-42a7-b5bf-d8c02e27d80c_4298_9639 5341 * 0 0 0
Edge	93	36	19	0	0	0	86	-1
	Sequence	-edge_47_0_-69df7ccd-86ad-42a7-b5bf-d8c02e27d80c_4298_9639 5341 * 0 0 0
Edge	94	5	4	0	0	0	70	-1
	Sequence	+edge_48_0_+520de14d-2f97-4452-9968-78c6cea75acd_5718_11057 5339 * 0 0 0
Edge	95	3	45	0	0	0	70	-1
	Sequence	-edge_48_0_+520de14d-2f97-4452-9968-78c6cea75acd_5718_11057 5339 * 0 0 0
Edge	96	2	1	0	0	0	74	-1
	Sequence	+edge_49_0_-3f36f8fb-fe2f-439d-b12c-e16252a2fdd8_12616_17858 5242 * 0 0 0
Edge	97	27	12	0	0	0	74	-1
	Sequence	-edge_49_0_-3f36f8fb-fe2f-439d-b12c-e16252a2fdd8_12616_17858 5242 * 0 0 0
Edge	98	39	0	0	0	0	83	-1
	Sequence	+edge_50_0_-3e5e4e4e-047d-4f2d-b439-509e3ded2be4_23666_28915 5249 * 0 0 0
Edge	99	43	56	0	0	0	83	-1
	Sequence	-edge_50_0_-3e5e4e4e-047d-4f2d-b439-509e3ded2be4_23666_28915 5249 * 0 0 0
