Edge	10	204	40	1	0	0	4	11
	Sequence	+edge_6_0_-disjointig_115_13212_15549 2337 -19 24274 13212 15549
	Sequence	+edge_6_1_+disjointig_27_15444_17785 2341 140 28517 15444 17785
Edge	11	23	273	1	0	0	4	10
	Sequence	-edge_6_0_-disjointig_115_13212_15549 2337 19 24274 8724 11061
	Sequence	-edge_6_1_+disjointig_27_15444_17785 2341 -140 28517 10731 13072
Edge	12	204	40	1	0	0	4	11
	Sequence	+edge_7_0_+disjointig_27_24377_25065 688 140 28517 24377 25065
Edge	13	23	273	1	0	0	4	10
	Sequence	-edge_7_0_+disjointig_27_24377_25065 688 -140 28517 3451 4139
Edge	16	24	13	0	0	0	30	-1
	Sequence	+edge_9_0_+disjointig_101_4382_5646 1264 4 16919 4382 5646
	Sequence	+edge_9_1_+disjointig_115_7461_8724 1263 19 24274 7461 8724
	Sequence	+edge_9_2_+disjointig_115_14645_15938 1293 19 24274 14645 15938
	Sequence	+edge_9_3_-disjointig_27_16662_17955 1293 -140 28517 16662 17955
	Sequence	+edge_9_4_-disjointig_27_9565_10731 1166 -140 28517 9565 10731
	Sequence	+edge_9_5_-disjointig_27_7778_8691 913 -140 28517 7778 8691
	Sequence	+edge_9_6_-disjointig_27_2190_3451 1261 -140 28517 2190 3451
Edge	17	135	213	0	0	0	30	-1
	Sequence	-edge_9_0_+disjointig_101_4382_5646 1264 -4 16919 11272 12536
	Sequence	-edge_9_1_+disjointig_115_7461_8724 1263 -19 24274 15549 16812
	Sequence	-edge_9_2_+disjointig_115_14645_15938 1293 -19 24274 8335 9628
	Sequence	-edge_9_3_-disjointig_27_16662_17955 1293 140 28517 10561 11854
	Sequence	-edge_9_4_-disjointig_27_9565_10731 1166 140 28517 17785 18951
	Sequence	-edge_9_5_-disjointig_27_7778_8691 913 140 28517 19825 20738
	Sequence	-edge_9_6_-disjointig_27_2190_3451 1261 140 28517 25065 26326
Edge	22	19	126	0	0	0	3	-1
	Sequence	+edge_12_0_+disjointig_115_15938_24273 8335 19 24274 15938 24273
Edge	23	134	83	0	0	0	3	-1
	Sequence	-edge_12_0_+disjointig_115_15938_24273 8335 -19 24274 0 8335
Edge	26	198	148	0	0	0	3	-1
	Sequence	+edge_14_0_+disjointig_102_0_2859 2859 5 2860 0 2859
Edge	27	201	113	0	0	0	3	-1
	Sequence	-edge_14_0_+disjointig_102_0_2859 2859 -5 2860 0 2859
Edge	28	205	215	0	0	0	3	-1
	Sequence	+edge_15_0_+disjointig_103_0_8058 8058 6 8059 0 8058
Edge	29	171	180	0	0	0	3	-1
	Sequence	-edge_15_0_+disjointig_103_0_8058 8058 -6 8059 0 8058
Edge	38	223	226	1	0	0	2	-1
	Sequence	+edge_20_0_+disjointig_107_1073_2095 1022 10 17521 1073 2095
Edge	39	128	184	1	0	0	2	-1
	Sequence	-edge_20_0_+disjointig_107_1073_2095 1022 -10 17521 15425 16447
Edge	40	223	226	1	0	0	1	-1
	Sequence	+edge_21_0_+disjointig_92_14753_15778 1025 211 20129 14753 15778
Edge	41	128	184	1	0	0	1	-1
	Sequence	-edge_21_0_+disjointig_92_14753_15778 1025 -211 20129 4350 5375
Edge	82	191	235	1	0	0	1	12
	Sequence	+edge_42_0_+disjointig_118_19552_24818 5266 22 27052 19552 24818
Edge	83	155	161	1	0	0	1	13
	Sequence	-edge_42_0_+disjointig_118_19552_24818 5266 -22 27052 2233 7499
Edge	84	191	235	1	0	0	1	12
	Sequence	+edge_43_0_+disjointig_62_9081_14430 5349 179 17707 9081 14430
Edge	85	155	161	1	0	0	1	13
	Sequence	-edge_43_0_+disjointig_62_9081_14430 5349 -179 17707 3276 8625
Edge	94	137	151	0	0	0	3	-1
	Sequence	+edge_48_0_+disjointig_120_0_12549 12549 25 14240 0 12549
Edge	95	18	178	0	0	0	3	-1
	Sequence	-edge_48_0_+disjointig_120_0_12549 12549 -25 14240 1690 14239
Edge	96	237	105	0	0	0	16	-1
	Sequence	+edge_49_0_+disjointig_120_12549_14002 1453 25 14240 12549 14002
	Sequence	+edge_49_1_+disjointig_20_19479_20934 1455 109 46522 19479 20934
	Sequence	+edge_49_2_+disjointig_31_3962_5413 1451 145 20309 3962 5413
	Sequence	+edge_49_3_-disjointig_37_4800_6256 1456 -151 13899 4800 6256
Edge	97	163	199	0	0	0	16	-1
	Sequence	-edge_49_0_+disjointig_120_12549_14002 1453 -25 14240 237 1690
	Sequence	-edge_49_1_+disjointig_20_19479_20934 1455 -109 46522 25587 27042
	Sequence	-edge_49_2_+disjointig_31_3962_5413 1451 -145 20309 14895 16346
	Sequence	-edge_49_3_-disjointig_37_4800_6256 1456 151 13899 7642 9098
Edge	100	107	110	0	0	0	3	-1
	Sequence	+edge_51_0_-disjointig_31_16346_20308 3962 -145 20309 16346 20308
Edge	101	75	55	0	0	0	3	-1
	Sequence	-edge_51_0_-disjointig_31_16346_20308 3962 145 20309 0 3962
Edge	102	181	158	0	0	0	3	-1
	Sequence	+edge_52_0_+disjointig_37_9098_13898 4800 151 13899 9098 13898
Edge	103	69	117	0	0	0	3	-1
	Sequence	-edge_52_0_+disjointig_37_9098_13898 4800 -151 13899 0 4800
Edge	106	105	241	0	0	0	3	-1
	Sequence	+edge_54_0_+disjointig_31_5413_20308 14895 145 20309 5413 20308
Edge	107	74	163	0	0	0	3	-1
	Sequence	-edge_54_0_+disjointig_31_5413_20308 14895 -145 20309 0 14895
Edge	114	147	146	0	0	0	3	-1
	Sequence	+edge_58_0_+disjointig_123_0_14094 14094 28 14095 0 14094
Edge	115	203	182	0	0	0	3	-1
	Sequence	-edge_58_0_+disjointig_123_0_14094 14094 -28 14095 0 14094
Edge	124	282	139	0	0	0	3	-1
	Sequence	+edge_63_0_+disjointig_129_0_10708 10708 33 10709 0 10708
Edge	125	207	169	0	0	0	3	-1
	Sequence	-edge_63_0_+disjointig_129_0_10708 10708 -33 10709 0 10708
Edge	126	140	183	0	0	0	3	-1
	Sequence	+edge_64_0_+disjointig_13_0_24381 24381 34 24382 0 24381
Edge	127	138	189	0	0	0	3	-1
	Sequence	-edge_64_0_+disjointig_13_0_24381 24381 -34 24382 0 24381
Edge	136	123	221	0	0	0	3	-1
	Sequence	+edge_69_0_+disjointig_134_0_5634 5634 39 12510 0 5634
Edge	137	188	130	0	0	0	3	-1
	Sequence	-edge_69_0_+disjointig_134_0_5634 5634 -39 12510 6875 12509
Edge	144	160	119	1	0	0	3	14
	Sequence	+edge_73_0_+disjointig_134_9136_11200 2064 39 12510 9136 11200
Edge	145	231	289	1	0	0	3	15
	Sequence	-edge_73_0_+disjointig_134_9136_11200 2064 -39 12510 1309 3373
Edge	146	160	119	1	0	0	1	14
	Sequence	+edge_74_0_+disjointig_29_20133_21894 1761 142 25754 20133 21894
Edge	147	231	289	1	0	0	1	15
	Sequence	-edge_74_0_+disjointig_29_20133_21894 1761 -142 25754 3859 5620
Edge	156	216	156	1	0	0	5	16
	Sequence	+edge_79_0_+disjointig_136_3907_5127 1220 41 10622 3907 5127
Edge	157	118	114	1	0	0	5	17
	Sequence	-edge_79_0_+disjointig_136_3907_5127 1220 -41 10622 5494 6714
Edge	158	216	156	1	0	0	1	16
	Sequence	+edge_80_0_+disjointig_149_8169_9436 1267 54 12619 8169 9436
Edge	159	118	114	1	0	0	1	17
	Sequence	-edge_80_0_+disjointig_149_8169_9436 1267 -54 12619 3182 4449
Edge	176	172	122	0	0	0	3	-1
	Sequence	+edge_89_0_+disjointig_141_0_2324 2324 47 2325 0 2324
Edge	177	236	263	0	0	0	3	-1
	Sequence	-edge_89_0_+disjointig_141_0_2324 2324 -47 2325 0 2324
Edge	184	103	154	0	0	0	3	-1
	Sequence	+edge_93_0_+disjointig_146_0_5112 5112 51 5113 0 5112
Edge	185	150	124	0	0	0	3	-1
	Sequence	-edge_93_0_+disjointig_146_0_5112 5112 -51 5113 0 5112
Edge	192	152	159	0	0	0	4	-1
	Sequence	+edge_97_0_+disjointig_148_0_17767 17767 53 17768 0 17767
Edge	193	136	106	0	0	0	4	-1
	Sequence	-edge_97_0_+disjointig_148_0_17767 17767 -53 17768 0 17767
Edge	216	248	249	0	0	0	3	-1
	Sequence	+edge_109_0_+disjointig_157_0_3517 3517 63 3518 0 3517
Edge	217	108	250	0	0	0	3	-1
	Sequence	-edge_109_0_+disjointig_157_0_3517 3517 -63 3518 0 3517
Edge	222	255	257	0	0	0	3	-1
	Sequence	+edge_112_0_+disjointig_16_0_19673 19673 66 19674 0 19673
Edge	223	244	259	0	0	0	3	-1
	Sequence	-edge_112_0_+disjointig_16_0_19673 19673 -66 19674 0 19673
Edge	228	239	164	0	0	0	3	-1
	Sequence	+edge_115_0_+disjointig_162_0_11767 11767 69 11768 0 11767
Edge	229	260	261	0	0	0	3	-1
	Sequence	-edge_115_0_+disjointig_162_0_11767 11767 -69 11768 0 11767
Edge	240	264	265	0	0	0	3	-1
	Sequence	+edge_121_0_+disjointig_169_0_5721 5721 75 5722 0 5721
Edge	241	193	266	0	0	0	3	-1
	Sequence	-edge_121_0_+disjointig_169_0_5721 5721 -75 5722 0 5721
Edge	242	267	99	0	0	0	4	-1
	Sequence	+edge_122_0_+disjointig_17_0_27131 27131 76 27132 0 27131
Edge	243	214	269	0	0	0	4	-1
	Sequence	-edge_122_0_+disjointig_17_0_27131 27131 -76 27132 0 27131
Edge	246	270	272	1	0	0	1	-1
	Sequence	+edge_124_0_+disjointig_171_1201_10648 9447 78 13776 1201 10648
Edge	247	127	174	1	0	0	1	-1
	Sequence	-edge_124_0_+disjointig_171_1201_10648 9447 -78 13776 3127 12574
Edge	254	127	42	1	0	0	1	-1
	Sequence	+edge_128_0_-disjointig_74_1333_2477 1144 -191 6034 1333 2477
Edge	255	43	272	1	0	0	1	-1
	Sequence	-edge_128_0_-disjointig_74_1333_2477 1144 191 6034 3556 4700
Edge	258	247	284	0	0	0	3	-1
	Sequence	+edge_130_0_+disjointig_173_0_6697 6697 79 6698 0 6697
Edge	259	238	141	0	0	0	3	-1
	Sequence	-edge_130_0_+disjointig_173_0_6697 6697 -79 6698 0 6697
Edge	280	16	252	0	0	0	3	-1
	Sequence	+edge_141_0_+disjointig_3_17589_21281 3692 143 21282 17589 21281
Edge	281	192	15	0	0	0	3	-1
	Sequence	-edge_141_0_+disjointig_3_17589_21281 3692 -143 21282 0 3692
Edge	326	251	278	0	0	0	3	-1
	Sequence	+edge_164_0_+disjointig_192_0_6857 6857 100 6858 0 6857
Edge	327	291	145	0	0	0	3	-1
	Sequence	-edge_164_0_+disjointig_192_0_6857 6857 -100 6858 0 6857
Edge	330	177	232	0	0	0	3	-1
	Sequence	+edge_166_0_+disjointig_194_0_2850 2850 102 2851 0 2850
Edge	331	206	234	0	0	0	3	-1
	Sequence	-edge_166_0_+disjointig_194_0_2850 2850 -102 2851 0 2850
Edge	350	218	219	0	0	0	3	-1
	Sequence	+edge_176_0_+disjointig_2_0_2718 2718 108 2719 0 2718
Edge	351	186	224	0	0	0	3	-1
	Sequence	-edge_176_0_+disjointig_2_0_2718 2718 -108 2719 0 2718
Edge	358	256	42	1	0	0	2	-1
	Sequence	+edge_180_0_+disjointig_98_5264_16229 10965 217 20180 5264 16229
Edge	359	43	254	1	0	0	2	-1
	Sequence	-edge_180_0_+disjointig_98_5264_16229 10965 -217 20180 3950 14915
Edge	372	120	281	0	0	0	4	-1
	Sequence	+edge_187_0_+disjointig_207_0_4510 4510 117 4511 0 4510
Edge	373	196	299	0	0	0	4	-1
	Sequence	-edge_187_0_+disjointig_207_0_4510 4510 -117 4511 0 4510
Edge	376	279	280	0	0	0	3	-1
	Sequence	+edge_189_0_+disjointig_21_0_14470 14470 119 14471 0 14470
Edge	377	162	98	0	0	0	3	-1
	Sequence	-edge_189_0_+disjointig_21_0_14470 14470 -119 14471 0 14470
Edge	382	112	166	0	0	0	3	-1
	Sequence	+edge_192_0_+disjointig_212_0_2754 2754 122 2755 0 2754
Edge	383	283	96	0	0	0	3	-1
	Sequence	-edge_192_0_+disjointig_212_0_2754 2754 -122 2755 0 2754
Edge	436	73	72	0	0	0	3	-1
	Sequence	+edge_219_0_+disjointig_34_0_8639 8639 148 8640 0 8639
Edge	437	71	70	0	0	0	3	-1
	Sequence	-edge_219_0_+disjointig_34_0_8639 8639 -148 8640 0 8639
Edge	458	66	65	0	0	0	3	-1
	Sequence	+edge_230_0_+disjointig_46_0_27645 27645 161 27646 0 27645
Edge	459	64	144	0	0	0	3	-1
	Sequence	-edge_230_0_+disjointig_46_0_27645 27645 -161 27646 0 27645
Edge	468	292	293	0	0	0	3	-1
	Sequence	+edge_235_0_+disjointig_50_0_2719 2719 166 2720 0 2719
Edge	469	290	63	0	0	0	3	-1
	Sequence	-edge_235_0_+disjointig_50_0_2719 2719 -166 2720 0 2719
Edge	470	202	62	0	0	0	3	-1
	Sequence	+edge_236_0_+disjointig_51_0_49461 49461 167 49462 0 49461
Edge	471	85	61	0	0	0	3	-1
	Sequence	-edge_236_0_+disjointig_51_0_49461 49461 -167 49462 0 49461
Edge	490	58	102	0	0	0	3	-1
	Sequence	+edge_246_0_+disjointig_59_0_11538 11538 175 11539 0 11538
Edge	491	57	143	0	0	0	3	-1
	Sequence	-edge_246_0_+disjointig_59_0_11538 11538 -175 11539 0 11538
Edge	492	268	197	0	0	0	3	-1
	Sequence	+edge_247_0_+disjointig_6_0_23019 23019 176 23020 0 23019
Edge	493	56	54	0	0	0	3	-1
	Sequence	-edge_247_0_+disjointig_6_0_23019 23019 -176 23020 0 23019
Edge	494	53	175	0	0	0	3	-1
	Sequence	+edge_248_0_+disjointig_60_0_12385 12385 177 12386 0 12385
Edge	495	68	67	0	0	0	3	-1
	Sequence	-edge_248_0_+disjointig_60_0_12385 12385 -177 12386 0 12385
Edge	502	243	258	0	0	0	3	-1
	Sequence	+edge_252_0_+disjointig_68_0_25931 25931 185 25932 0 25931
Edge	503	271	125	0	0	0	3	-1
	Sequence	-edge_252_0_+disjointig_68_0_25931 25931 -185 25932 0 25931
Edge	504	49	149	0	0	0	3	-1
	Sequence	+edge_253_0_+disjointig_69_0_13671 13671 186 13672 0 13671
Edge	505	48	47	0	0	0	3	-1
	Sequence	-edge_253_0_+disjointig_69_0_13671 13671 -186 13672 0 13671
Edge	512	46	45	0	0	0	3	-1
	Sequence	+edge_257_0_+disjointig_73_0_22764 22764 190 22765 0 22764
Edge	513	285	50	0	0	0	3	-1
	Sequence	-edge_257_0_+disjointig_73_0_22764 22764 -190 22765 0 22764
Edge	514	44	77	0	0	0	5	-1
	Sequence	+edge_258_0_+disjointig_74_503_1902 1399 191 6034 503 1902
	Sequence	+edge_258_1_+disjointig_98_23_1421 1398 217 20180 23 1421
Edge	515	168	210	0	0	0	5	-1
	Sequence	-edge_258_0_+disjointig_74_503_1902 1399 -191 6034 4131 5530
	Sequence	-edge_258_1_+disjointig_98_23_1421 1398 -217 20180 18758 20156
Edge	516	77	43	0	0	0	5	-1
	Sequence	+edge_259_0_+disjointig_74_1902_3556 1654 191 6034 1902 3556
	Sequence	+edge_259_1_+disjointig_98_1421_3066 1645 217 20180 1421 3066
	Sequence	+edge_259_2_-disjointig_98_2301_3950 1649 -217 20180 2301 3950
Edge	517	42	168	0	0	0	5	-1
	Sequence	-edge_259_0_+disjointig_74_1902_3556 1654 -191 6034 2477 4131
	Sequence	-edge_259_1_+disjointig_98_1421_3066 1645 -217 20180 17113 18758
	Sequence	-edge_259_2_-disjointig_98_2301_3950 1649 217 20180 16229 17878
Edge	522	39	298	0	0	0	3	-1
	Sequence	+edge_262_0_+disjointig_77_0_16459 16459 194 16460 0 16459
Edge	523	240	38	0	0	0	3	-1
	Sequence	-edge_262_0_+disjointig_77_0_16459 16459 -194 16460 0 16459
Edge	526	37	36	0	0	0	3	-1
	Sequence	+edge_264_0_+disjointig_79_0_13527 13527 196 13528 0 13527
Edge	527	35	34	0	0	0	3	-1
	Sequence	-edge_264_0_+disjointig_79_0_13527 13527 -196 13528 0 13527
Edge	530	170	33	0	0	0	3	-1
	Sequence	+edge_266_0_+disjointig_80_0_16580 16580 198 16581 0 16580
Edge	531	91	89	0	0	0	3	-1
	Sequence	-edge_266_0_+disjointig_80_0_16580 16580 -198 16581 0 16580
Edge	532	153	100	0	0	0	4	-1
	Sequence	+edge_267_0_+disjointig_81_0_35154 35154 199 35155 0 35154
Edge	533	32	31	0	0	0	4	-1
	Sequence	-edge_267_0_+disjointig_81_0_35154 35154 -199 35155 0 35154
Edge	548	95	229	0	0	0	3	-1
	Sequence	+edge_275_0_+disjointig_9_0_50887 50887 208 50888 0 50887
Edge	549	220	187	0	0	0	3	-1
	Sequence	-edge_275_0_+disjointig_9_0_50887 50887 -208 50888 0 50887
Edge	550	222	190	0	0	0	3	-1
	Sequence	+edge_276_0_+disjointig_90_0_9159 9159 209 9160 0 9159
Edge	551	30	81	0	0	0	3	-1
	Sequence	-edge_276_0_+disjointig_90_0_9159 9159 -209 9160 0 9159
Edge	558	217	253	0	0	0	3	-1
	Sequence	+edge_280_0_+disjointig_95_0_2256 2256 214 2257 0 2256
Edge	559	28	185	0	0	0	3	-1
	Sequence	-edge_280_0_+disjointig_95_0_2256 2256 -214 2257 0 2256
Edge	566	97	24	0	0	0	23	-1
	Sequence	+edge_284_0_+disjointig_101_794_4382 3588 4 16919 794 4382
	Sequence	+edge_284_1_+disjointig_115_3875_7461 3586 19 24274 3875 7461
	Sequence	+edge_284_2_+disjointig_115_11061_14645 3584 19 24274 11061 14645
	Sequence	+edge_284_3_-disjointig_27_13072_16662 3590 -140 28517 13072 16662
	Sequence	+edge_284_4_-disjointig_27_4139_7778 3639 -140 28517 4139 7778
Edge	567	213	12	0	0	0	23	-1
	Sequence	-edge_284_0_+disjointig_101_794_4382 3588 -4 16919 12536 16124
	Sequence	-edge_284_1_+disjointig_115_3875_7461 3586 -19 24274 16812 20398
	Sequence	-edge_284_2_+disjointig_115_11061_14645 3584 -19 24274 9628 13212
	Sequence	-edge_284_3_-disjointig_27_13072_16662 3590 140 28517 11854 15444
	Sequence	-edge_284_4_-disjointig_27_4139_7778 3639 140 28517 20738 24377
Edge	568	167	223	0	0	0	3	-1
	Sequence	+edge_285_0_+disjointig_92_0_14753 14753 211 20129 0 14753
Edge	569	184	111	0	0	0	3	-1
	Sequence	-edge_285_0_+disjointig_92_0_14753 14753 -211 20129 5375 20128
Edge	572	200	11	0	0	0	3	-1
	Sequence	+edge_287_0_+disjointig_118_0_19552 19552 22 27052 0 19552
Edge	573	8	228	0	0	0	3	-1
	Sequence	-edge_287_0_+disjointig_118_0_19552 19552 -22 27052 7499 27051
Edge	574	10	51	0	0	0	4	-1
	Sequence	+edge_288_0_+disjointig_62_14430_17706 3276 179 17707 14430 17706
Edge	575	274	9	0	0	0	4	-1
	Sequence	-edge_288_0_+disjointig_62_14430_17706 3276 -179 17707 0 3276
Edge	576	221	7	0	0	0	3	-1
	Sequence	+edge_289_0_+disjointig_134_5634_9136 3502 39 12510 5634 9136
	Sequence	+edge_289_1_+disjointig_29_16690_20133 3443 142 25754 16690 20133
Edge	577	4	188	0	0	0	3	-1
	Sequence	-edge_289_0_+disjointig_134_5634_9136 3502 -39 12510 3373 6875
	Sequence	-edge_289_1_+disjointig_29_16690_20133 3443 -142 25754 5620 9063
Edge	578	6	88	0	0	0	3	-1
	Sequence	+edge_290_0_+disjointig_29_21894_25753 3859 142 25754 21894 25753
Edge	579	76	5	0	0	0	3	-1
	Sequence	-edge_290_0_+disjointig_29_21894_25753 3859 -142 25754 0 3859
Edge	590	295	270	1	0	0	2	-1
	Sequence	+edge_296_0_+disjointig_41_0_16839 16839 156 17925 0 16839
Edge	591	174	262	1	0	0	2	-1
	Sequence	-edge_296_0_+disjointig_41_0_16839 16839 -156 17925 1085 17924
Edge	594	52	276	0	0	0	3	-1
	Sequence	+edge_298_0_+disjointig_61_0_7824 7824 178 11082 0 7824
Edge	595	277	104	0	0	0	3	-1
	Sequence	-edge_298_0_+disjointig_61_0_7824 7824 -178 11082 3257 11081
Edge	596	195	173	0	0	0	3	-1
	Sequence	+edge_299_0_-disjointig_3_3692_21281 17589 -143 21282 3692 21281
Edge	597	86	242	0	0	0	3	-1
	Sequence	-edge_299_0_-disjointig_3_3692_21281 17589 143 21282 0 17589
Edge	610	254	42	1	0	0	5	-1
	Sequence	+edge_306_0_-disjointig_98_14915_17113 2198 -217 20180 14915 17113
Edge	611	43	256	1	0	0	5	-1
	Sequence	-edge_306_0_-disjointig_98_14915_17113 2198 217 20180 3066 5264
Edge	616	131	131	0	0	0	12	-1
	Sequence	+edge_309_0_+disjointig_24_7647_16416 8769 137 16418 7647 16416
Edge	617	87	87	0	0	0	12	-1
	Sequence	-edge_309_0_+disjointig_24_7647_16416 8769 -137 16418 1 8770
Edge	618	80	80	0	0	0	7	-1
	Sequence	+edge_310_0_+disjointig_26_14870_67398 52528 139 67404 14870 67398
Edge	619	79	79	0	0	0	7	-1
	Sequence	-edge_310_0_+disjointig_26_14870_67398 52528 -139 67404 5 52533
Edge	622	13	97	0	0	0	26	-1
	Sequence	+edge_312_haplotype 2337 * 0 0 0
Edge	623	12	135	0	0	0	26	-1
	Sequence	-edge_312_haplotype 2337 * 0 0 0
Edge	624	11	10	0	0	0	3	-1
	Sequence	+edge_313_haplotype 5266 * 0 0 0
Edge	625	9	8	0	0	0	3	-1
	Sequence	-edge_313_haplotype 5266 * 0 0 0
Edge	626	7	6	0	0	0	3	-1
	Sequence	+edge_314_haplotype 1761 * 0 0 0
Edge	627	5	4	0	0	0	3	-1
	Sequence	-edge_314_haplotype 1761 * 0 0 0
