Edge	8	63	35	0	0	0	77	-1
	Sequence	+edge_5_0_+disjointig_2_4994087_5004351 10264 2 5029137 4994087 5004351
Edge	9	58	34	0	0	0	77	-1
	Sequence	-edge_5_0_+disjointig_2_4994087_5004351 10264 -2 5029137 24785 35049
Edge	18	59	40	0	0	0	70	-1
	Sequence	+edge_10_0_-disjointig_2_3746587_4517554 770967 -2 5029137 3746587 4517554
Edge	19	26	60	0	0	0	70	-1
	Sequence	-edge_10_0_-disjointig_2_3746587_4517554 770967 2 5029137 511582 1282549
Edge	20	64	67	0	0	0	57	-1
	Sequence	+edge_11_0_+disjointig_2_498223_498996 773 2 5029137 498223 498996
Edge	21	53	65	0	0	0	57	-1
	Sequence	-edge_11_0_+disjointig_2_498223_498996 773 -2 5029137 4530140 4530913
Edge	22	32	23	0	0	0	65	-1
	Sequence	+edge_12_0_+disjointig_2_1287312_1288146 834 2 5029137 1287312 1288146
Edge	23	25	61	0	0	0	65	-1
	Sequence	-edge_12_0_+disjointig_2_1287312_1288146 834 -2 5029137 3740990 3741824
Edge	26	45	70	0	0	0	69	-1
	Sequence	+edge_14_0_-disjointig_2_4523516_4524196 680 -2 5029137 4523516 4524196
Edge	27	69	71	0	0	0	69	-1
	Sequence	-edge_14_0_-disjointig_2_4523516_4524196 680 2 5029137 504940 505620
Edge	30	21	68	0	0	0	59	-1
	Sequence	+edge_16_0_-disjointig_2_3732154_3737771 5617 -2 5029137 3732154 3737771
Edge	31	28	22	0	0	0	59	-1
	Sequence	-edge_16_0_-disjointig_2_3732154_3737771 5617 2 5029137 1291365 1296982
Edge	32	49	6	0	0	0	74	-1
	Sequence	+edge_17_0_+disjointig_2_1300201_2600565 1300364 2 5029137 1300201 2600565
Edge	33	8	30	0	0	0	74	-1
	Sequence	-edge_17_0_+disjointig_2_1300201_2600565 1300364 -2 5029137 2428571 3728935
Edge	36	47	51	0	0	0	91	-1
	Sequence	+edge_19_0_+disjointig_2_3867380_3954173 86793 2 5029137 3867380 3954173
Edge	37	0	15	0	0	0	91	-1
	Sequence	-edge_19_0_+disjointig_2_3867380_3954173 86793 -2 5029137 1074963 1161756
Edge	38	16	56	0	0	0	84	-1
	Sequence	+edge_20_0_+disjointig_2_3959422_4094436 135014 2 5029137 3959422 4094436
Edge	39	31	1	0	0	0	84	-1
	Sequence	-edge_20_0_+disjointig_2_3959422_4094436 135014 -2 5029137 934700 1069714
Edge	40	4	3	0	0	0	74	-1
	Sequence	+edge_21_0_+disjointig_2_4099776_4135065 35289 2 5029137 4099776 4135065
Edge	41	2	7	0	0	0	74	-1
	Sequence	-edge_21_0_+disjointig_2_4099776_4135065 35289 -2 5029137 894071 929360
Edge	42	57	11	0	0	0	80	-1
	Sequence	+edge_22_0_+disjointig_2_4140390_4873256 732866 2 5029137 4140390 4873256
Edge	43	36	24	0	0	0	80	-1
	Sequence	-edge_22_0_+disjointig_2_4140390_4873256 732866 -2 5029137 155880 888746
Edge	44	52	9	0	0	0	80	-1
	Sequence	+edge_23_0_-disjointig_2_1679818_2423155 743337 -2 5029137 1679818 2423155
Edge	45	5	13	0	0	0	80	-1
	Sequence	-edge_23_0_-disjointig_2_1679818_2423155 743337 2 5029137 2605981 3349318
Edge	48	42	17	0	0	0	84	-1
	Sequence	+edge_25_0_+disjointig_2_3354726_3862040 507314 2 5029137 3354726 3862040
Edge	49	14	12	0	0	0	84	-1
	Sequence	-edge_25_0_+disjointig_2_3354726_3862040 507314 -2 5029137 1167096 1674410
Edge	66	33	33	0	0	0	36	-1
	Sequence	+edge_34_0_+disjointig_1_54014_113240 59226 1 113245 54014 113240
Edge	67	48	48	0	0	0	36	-1
	Sequence	-edge_34_0_+disjointig_1_54014_113240 59226 -1 113245 4 59230
Edge	68	66	63	0	0	0	81	-1
	Sequence	+edge_35_0_+disjointig_2_4878505_4994087 115582 2 5029137 4878505 4994087
Edge	69	34	10	0	0	0	81	-1
	Sequence	-edge_35_0_+disjointig_2_4878505_4994087 115582 -2 5029137 35049 150631
Edge	70	35	62	0	0	0	76	-1
	Sequence	+edge_36_0_+disjointig_2_55781_493460 437679 2 5029137 55781 493460
Edge	71	46	58	0	0	0	76	-1
	Sequence	-edge_36_0_+disjointig_2_55781_493460 437679 -2 5029137 4535676 4973355
Edge	74	37	37	0	0	0	9	-1
	Sequence	+edge_38_0_+disjointig_3_21146_114661 93515 3 122844 21146 114661
Edge	75	44	44	0	0	0	9	-1
	Sequence	-edge_38_0_+disjointig_3_21146_114661 93515 -3 122844 8182 101697
Edge	76	54	54	0	0	0	19	-1
	Sequence	+edge_39_0_+disjointig_4_3915_157050 153135 4 181147 3915 157050
Edge	77	55	55	0	0	0	19	-1
	Sequence	-edge_39_0_+disjointig_4_3915_157050 153135 -4 181147 24096 177231
Edge	78	38	38	0	0	0	59	-1
	Sequence	+edge_40_0_+disjointig_5_31109_117427 86318 5 117431 31109 117427
Edge	79	29	29	0	0	0	59	-1
	Sequence	-edge_40_0_+disjointig_5_31109_117427 86318 -5 117431 3 86321
Edge	80	60	32	0	0	0	67	-1
	Sequence	+edge_41_0_+e1a2e863-62d3-4131-a5e8-a623e8b0497a_2731_7515 4784 * 0 0 0
Edge	81	61	59	0	0	0	67	-1
	Sequence	-edge_41_0_+e1a2e863-62d3-4131-a5e8-a623e8b0497a_2731_7515 4784 * 0 0 0
Edge	82	62	64	0	0	0	66	-1
	Sequence	+edge_42_0_+3829ade2-9dfc-48a7-9913-e6b0a82c0596_2850_7623 4773 * 0 0 0
Edge	83	65	46	0	0	0	66	-1
	Sequence	-edge_42_0_+3829ade2-9dfc-48a7-9913-e6b0a82c0596_2850_7623 4773 * 0 0 0
Edge	84	67	69	0	0	0	63	-1
	Sequence	+edge_43_0_+3829ade2-9dfc-48a7-9913-e6b0a82c0596_8384_14347 5963 * 0 0 0
Edge	85	70	53	0	0	0	63	-1
	Sequence	-edge_43_0_+3829ade2-9dfc-48a7-9913-e6b0a82c0596_8384_14347 5963 * 0 0 0
Edge	86	71	26	0	0	0	69	-1
	Sequence	+edge_44_0_-0c23d299-e3dd-4d08-b27e-9ef9adb2511a_3658_9627 5969 * 0 0 0
Edge	87	40	45	0	0	0	69	-1
	Sequence	-edge_44_0_-0c23d299-e3dd-4d08-b27e-9ef9adb2511a_3658_9627 5969 * 0 0 0
Edge	88	23	28	0	0	0	62	-1
	Sequence	+edge_45_0_+e1a2e863-62d3-4131-a5e8-a623e8b0497a_8318_11547 3229 * 0 0 0
Edge	89	68	25	0	0	0	62	-1
	Sequence	-edge_45_0_+e1a2e863-62d3-4131-a5e8-a623e8b0497a_8318_11547 3229 * 0 0 0
Edge	90	22	49	0	0	0	66	-1
	Sequence	+edge_46_0_-55a3a4a9-b1e4-4a6e-ab99-82f9d44835c6_3581_6811 3230 * 0 0 0
Edge	91	30	21	0	0	0	66	-1
	Sequence	-edge_46_0_-55a3a4a9-b1e4-4a6e-ab99-82f9d44835c6_3581_6811 3230 * 0 0 0
Edge	92	17	47	0	0	0	87	-1
	Sequence	+edge_47_0_+2f0e85b3-9cd2-4b6c-8033-643d38feec04_1895_7233 5338 * 0 0 0
Edge	93	15	14	0	0	0	87	-1
	Sequence	-edge_47_0_+2f0e85b3-9cd2-4b6c-8033-643d38feec04_1895_7233 5338 * 0 0 0
Edge	94	13	42	0	0	0	82	-1
	Sequence	+edge_48_0_-273ef698-7c2b-442e-9a70-c62e40f9bf2f_19397_24801 5404 * 0 0 0
Edge	95	12	52	0	0	0	82	-1
	Sequence	-edge_48_0_-273ef698-7c2b-442e-9a70-c62e40f9bf2f_19397_24801 5404 * 0 0 0
Edge	96	11	66	0	0	0	80	-1
	Sequence	+edge_49_0_-39c4b190-067a-491b-b73d-814a31828e6e_5195_10443 5248 * 0 0 0
Edge	97	10	36	0	0	0	80	-1
	Sequence	-edge_49_0_-39c4b190-067a-491b-b73d-814a31828e6e_5195_10443 5248 * 0 0 0
Edge	98	9	8	0	0	0	77	-1
	Sequence	+edge_50_0_-d17b8e4b-e9e1-4cef-a476-a3a87a276eb0_1337_6750 5413 * 0 0 0
Edge	99	6	5	0	0	0	77	-1
	Sequence	-edge_50_0_-d17b8e4b-e9e1-4cef-a476-a3a87a276eb0_1337_6750 5413 * 0 0 0
Edge	100	56	4	0	0	0	79	-1
	Sequence	+edge_51_0_+133de143-e67a-429a-b95d-1480be53007f_1035_6373 5338 * 0 0 0
Edge	101	7	31	0	0	0	79	-1
	Sequence	-edge_51_0_+133de143-e67a-429a-b95d-1480be53007f_1035_6373 5338 * 0 0 0
Edge	102	3	57	0	0	0	77	-1
	Sequence	+edge_52_0_+6022e131-f0aa-4989-bfb7-0268ff13e3ba_7436_12759 5323 * 0 0 0
Edge	103	24	2	0	0	0	77	-1
	Sequence	-edge_52_0_+6022e131-f0aa-4989-bfb7-0268ff13e3ba_7436_12759 5323 * 0 0 0
Edge	104	1	0	0	0	0	87	-1
	Sequence	+edge_53_0_-86b9dbab-b7c3-4a19-a980-4ea84b5c9419_6311_11559 5248 * 0 0 0
Edge	105	51	16	0	0	0	87	-1
	Sequence	-edge_53_0_-86b9dbab-b7c3-4a19-a980-4ea84b5c9419_6311_11559 5248 * 0 0 0
