Edge	4	58	48	0	0	0	65	-1
	Sequence	+edge_3_0_-disjointig_1_4474414_4533780 59366 -1 4973721 4474414 4533780
Edge	5	60	72	0	0	0	65	-1
	Sequence	-edge_3_0_-disjointig_1_4474414_4533780 59366 1 4973721 439940 499306
Edge	6	61	38	0	0	0	57	-1
	Sequence	+edge_4_0_-disjointig_1_2465661_2826920 361259 -1 4973721 2465661 2826920
Edge	7	56	75	0	0	0	57	-1
	Sequence	-edge_4_0_-disjointig_1_2465661_2826920 361259 1 4973721 2146800 2508059
Edge	10	80	54	0	0	0	64	-1
	Sequence	+edge_6_0_+disjointig_1_6504_14338 7834 1 4973721 6504 14338
	Sequence	+edge_6_1_+disjointig_1_4938657_4946484 7827 1 4973721 4938657 4946484
Edge	11	84	81	0	0	0	64	-1
	Sequence	-edge_6_0_+disjointig_1_6504_14338 7834 -1 4973721 4959382 4967216
	Sequence	-edge_6_1_+disjointig_1_4938657_4946484 7827 -1 4973721 27236 35063
Edge	12	73	86	0	0	0	78	-1
	Sequence	+edge_7_0_+disjointig_1_501883_555980 54097 1 4973721 501883 555980
Edge	13	14	43	0	0	0	78	-1
	Sequence	-edge_7_0_+disjointig_1_501883_555980 54097 -1 4973721 4417740 4471837
Edge	14	77	57	0	0	0	56	-1
	Sequence	+edge_8_0_+disjointig_1_2510634_2620732 110098 1 4973721 2510634 2620732
Edge	15	105	62	0	0	0	56	-1
	Sequence	-edge_8_0_+disjointig_1_2510634_2620732 110098 -1 4973721 2352988 2463086
Edge	18	69	107	0	0	0	60	-1
	Sequence	+edge_10_0_-disjointig_1_3405367_3411993 6626 -1 4973721 3405367 3411993
Edge	19	90	85	0	0	0	60	-1
	Sequence	-edge_10_0_-disjointig_1_3405367_3411993 6626 1 4973721 1561727 1568353
Edge	20	82	66	0	0	0	69	-1
	Sequence	+edge_11_0_+disjointig_1_17259_20339 3080 1 4973721 17259 20339
	Sequence	+edge_11_1_+disjointig_1_4949401_4952480 3079 1 4973721 4949401 4952480
Edge	21	89	46	0	0	0	69	-1
	Sequence	-edge_11_0_+disjointig_1_17259_20339 3080 -1 4973721 4953381 4956461
	Sequence	-edge_11_1_+disjointig_1_4949401_4952480 3079 -1 4973721 21240 24319
Edge	22	87	91	0	0	0	66	-1
	Sequence	+edge_12_0_+disjointig_1_1571271_1575640 4369 1 4973721 1571271 1575640
Edge	23	37	59	0	0	0	66	-1
	Sequence	-edge_12_0_+disjointig_1_1571271_1575640 4369 -1 4973721 3398080 3402449
Edge	26	49	39	0	0	0	64	-1
	Sequence	+edge_14_0_+disjointig_1_24799_39641 14842 1 4973721 24799 39641
	Sequence	+edge_14_1_+disjointig_1_4956940_4971782 14842 1 4973721 4956940 4971782
Edge	27	28	88	0	0	0	64	-1
	Sequence	-edge_14_0_+disjointig_1_24799_39641 14842 -1 4973721 4934079 4948921
	Sequence	-edge_14_1_+disjointig_1_4956940_4971782 14842 -1 4973721 1938 16780
Edge	28	92	100	0	0	0	57	-1
	Sequence	+edge_15_0_+disjointig_1_1580097_1908067 327970 1 4973721 1580097 1908067
Edge	29	21	93	0	0	0	57	-1
	Sequence	-edge_15_0_+disjointig_1_1580097_1908067 327970 -1 4973721 3065653 3393623
Edge	42	98	98	1	0	0	29	7
	Sequence	+edge_22_0_-disjointig_8_16176_18591 2415 -8 38619 16176 18591
Edge	43	63	63	1	0	0	29	6
	Sequence	-edge_22_0_-disjointig_8_16176_18591 2415 8 38619 20027 22442
Edge	50	10	35	0	0	0	60	-1
	Sequence	+edge_26_0_-disjointig_1_4602445_4638363 35918 -1 4973721 4602445 4638363
Edge	51	64	12	0	0	0	60	-1
	Sequence	-edge_26_0_-disjointig_1_4602445_4638363 35918 1 4973721 335357 371275
Edge	52	16	15	0	0	0	65	-1
	Sequence	+edge_27_0_-disjointig_1_4320515_4412505 91990 -1 4973721 4320515 4412505
Edge	53	95	19	0	0	0	65	-1
	Sequence	-edge_27_0_-disjointig_1_4320515_4412505 91990 1 4973721 561215 653205
Edge	54	33	106	0	0	0	57	-1
	Sequence	+edge_28_0_+disjointig_1_1215477_1557245 341768 1 4973721 1215477 1557245
Edge	55	108	7	0	0	0	57	-1
	Sequence	-edge_28_0_+disjointig_1_1215477_1557245 341768 -1 4973721 3416475 3758243
Edge	64	17	83	0	0	0	56	-1
	Sequence	+edge_33_0_+disjointig_1_376599_436240 59641 1 4973721 376599 436240
Edge	65	94	11	0	0	0	56	-1
	Sequence	-edge_33_0_+disjointig_1_376599_436240 59641 -1 4973721 4537480 4597121
Edge	66	36	97	0	0	0	67	-1
	Sequence	+edge_34_0_+disjointig_1_658543_868107 209564 1 4973721 658543 868107
Edge	67	70	18	0	0	0	67	-1
	Sequence	-edge_34_0_+disjointig_1_658543_868107 209564 -1 4973721 4105613 4315177
Edge	70	102	99	0	0	0	69	-1
	Sequence	+edge_36_0_-disjointig_1_3944410_4101913 157503 -1 4973721 3944410 4101913
Edge	71	52	50	0	0	0	69	-1
	Sequence	-edge_36_0_-disjointig_1_3944410_4101913 157503 1 4973721 871807 1029310
Edge	72	53	104	0	0	0	55	-1
	Sequence	+edge_37_0_-disjointig_1_915672_2348507 1432835 -1 4973721 915672 2348507
Edge	73	67	103	0	0	0	55	-1
	Sequence	-edge_37_0_-disjointig_1_915672_2348507 1432835 1 4973721 2625213 4058048
Edge	74	51	55	0	0	0	63	-1
	Sequence	+edge_38_0_+disjointig_1_1033010_1210238 177228 1 4973721 1033010 1210238
Edge	75	6	76	0	0	0	63	-1
	Sequence	-edge_38_0_+disjointig_1_1033010_1210238 177228 -1 4973721 3763482 3940710
Edge	82	40	40	1	0	0	11	8
	Sequence	+edge_42_0_+disjointig_7_18227_28590 10363 7 45960 18227 28590
Edge	83	42	42	1	0	0	11	9
	Sequence	-edge_42_0_+disjointig_7_18227_28590 10363 -7 45960 17369 27732
Edge	108	45	79	0	0	0	60	-1
	Sequence	+edge_55_0_+disjointig_1_4580721_4936080 355359 1 4973721 4580721 4936080
Edge	109	110	9	0	0	0	60	-1
	Sequence	-edge_55_0_+disjointig_1_4580721_4936080 355359 -1 4973721 37640 392999
Edge	112	23	101	0	0	0	25	-1
	Sequence	+edge_57_0_+disjointig_6_64625_116059 51434 6 136458 64625 116059
Edge	113	111	27	0	0	0	25	-1
	Sequence	-edge_57_0_+disjointig_6_64625_116059 51434 -6 136458 20398 71832
Edge	114	29	5	0	0	0	63	-1
	Sequence	+edge_58_0_+disjointig_1_42120_243934 201814 1 4973721 42120 243934
Edge	115	2	34	0	0	0	63	-1
	Sequence	-edge_58_0_+disjointig_1_42120_243934 201814 -1 4973721 4729786 4931600
Edge	116	26	109	0	0	0	37	-1
	Sequence	+edge_59_0_-disjointig_6_74311_130834 56523 -6 136458 74311 130834
Edge	117	74	25	0	0	0	37	-1
	Sequence	-edge_59_0_-disjointig_6_74311_130834 56523 6 136458 5623 62146
Edge	118	4	13	0	0	0	63	-1
	Sequence	+edge_60_0_+disjointig_1_243934_330038 86104 1 4973721 243934 330038
Edge	119	24	3	0	0	0	63	-1
	Sequence	-edge_60_0_+disjointig_1_243934_330038 86104 -1 4973721 4643682 4729786
Edge	120	20	1	0	0	0	54	-1
	Sequence	+edge_61_0_+disjointig_1_1913394_2074994 161600 1 4973721 1913394 2074994
Edge	121	0	22	0	0	0	54	-1
	Sequence	-edge_61_0_+disjointig_1_1913394_2074994 161600 -1 4973721 2898726 3060326
Edge	122	8	44	0	0	0	56	-1
	Sequence	+edge_62_0_-disjointig_1_398406_911972 513566 -1 4973721 398406 911972
Edge	123	41	47	0	0	0	56	-1
	Sequence	-edge_62_0_-disjointig_1_398406_911972 513566 1 4973721 4061748 4575314
Edge	124	1	65	0	0	0	53	-1
	Sequence	+edge_63_0_+disjointig_1_2074994_2143595 68601 1 4973721 2074994 2143595
Edge	125	30	0	0	0	0	53	-1
	Sequence	-edge_63_0_+disjointig_1_2074994_2143595 68601 -1 4973721 2830125 2898726
Edge	126	32	32	0	0	0	24	-1
	Sequence	+edge_64_0_+disjointig_3_47231_158046 110815 3 158057 47231 158046
Edge	127	31	31	0	0	0	24	-1
	Sequence	-edge_64_0_+disjointig_3_47231_158046 110815 -3 158057 10 110825
Edge	128	68	68	0	0	0	27	-1
	Sequence	+edge_65_0_+disjointig_4_73549_163932 90383 4 163935 73549 163932
Edge	129	78	78	0	0	0	27	-1
	Sequence	-edge_65_0_+disjointig_4_73549_163932 90383 -4 163935 2 90385
Edge	130	71	71	0	0	0	218	-1
	Sequence	+edge_66_0_+disjointig_5_4708_12867 8159 5 21340 4708 12867
	Sequence	+edge_66_1_+disjointig_5_12867_21028 8161 5 21340 12867 21028
Edge	131	96	96	0	0	0	218	-1
	Sequence	-edge_66_0_+disjointig_5_4708_12867 8159 -5 21340 8472 16631
	Sequence	-edge_66_1_+disjointig_5_12867_21028 8161 -5 21340 311 8472
Edge	132	72	73	0	0	0	71	-1
	Sequence	+edge_67_0_+1754bb6a-9ed6-46b0-be8b-7382f729076b_1106_3688 2582 * 0 0 0
Edge	133	43	58	0	0	0	71	-1
	Sequence	-edge_67_0_+1754bb6a-9ed6-46b0-be8b-7382f729076b_1106_3688 2582 * 0 0 0
Edge	134	75	77	0	0	0	56	-1
	Sequence	+edge_68_0_+028fe321-87ac-449e-bb53-64270f86c180_9369_11945 2576 * 0 0 0
Edge	135	62	61	0	0	0	56	-1
	Sequence	-edge_68_0_+028fe321-87ac-449e-bb53-64270f86c180_9369_11945 2576 * 0 0 0
Edge	136	79	80	0	0	0	62	-1
	Sequence	+edge_69_0_+c53861f0-081d-4fb3-8974-0e7e53ed7c64_4497_7086 2589 * 0 0 0
Edge	137	81	110	0	0	0	62	-1
	Sequence	-edge_69_0_+c53861f0-081d-4fb3-8974-0e7e53ed7c64_4497_7086 2589 * 0 0 0
Edge	138	54	82	0	0	0	66	-1
	Sequence	+edge_70_0_-83a73a49-3176-4ae1-88c0-f72a3675ad78_2054_4982 2928 * 0 0 0
Edge	139	46	84	0	0	0	66	-1
	Sequence	-edge_70_0_-83a73a49-3176-4ae1-88c0-f72a3675ad78_2054_4982 2928 * 0 0 0
Edge	140	85	87	0	0	0	63	-1
	Sequence	+edge_71_0_-06bd4d6f-e92d-45a9-9dd1-fd133871e1cd_879_3800 2921 * 0 0 0
Edge	141	59	69	0	0	0	63	-1
	Sequence	-edge_71_0_-06bd4d6f-e92d-45a9-9dd1-fd133871e1cd_879_3800 2921 * 0 0 0
Edge	142	66	49	0	0	0	66	-1
	Sequence	+edge_72_0_+a288a120-0efa-4807-87ea-208bd0ad3977_3393_7868 4475 * 0 0 0
Edge	143	88	89	0	0	0	66	-1
	Sequence	-edge_72_0_+a288a120-0efa-4807-87ea-208bd0ad3977_3393_7868 4475 * 0 0 0
Edge	144	91	92	0	0	0	61	-1
	Sequence	+edge_73_0_-06bd4d6f-e92d-45a9-9dd1-fd133871e1cd_8151_12625 4474 * 0 0 0
Edge	145	93	37	0	0	0	61	-1
	Sequence	-edge_73_0_-06bd4d6f-e92d-45a9-9dd1-fd133871e1cd_8151_12625 4474 * 0 0 0
Edge	146	83	60	0	0	0	60	-1
	Sequence	+edge_74_0_+bc509c4a-c19c-4c46-b630-80e354750fcd_2251_5970 3719 * 0 0 0
Edge	147	48	94	0	0	0	60	-1
	Sequence	-edge_74_0_+bc509c4a-c19c-4c46-b630-80e354750fcd_2251_5970 3719 * 0 0 0
Edge	148	97	52	0	0	0	68	-1
	Sequence	+edge_75_0_-2864de46-83ff-4820-a1a5-fff817d2a719_3867_7595 3728 * 0 0 0
Edge	149	99	70	0	0	0	68	-1
	Sequence	-edge_75_0_-2864de46-83ff-4820-a1a5-fff817d2a719_3867_7595 3728 * 0 0 0
Edge	150	50	51	0	0	0	66	-1
	Sequence	+edge_76_0_+43c22593-b9d3-4270-8d6a-31d13616a571_11151_14820 3669 * 0 0 0
Edge	151	76	102	0	0	0	66	-1
	Sequence	-edge_76_0_+43c22593-b9d3-4270-8d6a-31d13616a571_11151_14820 3669 * 0 0 0
Edge	152	103	41	0	0	0	55	-1
	Sequence	+edge_77_0_-988f1f03-7eb9-4d95-b0b4-bb0cdc94000c_7090_10824 3734 * 0 0 0
Edge	153	44	53	0	0	0	55	-1
	Sequence	-edge_77_0_-988f1f03-7eb9-4d95-b0b4-bb0cdc94000c_7090_10824 3734 * 0 0 0
Edge	154	57	67	0	0	0	55	-1
	Sequence	+edge_78_0_+bf45426e-305a-4cc3-bd85-12a5e954ae96_2914_7407 4493 * 0 0 0
Edge	155	104	105	0	0	0	55	-1
	Sequence	-edge_78_0_+bf45426e-305a-4cc3-bd85-12a5e954ae96_2914_7407 4493 * 0 0 0
Edge	156	106	90	0	0	0	58	-1
	Sequence	+edge_79_0_-4a0dd551-845a-4555-aa83-c3d446343d0f_4891_9397 4506 * 0 0 0
Edge	157	107	108	0	0	0	58	-1
	Sequence	-edge_79_0_-4a0dd551-845a-4555-aa83-c3d446343d0f_4891_9397 4506 * 0 0 0
Edge	158	109	111	0	0	0	31	-1
	Sequence	+edge_80_0_+69763722-d91a-47f3-bf6b-ef5791cb689b_1497_4709 3212 * 0 0 0
Edge	159	101	74	0	0	0	31	-1
	Sequence	-edge_80_0_+69763722-d91a-47f3-bf6b-ef5791cb689b_1497_4709 3212 * 0 0 0
Edge	160	65	56	0	0	0	55	-1
	Sequence	+edge_81_0_-5ca34538-2a69-4a53-85d6-5fbce5f583f6_3612_6840 3228 * 0 0 0
Edge	161	38	30	0	0	0	55	-1
	Sequence	-edge_81_0_-5ca34538-2a69-4a53-85d6-5fbce5f583f6_3612_6840 3228 * 0 0 0
Edge	162	39	29	0	0	0	63	-1
	Sequence	+edge_82_0_-ad263867-61af-477b-9cb5-754110e945ca_6246_8729 2483 * 0 0 0
Edge	163	34	28	0	0	0	63	-1
	Sequence	-edge_82_0_-ad263867-61af-477b-9cb5-754110e945ca_6246_8729 2483 * 0 0 0
Edge	164	27	26	0	0	0	31	-1
	Sequence	+edge_83_0_-9327032c-6fb0-4e7c-bf20-e099d9ed7443_1137_3607 2470 * 0 0 0
Edge	165	25	23	0	0	0	31	-1
	Sequence	-edge_83_0_-9327032c-6fb0-4e7c-bf20-e099d9ed7443_1137_3607 2470 * 0 0 0
Edge	166	22	21	0	0	0	55	-1
	Sequence	+edge_84_0_+b46a5506-b52a-4e98-9014-e6b4d0412a3a_666_5991 5325 * 0 0 0
Edge	167	100	20	0	0	0	55	-1
	Sequence	-edge_84_0_+b46a5506-b52a-4e98-9014-e6b4d0412a3a_666_5991 5325 * 0 0 0
Edge	168	19	36	0	0	0	66	-1
	Sequence	+edge_85_0_+bae74438-4cf0-49a5-bdc2-fa5576a57757_7556_12891 5335 * 0 0 0
Edge	169	18	16	0	0	0	66	-1
	Sequence	-edge_85_0_+bae74438-4cf0-49a5-bdc2-fa5576a57757_7556_12891 5335 * 0 0 0
Edge	170	86	95	0	0	0	71	-1
	Sequence	+edge_86_0_-5340ee89-fcba-4279-8d7b-c86e75af7feb_4699_9933 5234 * 0 0 0
Edge	171	15	14	0	0	0	71	-1
	Sequence	-edge_86_0_-5340ee89-fcba-4279-8d7b-c86e75af7feb_4699_9933 5234 * 0 0 0
Edge	172	13	64	0	0	0	61	-1
	Sequence	+edge_87_0_-04c2247b-5bec-40af-b70b-c2ee88eca7eb_36223_41541 5318 * 0 0 0
Edge	173	35	24	0	0	0	61	-1
	Sequence	-edge_87_0_-04c2247b-5bec-40af-b70b-c2ee88eca7eb_36223_41541 5318 * 0 0 0
Edge	174	12	17	0	0	0	58	-1
	Sequence	+edge_88_0_-cffac8e7-d9f6-494e-a992-77576d499d55_6307_11626 5319 * 0 0 0
Edge	175	11	10	0	0	0	58	-1
	Sequence	-edge_88_0_-cffac8e7-d9f6-494e-a992-77576d499d55_6307_11626 5319 * 0 0 0
Edge	176	47	45	0	0	0	58	-1
	Sequence	+edge_89_0_+f70f7d2e-c34d-45c7-9448-60a82bc6351a_9338_14743 5405 * 0 0 0
Edge	177	9	8	0	0	0	58	-1
	Sequence	-edge_89_0_+f70f7d2e-c34d-45c7-9448-60a82bc6351a_9338_14743 5405 * 0 0 0
Edge	178	7	6	0	0	0	60	-1
	Sequence	+edge_90_0_-100d7621-62b3-486c-9114-683411c06900_1397_6636 5239 * 0 0 0
Edge	179	55	33	0	0	0	60	-1
	Sequence	-edge_90_0_-100d7621-62b3-486c-9114-683411c06900_1397_6636 5239 * 0 0 0
Edge	180	5	4	0	0	0	63	-1
	Sequence	+edge_91_haplotype 2415 * 0 0 0
Edge	181	3	2	0	0	0	63	-1
	Sequence	-edge_91_haplotype 2415 * 0 0 0
