Edge	4	48	8	0	0	0	159	-1
	Sequence	+edge_3_0_+disjointig_1_1328550_1415006 86456 1 4919229 1328550 1415006
Edge	5	9	3	0	0	0	159	-1
	Sequence	-edge_3_0_+disjointig_1_1328550_1415006 86456 -1 4919229 3504222 3590678
Edge	6	1	42	0	0	0	146	-1
	Sequence	+edge_4_0_+disjointig_1_1559936_1595878 35942 1 4919229 1559936 1595878
Edge	7	4	0	0	0	0	146	-1
	Sequence	-edge_4_0_+disjointig_1_1559936_1595878 35942 -1 4919229 3323350 3359292
Edge	10	38	39	0	0	0	174	-1
	Sequence	+edge_6_0_+disjointig_1_1420446_1506646 86200 1 4919229 1420446 1506646
Edge	11	61	10	0	0	0	174	-1
	Sequence	-edge_6_0_+disjointig_1_1420446_1506646 86200 -1 4919229 3412582 3498782
Edge	12	6	50	0	0	0	153	-1
	Sequence	+edge_7_0_+disjointig_1_2343481_2778133 434652 1 4919229 2343481 2778133
Edge	13	37	18	0	0	0	153	-1
	Sequence	-edge_7_0_+disjointig_1_2343481_2778133 434652 -1 4919229 2141095 2575747
Edge	14	32	33	0	0	0	169	-1
	Sequence	+edge_8_0_+disjointig_1_1601143_2004569 403426 1 4919229 1601143 2004569
Edge	15	56	36	0	0	0	169	-1
	Sequence	-edge_8_0_+disjointig_1_1601143_2004569 403426 -1 4919229 2914659 3318085
Edge	20	24	40	0	0	0	174	-1
	Sequence	+edge_11_0_+disjointig_1_742525_1323202 580677 1 4919229 742525 1323202
Edge	21	52	30	0	0	0	174	-1
	Sequence	-edge_11_0_+disjointig_1_742525_1323202 580677 -1 4919229 3596026 4176703
Edge	24	29	34	0	0	0	145	-1
	Sequence	+edge_13_0_-disjointig_1_3364640_3408930 44290 -1 4919229 3364640 3408930
Edge	25	51	2	0	0	0	145	-1
	Sequence	-edge_13_0_-disjointig_1_3364640_3408930 44290 1 4919229 1510298 1554588
Edge	26	21	26	0	0	0	154	-1
	Sequence	+edge_14_0_-disjointig_1_2581001_2912602 331601 -1 4919229 2581001 2912602
Edge	27	46	7	0	0	0	154	-1
	Sequence	-edge_14_0_-disjointig_1_2581001_2912602 331601 1 4919229 2006626 2338227
Edge	30	43	57	0	0	0	147	-1
	Sequence	+edge_16_0_+disjointig_1_2781797_3749808 968011 1 4919229 2781797 3749808
Edge	31	62	54	0	0	0	147	-1
	Sequence	-edge_16_0_+disjointig_1_2781797_3749808 968011 -1 4919229 1169420 2137431
Edge	34	63	60	0	0	0	144	-1
	Sequence	+edge_18_0_-disjointig_1_685799_1167360 481561 -1 4919229 685799 1167360
Edge	35	58	59	0	0	0	144	-1
	Sequence	-edge_18_0_-disjointig_1_685799_1167360 481561 1 4919229 3751868 4233429
Edge	46	53	19	0	0	0	6	-1
	Sequence	+edge_24_0_+disjointig_4_51925_54091 2166 4 77004 51925 54091
	Sequence	+edge_24_1_-disjointig_4_9_2371 2362 -4 77004 9 2371
Edge	47	17	20	0	0	0	6	-1
	Sequence	-edge_24_0_+disjointig_4_51925_54091 2166 -4 77004 22912 25078
	Sequence	-edge_24_1_-disjointig_4_9_2371 2362 4 77004 74632 76994
Edge	52	15	47	0	0	0	3	-1
	Sequence	+edge_27_0_+disjointig_4_63140_66495 3355 4 77004 63140 66495
	Sequence	+edge_27_1_+disjointig_5_12127_15940 3813 5 18732 12127 15940
Edge	53	25	28	0	0	0	3	-1
	Sequence	-edge_27_0_+disjointig_4_63140_66495 3355 -4 77004 10508 13863
	Sequence	-edge_27_1_+disjointig_5_12127_15940 3813 -5 18732 2791 6604
Edge	54	35	41	0	0	0	6	-1
	Sequence	+edge_28_0_+disjointig_5_15940_18731 2791 5 18732 15940 18731
Edge	55	49	16	0	0	0	6	-1
	Sequence	-edge_28_0_+disjointig_5_15940_18731 2791 -5 18732 0 2791
Edge	56	44	14	0	0	0	147	-1
	Sequence	+edge_29_0_+disjointig_1_4235489_4868926 633437 1 4919229 4235489 4868926
Edge	57	11	55	0	0	0	147	-1
	Sequence	-edge_29_0_+disjointig_1_4235489_4868926 633437 -1 4919229 50302 683739
Edge	60	27	12	0	0	0	155	-1
	Sequence	+edge_31_0_-disjointig_1_4181949_4907118 725169 -1 4919229 4181949 4907118
Edge	61	13	5	0	0	0	155	-1
	Sequence	-edge_31_0_-disjointig_1_4181949_4907118 725169 1 4919229 12110 737279
Edge	62	22	22	0	0	0	62	-1
	Sequence	+edge_32_0_+disjointig_2_41674_127110 85436 2 127112 41674 127110
Edge	63	23	23	0	0	0	62	-1
	Sequence	-edge_32_0_+disjointig_2_41674_127110 85436 -2 127112 1 85437
Edge	64	31	53	0	0	0	6	-1
	Sequence	+edge_33_0_+disjointig_4_0_51925 51925 4 77004 0 51925
Edge	65	20	45	0	0	0	6	-1
	Sequence	-edge_33_0_+disjointig_4_0_51925 51925 -4 77004 25078 77003
Edge	66	19	15	0	0	0	6	-1
	Sequence	+edge_34_0_+disjointig_4_54091_63140 9049 4 77004 54091 63140
	Sequence	+edge_34_1_-disjointig_4_2371_10508 8137 -4 77004 2371 10508
	Sequence	+edge_34_2_+disjointig_5_3064_12127 9063 5 18732 3064 12127
Edge	67	28	17	0	0	0	6	-1
	Sequence	-edge_34_0_+disjointig_4_54091_63140 9049 -4 77004 13863 22912
	Sequence	-edge_34_1_-disjointig_4_2371_10508 8137 4 77004 66495 74632
	Sequence	-edge_34_2_+disjointig_5_3064_12127 9063 -5 18732 6604 15667
Edge	68	39	51	0	0	0	159	-1
	Sequence	+edge_35_0_-23110703-4052-4c29-8612-8a28f7bf867d_1492_5162 3670 * 0 0 0
Edge	69	34	61	0	0	0	159	-1
	Sequence	-edge_35_0_-23110703-4052-4c29-8612-8a28f7bf867d_1492_5162 3670 * 0 0 0
Edge	70	50	43	0	0	0	150	-1
	Sequence	+edge_36_0_+d71dd741-d882-4c6f-9957-8a10a592c32c_11300_14967 3667 * 0 0 0
Edge	71	54	37	0	0	0	150	-1
	Sequence	-edge_36_0_+d71dd741-d882-4c6f-9957-8a10a592c32c_11300_14967 3667 * 0 0 0
Edge	72	33	46	0	0	0	161	-1
	Sequence	+edge_37_0_+971a2c7a-a694-4b62-aac2-592cdea97913_2491_4571 2080 * 0 0 0
Edge	73	26	56	0	0	0	161	-1
	Sequence	-edge_37_0_+971a2c7a-a694-4b62-aac2-592cdea97913_2491_4571 2080 * 0 0 0
Edge	74	57	58	0	0	0	145	-1
	Sequence	+edge_38_0_+9cef9404-6a2b-4be7-b32c-33ed92991f07_1371_3448 2077 * 0 0 0
Edge	75	60	62	0	0	0	145	-1
	Sequence	-edge_38_0_+9cef9404-6a2b-4be7-b32c-33ed92991f07_1371_3448 2077 * 0 0 0
Edge	76	59	44	0	0	0	145	-1
	Sequence	+edge_39_0_+8b55c680-a0d7-459d-864b-255ed0b4ee27_928_2982 2054 * 0 0 0
Edge	77	55	63	0	0	0	145	-1
	Sequence	-edge_39_0_+8b55c680-a0d7-459d-864b-255ed0b4ee27_928_2982 2054 * 0 0 0
Edge	80	14	13	0	0	0	151	-1
	Sequence	+edge_41_0_+2e7f4e1b-7d78-4d92-aed7-4d75e4881065_8257_13731 5474 * 0 0 0
Edge	81	12	11	0	0	0	151	-1
	Sequence	-edge_41_0_+2e7f4e1b-7d78-4d92-aed7-4d75e4881065_8257_13731 5474 * 0 0 0
Edge	82	10	9	0	0	0	166	-1
	Sequence	+edge_42_0_-a9c73ba1-775c-4db3-bd70-480160d01b4f_668_6107 5439 * 0 0 0
Edge	83	8	38	0	0	0	166	-1
	Sequence	-edge_42_0_-a9c73ba1-775c-4db3-bd70-480160d01b4f_668_6107 5439 * 0 0 0
Edge	84	18	21	0	0	0	153	-1
	Sequence	+edge_43_0_-75727171-63dc-4542-9aa0-927aba9f0047_23528_28780 5252 * 0 0 0
Edge	85	7	6	0	0	0	153	-1
	Sequence	-edge_43_0_-75727171-63dc-4542-9aa0-927aba9f0047_23528_28780 5252 * 0 0 0
Edge	86	30	27	0	0	0	164	-1
	Sequence	+edge_44_0_+857f3259-32c8-4c87-b840-127ebc25ede9_2745_7988 5243 * 0 0 0
Edge	87	5	24	0	0	0	164	-1
	Sequence	-edge_44_0_+857f3259-32c8-4c87-b840-127ebc25ede9_2745_7988 5243 * 0 0 0
Edge	88	36	4	0	0	0	157	-1
	Sequence	+edge_45_0_-664edf5e-721a-4c19-9ee3-83bd8608803f_2827_8089 5262 * 0 0 0
Edge	89	42	32	0	0	0	157	-1
	Sequence	-edge_45_0_-664edf5e-721a-4c19-9ee3-83bd8608803f_2827_8089 5262 * 0 0 0
Edge	90	40	48	0	0	0	166	-1
	Sequence	+edge_46_0_+2cb2235c-0bf8-4c6d-8bc2-7b7db4cd58ae_3253_8599 5346 * 0 0 0
Edge	91	3	52	0	0	0	166	-1
	Sequence	-edge_46_0_+2cb2235c-0bf8-4c6d-8bc2-7b7db4cd58ae_3253_8599 5346 * 0 0 0
Edge	92	2	1	0	0	0	145	-1
	Sequence	+edge_47_0_+0f2176f8-b661-4e34-9f19-184372e31271_8692_14037 5345 * 0 0 0
Edge	93	0	29	0	0	0	145	-1
	Sequence	-edge_47_0_+0f2176f8-b661-4e34-9f19-184372e31271_8692_14037 5345 * 0 0 0
