Edge	12	38	10	0	0	0	109	-1
	Sequence	+edge_7_0_-disjointig_2_59223_291196 231973 -2 4796981 59223 291196
Edge	13	8	47	0	0	0	109	-1
	Sequence	-edge_7_0_-disjointig_2_59223_291196 231973 2 4796981 4505784 4737757
Edge	14	44	21	0	0	0	99	-1
	Sequence	+edge_8_0_-disjointig_2_1751656_2358922 607266 -2 4796981 1751656 2358922
Edge	15	22	37	0	0	0	99	-1
	Sequence	-edge_8_0_-disjointig_2_1751656_2358922 607266 2 4796981 2438058 3045324
Edge	16	33	62	0	0	0	106	-1
	Sequence	+edge_9_0_+disjointig_2_129014_319791 190777 2 4796981 129014 319791
Edge	17	11	63	0	0	0	106	-1
	Sequence	-edge_9_0_+disjointig_2_129014_319791 190777 -2 4796981 4477189 4667966
Edge	18	35	31	0	0	0	103	-1
	Sequence	+edge_10_0_+disjointig_2_3049057_3246496 197439 2 4796981 3049057 3246496
Edge	19	42	68	0	0	0	103	-1
	Sequence	-edge_10_0_+disjointig_2_3049057_3246496 197439 -2 4796981 1550484 1747923
Edge	22	25	13	0	0	0	94	-1
	Sequence	+edge_12_0_+disjointig_2_4239506_4275659 36153 2 4796981 4239506 4275659
Edge	23	36	60	0	0	0	94	-1
	Sequence	-edge_12_0_+disjointig_2_4239506_4275659 36153 -2 4796981 521321 557474
Edge	24	65	3	0	0	0	104	-1
	Sequence	+edge_13_0_+disjointig_2_4281088_4406690 125602 2 4796981 4281088 4406690
Edge	25	4	14	0	0	0	104	-1
	Sequence	-edge_13_0_+disjointig_2_4281088_4406690 125602 -2 4796981 390290 515892
Edge	26	2	46	0	0	0	106	-1
	Sequence	+edge_14_0_+disjointig_2_4412156_4500411 88255 2 4796981 4412156 4500411
Edge	27	58	5	0	0	0	106	-1
	Sequence	-edge_14_0_+disjointig_2_4412156_4500411 88255 -2 4796981 296569 384824
Edge	28	7	55	0	0	0	99	-1
	Sequence	+edge_15_0_-disjointig_2_3778432_4471952 693520 -2 4796981 3778432 4471952
Edge	29	12	18	0	0	0	99	-1
	Sequence	-edge_15_0_-disjointig_2_3778432_4471952 693520 2 4796981 325028 1018548
Edge	30	71	51	0	0	0	101	-1
	Sequence	+edge_16_0_+disjointig_2_3605669_3875653 269984 2 4796981 3605669 3875653
Edge	31	59	48	0	0	0	101	-1
	Sequence	-edge_16_0_+disjointig_2_3605669_3875653 269984 -2 4796981 921327 1191311
Edge	34	40	26	0	0	0	98	-1
	Sequence	+edge_18_0_+disjointig_2_1023868_2233748 1209880 2 4796981 1023868 2233748
Edge	35	24	9	0	0	0	98	-1
	Sequence	-edge_18_0_+disjointig_2_1023868_2233748 1209880 -2 4796981 2563232 3773112
Edge	36	15	41	0	0	0	94	-1
	Sequence	+edge_19_0_-disjointig_2_1196559_1305221 108662 -2 4796981 1196559 1305221
Edge	37	70	16	0	0	0	94	-1
	Sequence	-edge_19_0_-disjointig_2_1196559_1305221 108662 2 4796981 3491759 3600421
Edge	38	52	64	0	0	0	103	-1
	Sequence	+edge_20_0_-disjointig_2_562713_843046 280333 -2 4796981 562713 843046
Edge	39	45	6	0	0	0	103	-1
	Sequence	-edge_20_0_-disjointig_2_562713_843046 280333 2 4796981 3953934 4234267
Edge	42	28	23	0	0	0	99	-1
	Sequence	+edge_22_0_+disjointig_2_2237432_2430036 192604 2 4796981 2237432 2430036
Edge	43	19	61	0	0	0	99	-1
	Sequence	-edge_22_0_+disjointig_2_2237432_2430036 192604 -2 4796981 2366944 2559548
Edge	44	30	56	0	0	0	100	-1
	Sequence	+edge_23_0_+disjointig_2_3250180_3483738 233558 2 4796981 3250180 3483738
Edge	45	17	29	0	0	0	100	-1
	Sequence	-edge_23_0_+disjointig_2_3250180_3483738 233558 -2 4796981 1313242 1546800
Edge	52	59	64	1	0	0	130	-1
	Sequence	+edge_27_0_-disjointig_3_78169_78985 816 -3 153082 78169 78985
	Sequence	+edge_27_1_+disjointig_4_28668_29484 816 4 81760 28668 29484
	Sequence	+edge_27_2_-disjointig_5_43983_44799 816 -5 87960 43983 44799
Edge	53	45	51	1	0	0	130	-1
	Sequence	-edge_27_0_-disjointig_3_78169_78985 816 3 153082 74096 74912
	Sequence	-edge_27_1_+disjointig_4_28668_29484 816 -4 81760 52275 53091
	Sequence	-edge_27_2_-disjointig_5_43983_44799 816 5 87960 43160 43976
Edge	58	64	1	0	0	0	53	-1
	Sequence	+edge_30_0_-disjointig_3_78985_87755 8770 -3 153082 78985 87755
	Sequence	+edge_30_1_+disjointig_4_29484_38256 8772 4 81760 29484 38256
Edge	59	27	45	0	0	0	53	-1
	Sequence	-edge_30_0_-disjointig_3_78985_87755 8770 3 153082 65326 74096
	Sequence	-edge_30_1_+disjointig_4_29484_38256 8772 -4 81760 43503 52275
Edge	72	57	57	1	0	0	36	5
	Sequence	+edge_37_0_-disjointig_4_27579_43503 15924 -4 81760 27579 43503
Edge	73	43	43	1	0	0	36	4
	Sequence	-edge_37_0_-disjointig_4_27579_43503 15924 4 81760 38256 54180
Edge	80	67	67	0	0	0	2936	-1
	Sequence	+edge_41_0_+disjointig_1_1530_10799 9269 1 19937 1530 10799
	Sequence	+edge_41_1_+disjointig_1_10799_19934 9135 1 19937 10799 19934
Edge	81	53	53	0	0	0	2936	-1
	Sequence	-edge_41_0_+disjointig_1_1530_10799 9269 -1 19937 9137 18406
	Sequence	-edge_41_1_+disjointig_1_10799_19934 9135 -1 19937 2 9137
Edge	82	66	69	0	0	0	103	-1
	Sequence	+edge_42_0_+disjointig_2_4741509_4796974 55465 2 4796981 4741509 4796974
Edge	83	50	39	0	0	0	103	-1
	Sequence	-edge_42_0_+disjointig_2_4741509_4796974 55465 -2 4796981 6 55471
Edge	84	69	34	0	0	0	113	-1
	Sequence	+edge_43_0_+disjointig_2_41669_125350 83681 2 4796981 41669 125350
Edge	85	32	50	0	0	0	113	-1
	Sequence	-edge_43_0_+disjointig_2_41669_125350 83681 -2 4796981 4671630 4755311
Edge	88	51	45	0	0	0	137	-1
	Sequence	+edge_45_0_+disjointig_2_3875653_3953934 78281 2 4796981 3875653 3953934
Edge	89	64	59	0	0	0	137	-1
	Sequence	-edge_45_0_+disjointig_2_3875653_3953934 78281 -2 4796981 843046 921327
Edge	90	51	49	0	0	0	74	-1
	Sequence	+edge_46_0_+disjointig_3_74912_153080 78168 3 153082 74912 153080
Edge	91	54	59	0	0	0	74	-1
	Sequence	-edge_46_0_+disjointig_3_74912_153080 78168 -3 153082 1 78169
Edge	92	49	0	0	0	0	65	-1
	Sequence	+edge_47_0_+disjointig_3_53033_65326 12293 3 153082 53033 65326
	Sequence	+edge_47_1_-disjointig_4_15280_27579 12299 -4 81760 15280 27579
Edge	93	20	54	0	0	0	65	-1
	Sequence	-edge_47_0_+disjointig_3_53033_65326 12293 -3 153082 87755 100048
	Sequence	-edge_47_1_-disjointig_4_15280_27579 12299 4 81760 54180 66479
Edge	94	47	66	0	0	0	106	-1
	Sequence	+edge_48_0_-85ba1ed4-3f94-4862-b742-2e3e8400754c_16159_19912 3753 * 0 0 0
Edge	95	39	38	0	0	0	106	-1
	Sequence	-edge_48_0_-85ba1ed4-3f94-4862-b742-2e3e8400754c_16159_19912 3753 * 0 0 0
Edge	96	37	35	0	0	0	101	-1
	Sequence	+edge_49_0_-bf155b86-892a-4433-a51a-acf302914346_3455_7185 3730 * 0 0 0
Edge	97	68	44	0	0	0	101	-1
	Sequence	-edge_49_0_-bf155b86-892a-4433-a51a-acf302914346_3455_7185 3730 * 0 0 0
Edge	98	34	33	0	0	0	109	-1
	Sequence	+edge_50_0_-40e5ec98-52ab-4854-bfcb-0e1a5bcfa9b8_5832_9506 3674 * 0 0 0
Edge	99	63	32	0	0	0	109	-1
	Sequence	-edge_50_0_-40e5ec98-52ab-4854-bfcb-0e1a5bcfa9b8_5832_9506 3674 * 0 0 0
Edge	100	31	30	0	0	0	101	-1
	Sequence	+edge_51_0_+e669a8da-9293-458f-9ca7-02b891a8f58d_8534_12225 3691 * 0 0 0
Edge	101	29	42	0	0	0	101	-1
	Sequence	-edge_51_0_+e669a8da-9293-458f-9ca7-02b891a8f58d_8534_12225 3691 * 0 0 0
Edge	102	26	28	0	0	0	98	-1
	Sequence	+edge_52_0_+4c60659b-0acf-487b-81d7-34668ce6609d_9579_13270 3691 * 0 0 0
Edge	103	61	24	0	0	0	98	-1
	Sequence	-edge_52_0_+4c60659b-0acf-487b-81d7-34668ce6609d_9579_13270 3691 * 0 0 0
Edge	104	23	22	0	0	0	99	-1
	Sequence	+edge_53_0_+0c84aade-d9fd-43e9-95a9-bd9c14fa19a9_3864_11904 8040 * 0 0 0
Edge	105	21	19	0	0	0	99	-1
	Sequence	-edge_53_0_+0c84aade-d9fd-43e9-95a9-bd9c14fa19a9_3864_11904 8040 * 0 0 0
Edge	106	56	70	0	0	0	97	-1
	Sequence	+edge_54_0_+855e6c0e-6d0d-443a-b632-d7d992c24ca9_1196_9253 8057 * 0 0 0
Edge	107	41	17	0	0	0	97	-1
	Sequence	-edge_54_0_+855e6c0e-6d0d-443a-b632-d7d992c24ca9_1196_9253 8057 * 0 0 0
Edge	108	16	71	0	0	0	97	-1
	Sequence	+edge_55_0_-a4268644-b1fa-4635-994c-32ca87cce304_3337_8580 5243 * 0 0 0
Edge	109	48	15	0	0	0	97	-1
	Sequence	-edge_55_0_-a4268644-b1fa-4635-994c-32ca87cce304_3337_8580 5243 * 0 0 0
Edge	110	14	36	0	0	0	99	-1
	Sequence	+edge_56_0_-7f9082ee-c71d-48c1-acb9-85a2bf8209b1_7950_13376 5426 * 0 0 0
Edge	111	13	65	0	0	0	99	-1
	Sequence	-edge_56_0_-7f9082ee-c71d-48c1-acb9-85a2bf8209b1_7950_13376 5426 * 0 0 0
Edge	112	62	12	0	0	0	102	-1
	Sequence	+edge_57_0_+b25a0874-0c78-4852-b9c5-09df627fcc79_4525_9763 5238 * 0 0 0
Edge	113	55	11	0	0	0	102	-1
	Sequence	-edge_57_0_+b25a0874-0c78-4852-b9c5-09df627fcc79_4525_9763 5238 * 0 0 0
Edge	114	10	58	0	0	0	107	-1
	Sequence	+edge_58_0_-7dd8ca9a-195f-402c-b583-02c5f8221817_6343_11715 5372 * 0 0 0
Edge	115	46	8	0	0	0	107	-1
	Sequence	-edge_58_0_-7dd8ca9a-195f-402c-b583-02c5f8221817_6343_11715 5372 * 0 0 0
Edge	116	18	40	0	0	0	98	-1
	Sequence	+edge_59_0_-d2f18dbf-b795-4461-bf40-3e2c12aed289_2325_7641 5316 * 0 0 0
Edge	117	9	7	0	0	0	98	-1
	Sequence	-edge_59_0_-d2f18dbf-b795-4461-bf40-3e2c12aed289_2325_7641 5316 * 0 0 0
Edge	118	6	25	0	0	0	98	-1
	Sequence	+edge_60_0_-b877adc7-ff35-4fdf-9d7c-cb80c4d64073_4727_9962 5235 * 0 0 0
Edge	119	60	52	0	0	0	98	-1
	Sequence	-edge_60_0_-b877adc7-ff35-4fdf-9d7c-cb80c4d64073_4727_9962 5235 * 0 0 0
Edge	120	5	4	0	0	0	105	-1
	Sequence	+edge_61_0_+cec21075-66e4-4abc-8d7d-5a79bb72e933_1400_6863 5463 * 0 0 0
Edge	121	3	2	0	0	0	105	-1
	Sequence	-edge_61_0_+cec21075-66e4-4abc-8d7d-5a79bb72e933_1400_6863 5463 * 0 0 0
Edge	122	1	20	0	0	0	59	-1
	Sequence	+edge_62_haplotype 15924 * 0 0 0
Edge	123	0	27	0	0	0	59	-1
	Sequence	-edge_62_haplotype 15924 * 0 0 0
