Edge	8	3	79	0	0	0	22	-1
	Sequence	+edge_5_0_+disjointig_2_1433236_2431979 998743 2 5016080 1433236 2431979
Edge	9	33	0	0	0	0	22	-1
	Sequence	-edge_5_0_+disjointig_2_1433236_2431979 998743 -2 5016080 2584100 3582843
Edge	10	4	42	0	0	0	22	-1
	Sequence	+edge_6_0_-disjointig_2_3585525_4030301 444776 -2 5016080 3585525 4030301
Edge	11	20	8	0	0	0	22	-1
	Sequence	-edge_6_0_-disjointig_2_3585525_4030301 444776 2 5016080 985778 1430554
Edge	20	7	83	0	0	0	34	-1
	Sequence	+edge_11_0_+disjointig_2_3726962_3763026 36064 2 5016080 3726962 3763026
Edge	21	44	56	0	0	0	34	-1
	Sequence	-edge_11_0_+disjointig_2_3726962_3763026 36064 -2 5016080 1253053 1289117
Edge	22	73	75	0	0	0	35	-1
	Sequence	+edge_12_0_+disjointig_2_3915658_4006225 90567 2 5016080 3915658 4006225
Edge	23	14	67	0	0	0	35	-1
	Sequence	-edge_12_0_+disjointig_2_3915658_4006225 90567 -2 5016080 1009854 1100421
Edge	24	63	48	0	0	0	28	-1
	Sequence	+edge_13_0_+disjointig_2_2967400_3331923 364523 2 5016080 2967400 3331923
Edge	25	29	36	0	0	0	28	-1
	Sequence	-edge_13_0_+disjointig_2_2967400_3331923 364523 -2 5016080 1684156 2048679
Edge	26	82	34	0	0	0	36	-1
	Sequence	+edge_14_0_+disjointig_2_3768365_3811509 43144 2 5016080 3768365 3811509
Edge	27	37	12	0	0	0	36	-1
	Sequence	-edge_14_0_+disjointig_2_3768365_3811509 43144 -2 5016080 1204570 1247714
Edge	28	58	24	0	0	0	34	-1
	Sequence	+edge_15_0_+disjointig_2_4011568_4392623 381055 2 5016080 4011568 4392623
Edge	29	13	69	0	0	0	34	-1
	Sequence	-edge_15_0_+disjointig_2_4011568_4392623 381055 -2 5016080 623456 1004511
Edge	30	76	38	0	0	0	33	-1
	Sequence	+edge_16_0_-disjointig_2_447254_619752 172498 -2 5016080 447254 619752
Edge	31	19	10	0	0	0	33	-1
	Sequence	-edge_16_0_-disjointig_2_447254_619752 172498 2 5016080 4396327 4568825
Edge	36	77	43	0	0	0	27	-1
	Sequence	+edge_19_0_+disjointig_2_4574074_4926288 352214 2 5016080 4574074 4926288
Edge	37	66	55	0	0	0	27	-1
	Sequence	-edge_19_0_+disjointig_2_4574074_4926288 352214 -2 5016080 89791 442005
Edge	38	50	32	0	0	0	23	-1
	Sequence	+edge_20_0_-disjointig_2_2054089_2580416 526327 -2 5016080 2054089 2580416
Edge	39	31	62	0	0	0	23	-1
	Sequence	-edge_20_0_-disjointig_2_2054089_2580416 526327 2 5016080 2435663 2961990
Edge	40	57	28	0	0	0	28	-1
	Sequence	+edge_21_0_-disjointig_2_1294439_1498723 204284 -2 5016080 1294439 1498723
Edge	41	45	59	0	0	0	28	-1
	Sequence	-edge_21_0_-disjointig_2_1294439_1498723 204284 2 5016080 3517356 3721640
Edge	42	78	65	0	0	0	24	-1
	Sequence	+edge_22_0_+disjointig_2_283566_982184 698618 2 5016080 283566 982184
Edge	43	81	80	0	0	0	24	-1
	Sequence	-edge_22_0_+disjointig_2_283566_982184 698618 -2 5016080 4033895 4732513
Edge	44	21	18	0	0	0	33	-1
	Sequence	+edge_23_0_-disjointig_2_1107370_1200866 93496 -2 5016080 1107370 1200866
Edge	45	35	71	0	0	0	33	-1
	Sequence	-edge_23_0_-disjointig_2_1107370_1200866 93496 2 5016080 3815213 3908709
Edge	54	22	23	0	0	0	22	-1
	Sequence	+edge_28_0_+disjointig_2_3338156_3351395 13239 2 5016080 3338156 3351395
Edge	55	16	60	0	0	0	22	-1
	Sequence	-edge_28_0_+disjointig_2_3338156_3351395 13239 -2 5016080 1664684 1677923
Edge	58	47	40	0	0	0	30	-1
	Sequence	+edge_30_0_-disjointig_2_1500985_1662420 161435 -2 5016080 1500985 1662420
Edge	59	39	41	0	0	0	30	-1
	Sequence	-edge_30_0_-disjointig_2_1500985_1662420 161435 2 5016080 3353659 3515094
Edge	68	52	51	0	0	0	19	-1
	Sequence	+edge_35_0_-disjointig_3_125450_127869 2419 -3 187173 125450 127869
	Sequence	+edge_35_1_-disjointig_3_28670_31089 2419 -3 187173 28670 31089
Edge	69	53	1	0	0	0	19	-1
	Sequence	-edge_35_0_-disjointig_3_125450_127869 2419 3 187173 59303 61722
	Sequence	-edge_35_1_-disjointig_3_28670_31089 2419 3 187173 156083 158502
Edge	70	51	54	0	0	0	19	-1
	Sequence	+edge_36_0_+disjointig_3_37654_47091 9437 3 187173 37654 47091
	Sequence	+edge_36_1_-disjointig_3_127869_137178 9309 -3 187173 127869 137178
	Sequence	+edge_36_2_-disjointig_3_31089_40527 9438 -3 187173 31089 40527
Edge	71	2	53	0	0	0	19	-1
	Sequence	-edge_36_0_+disjointig_3_37654_47091 9437 -3 187173 140081 149518
	Sequence	-edge_36_1_-disjointig_3_127869_137178 9309 3 187173 49994 59303
	Sequence	-edge_36_2_-disjointig_3_31089_40527 9438 3 187173 146645 156083
Edge	72	54	72	0	0	0	7	-1
	Sequence	+edge_37_0_+disjointig_3_47091_48919 1828 3 187173 47091 48919
Edge	73	74	2	0	0	0	7	-1
	Sequence	-edge_37_0_+disjointig_3_47091_48919 1828 -3 187173 138253 140081
Edge	74	54	74	1	0	0	18	-1
	Sequence	+edge_38_0_-disjointig_3_137178_138253 1075 -3 187173 137178 138253
	Sequence	+edge_38_1_-disjointig_3_40527_41536 1009 -3 187173 40527 41536
Edge	75	72	2	1	0	0	18	-1
	Sequence	-edge_38_0_-disjointig_3_137178_138253 1075 3 187173 48919 49994
	Sequence	-edge_38_1_-disjointig_3_40527_41536 1009 3 187173 145636 146645
Edge	76	6	6	1	0	0	615	-1
	Sequence	+edge_39_0_+disjointig_4_2_581 579 4 29006 2 581
	Sequence	+edge_39_1_+disjointig_4_5238_5747 509 4 29006 5238 5747
	Sequence	+edge_39_2_+disjointig_4_9572_10087 515 4 29006 9572 10087
	Sequence	+edge_39_3_+disjointig_4_14675_15254 579 4 29006 14675 15254
	Sequence	+edge_39_4_+disjointig_4_19912_20421 509 4 29006 19912 20421
Edge	77	70	70	1	0	0	615	-1
	Sequence	-edge_39_0_+disjointig_4_2_581 579 -4 29006 28424 29003
	Sequence	-edge_39_1_+disjointig_4_5238_5747 509 -4 29006 23258 23767
	Sequence	-edge_39_2_+disjointig_4_9572_10087 515 -4 29006 18918 19433
	Sequence	-edge_39_3_+disjointig_4_14675_15254 579 -4 29006 13751 14330
	Sequence	-edge_39_4_+disjointig_4_19912_20421 509 -4 29006 8584 9093
Edge	78	49	6	1	0	0	665	-1
	Sequence	+edge_40_0_+disjointig_4_3904_4729 825 4 29006 3904 4729
	Sequence	+edge_40_1_+disjointig_4_13410_14675 1265 4 29006 13410 14675
	Sequence	+edge_40_2_+disjointig_4_18577_19403 826 4 29006 18577 19403
	Sequence	+edge_40_3_+disjointig_4_23726_24552 826 4 29006 23726 24552
Edge	79	70	26	1	0	0	665	-1
	Sequence	-edge_40_0_+disjointig_4_3904_4729 825 -4 29006 24276 25101
	Sequence	-edge_40_1_+disjointig_4_13410_14675 1265 -4 29006 14330 15595
	Sequence	-edge_40_2_+disjointig_4_18577_19403 826 -4 29006 9602 10428
	Sequence	-edge_40_3_+disjointig_4_23726_24552 826 -4 29006 4453 5279
Edge	80	6	6	1	0	0	166	-1
	Sequence	+edge_41_0_+disjointig_4_4729_5238 509 4 29006 4729 5238
	Sequence	+edge_41_1_+disjointig_4_9058_9572 514 4 29006 9058 9572
	Sequence	+edge_41_2_+disjointig_4_19403_19912 509 4 29006 19403 19912
	Sequence	+edge_41_3_+disjointig_4_24552_25397 845 4 29006 24552 25397
Edge	81	70	70	1	0	0	166	-1
	Sequence	-edge_41_0_+disjointig_4_4729_5238 509 -4 29006 23767 24276
	Sequence	-edge_41_1_+disjointig_4_9058_9572 514 -4 29006 19433 19947
	Sequence	-edge_41_2_+disjointig_4_19403_19912 509 -4 29006 9093 9602
	Sequence	-edge_41_3_+disjointig_4_24552_25397 845 -4 29006 3608 4453
Edge	82	6	6	1	0	0	2	-1
	Sequence	+edge_42_0_+disjointig_4_25397_26230 833 4 29006 25397 26230
Edge	83	70	70	1	0	0	2	-1
	Sequence	-edge_42_0_+disjointig_4_25397_26230 833 -4 29006 2775 3608
Edge	88	25	17	0	0	0	15	-1
	Sequence	+edge_45_0_+disjointig_1_52692_177926 125234 1 177939 52692 177926
Edge	89	68	9	0	0	0	15	-1
	Sequence	-edge_45_0_+disjointig_1_52692_177926 125234 -1 177939 12 125246
Edge	90	17	61	0	0	0	15	-1
	Sequence	+edge_46_0_+disjointig_1_30788_50010 19222 1 177939 30788 50010
Edge	91	46	68	0	0	0	15	-1
	Sequence	-edge_46_0_+disjointig_1_30788_50010 19222 -1 177939 127928 147150
Edge	92	15	30	0	0	0	29	-1
	Sequence	+edge_47_0_+disjointig_2_4930882_5016073 85191 2 5016080 4930882 5016073
Edge	93	5	64	0	0	0	29	-1
	Sequence	-edge_47_0_+disjointig_2_4930882_5016073 85191 -2 5016080 6 85197
Edge	94	30	27	0	0	0	27	-1
	Sequence	+edge_48_0_+disjointig_2_31453_276711 245258 2 5016080 31453 276711
Edge	95	11	5	0	0	0	27	-1
	Sequence	-edge_48_0_+disjointig_2_31453_276711 245258 -2 5016080 4739368 4984626
Edge	98	74	52	0	0	0	17	-1
	Sequence	+edge_50_0_-disjointig_3_41536_125450 83914 -3 187173 41536 125450
Edge	99	1	72	0	0	0	17	-1
	Sequence	-edge_50_0_-disjointig_3_41536_125450 83914 3 187173 61722 145636
Edge	100	6	49	1	0	0	709	-1
	Sequence	+edge_51_0_+disjointig_4_581_3904 3323 4 29006 581 3904
	Sequence	+edge_51_1_+disjointig_4_5747_9058 3311 4 29006 5747 9058
	Sequence	+edge_51_2_+disjointig_4_10087_13410 3323 4 29006 10087 13410
	Sequence	+edge_51_3_+disjointig_4_15254_18577 3323 4 29006 15254 18577
	Sequence	+edge_51_4_+disjointig_4_20421_23726 3305 4 29006 20421 23726
Edge	101	26	70	1	0	0	709	-1
	Sequence	-edge_51_0_+disjointig_4_581_3904 3323 -4 29006 25101 28424
	Sequence	-edge_51_1_+disjointig_4_5747_9058 3311 -4 29006 19947 23258
	Sequence	-edge_51_2_+disjointig_4_10087_13410 3323 -4 29006 15595 18918
	Sequence	-edge_51_3_+disjointig_4_15254_18577 3323 -4 29006 10428 13751
	Sequence	-edge_51_4_+disjointig_4_20421_23726 3305 -4 29006 5279 8584
Edge	102	0	4	0	0	0	22	-1
	Sequence	+edge_52_0_+7557b40f-164c-4004-9741-bf3f74e20d71_4703_7395 2692 * 0 0 0
Edge	103	8	3	0	0	0	22	-1
	Sequence	-edge_52_0_+7557b40f-164c-4004-9741-bf3f74e20d71_4703_7395 2692 * 0 0 0
Edge	104	61	25	0	0	0	15	-1
	Sequence	+edge_53_0_-aa6e2b0c-4bb2-47f6-b224-e88e011b72e2_3628_6317 2689 * 0 0 0
Edge	105	9	46	0	0	0	15	-1
	Sequence	-edge_53_0_-aa6e2b0c-4bb2-47f6-b224-e88e011b72e2_3628_6317 2689 * 0 0 0
Edge	106	79	31	0	0	0	22	-1
	Sequence	+edge_54_0_+28caf0ae-ba8f-4c2b-bdcd-360a6d1aa9d9_3146_6850 3704 * 0 0 0
Edge	107	32	33	0	0	0	22	-1
	Sequence	-edge_54_0_+28caf0ae-ba8f-4c2b-bdcd-360a6d1aa9d9_3146_6850 3704 * 0 0 0
Edge	108	34	35	0	0	0	34	-1
	Sequence	+edge_55_0_+1dc5674b-64ec-4557-a884-051ad6f42138_12562_16286 3724 * 0 0 0
Edge	109	18	37	0	0	0	34	-1
	Sequence	-edge_55_0_+1dc5674b-64ec-4557-a884-051ad6f42138_12562_16286 3724 * 0 0 0
Edge	110	24	19	0	0	0	33	-1
	Sequence	+edge_56_0_-958c2162-f1b1-4cab-b5c7-65edced21032_16031_19737 3706 * 0 0 0
Edge	111	38	13	0	0	0	33	-1
	Sequence	-edge_56_0_-958c2162-f1b1-4cab-b5c7-65edced21032_16031_19737 3706 * 0 0 0
Edge	112	23	39	0	0	0	26	-1
	Sequence	+edge_57_0_-3cd0f099-0027-4e89-ab65-ff377685fd52_4530_6824 2294 * 0 0 0
Edge	113	40	16	0	0	0	26	-1
	Sequence	-edge_57_0_-3cd0f099-0027-4e89-ab65-ff377685fd52_4530_6824 2294 * 0 0 0
Edge	114	41	45	0	0	0	29	-1
	Sequence	+edge_58_0_-cc0f8953-8a15-487e-8df9-68af3f451e15_10051_12322 2271 * 0 0 0
Edge	115	28	47	0	0	0	29	-1
	Sequence	-edge_58_0_-cc0f8953-8a15-487e-8df9-68af3f451e15_10051_12322 2271 * 0 0 0
Edge	116	56	57	0	0	0	31	-1
	Sequence	+edge_59_0_-dc6f388d-654b-4812-b208-950ef6eb0ee7_9131_14445 5314 * 0 0 0
Edge	117	59	7	0	0	0	31	-1
	Sequence	-edge_59_0_-dc6f388d-654b-4812-b208-950ef6eb0ee7_9131_14445 5314 * 0 0 0
Edge	118	60	29	0	0	0	25	-1
	Sequence	+edge_60_0_+927cddf4-e372-4138-a01e-3e63718e3e6c_2067_8299 6232 * 0 0 0
Edge	119	48	22	0	0	0	25	-1
	Sequence	-edge_60_0_+927cddf4-e372-4138-a01e-3e63718e3e6c_2067_8299 6232 * 0 0 0
Edge	120	36	50	0	0	0	25	-1
	Sequence	+edge_61_0_+b2a198ca-68cf-4321-a824-356acfb3b90e_4119_9528 5409 * 0 0 0
Edge	121	62	63	0	0	0	25	-1
	Sequence	-edge_61_0_+b2a198ca-68cf-4321-a824-356acfb3b90e_4119_9528 5409 * 0 0 0
Edge	122	43	15	0	0	0	28	-1
	Sequence	+edge_62_0_+a5a832b0-a07f-446d-a4ad-0ef47f9c5a56_703_5293 4590 * 0 0 0
Edge	123	64	66	0	0	0	28	-1
	Sequence	-edge_62_0_+a5a832b0-a07f-446d-a4ad-0ef47f9c5a56_703_5293 4590 * 0 0 0
Edge	124	67	21	0	0	0	34	-1
	Sequence	+edge_63_0_-0a2d723f-59ae-47ca-868a-ca5e35fa8e44_4801_11737 6936 * 0 0 0
Edge	125	71	73	0	0	0	34	-1
	Sequence	-edge_63_0_-0a2d723f-59ae-47ca-868a-ca5e35fa8e44_4801_11737 6936 * 0 0 0
Edge	126	69	14	0	0	0	34	-1
	Sequence	+edge_64_0_+cd37dcc1-293a-41b2-abfd-820f681f1f21_1027_6368 5341 * 0 0 0
Edge	127	75	58	0	0	0	34	-1
	Sequence	-edge_64_0_+cd37dcc1-293a-41b2-abfd-820f681f1f21_1027_6368 5341 * 0 0 0
Edge	128	55	76	0	0	0	30	-1
	Sequence	+edge_65_0_+0f0cb1bf-56d3-4ec0-97af-0e5e8ebcf878_1052_6301 5249 * 0 0 0
Edge	129	10	77	0	0	0	30	-1
	Sequence	-edge_65_0_+0f0cb1bf-56d3-4ec0-97af-0e5e8ebcf878_1052_6301 5249 * 0 0 0
Edge	130	27	78	0	0	0	25	-1
	Sequence	+edge_66_0_-bb6c16ef-4ba0-44eb-983b-b50af3639735_3791_10639 6848 * 0 0 0
Edge	131	80	11	0	0	0	25	-1
	Sequence	-edge_66_0_-bb6c16ef-4ba0-44eb-983b-b50af3639735_3791_10639 6848 * 0 0 0
Edge	132	42	81	0	0	0	23	-1
	Sequence	+edge_67_0_-8c611b3c-4992-41bc-aebf-d7a3e709aa91_9305_12898 3593 * 0 0 0
Edge	133	65	20	0	0	0	23	-1
	Sequence	-edge_67_0_-8c611b3c-4992-41bc-aebf-d7a3e709aa91_9305_12898 3593 * 0 0 0
Edge	134	83	82	0	0	0	35	-1
	Sequence	+edge_68_0_-4490e825-7d3b-4ed8-bcdb-7ec0c3d14198_7566_12904 5338 * 0 0 0
Edge	135	12	44	0	0	0	35	-1
	Sequence	-edge_68_0_-4490e825-7d3b-4ed8-bcdb-7ec0c3d14198_7566_12904 5338 * 0 0 0
