Edge	12	63	53	0	0	0	52	-1
	Sequence	+edge_7_0_+disjointig_2_1381369_1490531 109162 2 5130012 1381369 1490531
Edge	13	24	10	0	0	0	52	-1
	Sequence	-edge_7_0_+disjointig_2_1381369_1490531 109162 -2 5130012 3639480 3748642
Edge	14	27	61	0	0	0	48	-1
	Sequence	+edge_8_0_+disjointig_2_1495864_1621652 125788 2 5130012 1495864 1621652
Edge	15	12	52	0	0	0	48	-1
	Sequence	-edge_8_0_+disjointig_2_1495864_1621652 125788 -2 5130012 3508359 3634147
Edge	16	11	3	0	0	0	48	-1
	Sequence	+edge_9_0_+disjointig_2_1626903_1661751 34848 2 5130012 1626903 1661751
Edge	17	4	33	0	0	0	48	-1
	Sequence	-edge_9_0_+disjointig_2_1626903_1661751 34848 -2 5130012 3468260 3503108
Edge	18	35	71	0	0	0	42	-1
	Sequence	+edge_10_0_+disjointig_2_2541918_3722321 1180403 2 5130012 2541918 3722321
Edge	19	55	29	0	0	0	42	-1
	Sequence	-edge_10_0_+disjointig_2_2541918_3722321 1180403 -2 5130012 1407690 2588093
Edge	20	13	22	0	0	0	50	-1
	Sequence	+edge_11_0_+disjointig_2_1667080_1959906 292826 2 5130012 1667080 1959906
Edge	21	25	5	0	0	0	50	-1
	Sequence	-edge_11_0_+disjointig_2_1667080_1959906 292826 -2 5130012 3170105 3462931
Edge	22	36	19	0	0	0	50	-1
	Sequence	+edge_12_0_-disjointig_2_4273103_4650815 377712 -2 5130012 4273103 4650815
Edge	23	20	64	0	0	0	50	-1
	Sequence	-edge_12_0_-disjointig_2_4273103_4650815 377712 2 5130012 479196 856908
Edge	26	6	0	0	0	0	53	-1
	Sequence	+edge_14_0_+disjointig_2_862160_1376026 513866 2 5130012 862160 1376026
Edge	27	1	40	0	0	0	53	-1
	Sequence	-edge_14_0_+disjointig_2_862160_1376026 513866 -2 5130012 3753985 4267851
Edge	28	7	42	0	0	0	44	-1
	Sequence	+edge_15_0_+disjointig_2_40890_231561 190671 2 5130012 40890 231561
Edge	29	47	9	0	0	0	44	-1
	Sequence	-edge_15_0_+disjointig_2_40890_231561 190671 -2 5130012 4898450 5089121
Edge	30	69	73	0	0	0	45	-1
	Sequence	+edge_16_0_-disjointig_2_2593337_3011462 418125 -2 5130012 2593337 3011462
Edge	31	51	2	0	0	0	45	-1
	Sequence	-edge_16_0_-disjointig_2_2593337_3011462 418125 2 5130012 2118549 2536674
Edge	34	48	46	0	0	0	31	-1
	Sequence	+edge_18_0_-disjointig_2_4892428_4896315 3887 -2 5130012 4892428 4896315
Edge	35	44	50	0	0	0	31	-1
	Sequence	-edge_18_0_-disjointig_2_4892428_4896315 3887 2 5130012 233696 237583
Edge	36	23	57	0	0	0	36	-1
	Sequence	+edge_19_0_+disjointig_2_239719_249852 10133 2 5130012 239719 249852
Edge	37	58	34	0	0	0	36	-1
	Sequence	-edge_19_0_+disjointig_2_239719_249852 10133 -2 5130012 4880159 4890292
Edge	40	62	68	0	0	0	49	-1
	Sequence	+edge_21_0_-disjointig_2_615973_640690 24717 -2 5130012 615973 640690
Edge	41	45	43	0	0	0	49	-1
	Sequence	-edge_21_0_-disjointig_2_615973_640690 24717 2 5130012 4489321 4514038
Edge	42	59	49	0	0	0	47	-1
	Sequence	+edge_22_0_+disjointig_2_252429_476671 224242 2 5130012 252429 476671
Edge	43	18	60	0	0	0	47	-1
	Sequence	-edge_22_0_+disjointig_2_252429_476671 224242 -2 5130012 4653340 4877582
Edge	44	30	72	0	0	0	42	-1
	Sequence	+edge_23_0_+disjointig_2_3724900_4486795 761895 2 5130012 3724900 4486795
Edge	45	70	26	0	0	0	42	-1
	Sequence	-edge_23_0_+disjointig_2_3724900_4486795 761895 -2 5130012 643216 1405111
Edge	48	21	56	0	0	0	50	-1
	Sequence	+edge_25_0_+disjointig_2_1962432_2116024 153592 2 5130012 1962432 2116024
Edge	49	38	54	0	0	0	50	-1
	Sequence	-edge_25_0_+disjointig_2_1962432_2116024 153592 -2 5130012 3013987 3167579
Edge	56	39	39	1	0	0	10	-1
	Sequence	+edge_29_0_+disjointig_5_855_3952 3097 4 6576 855 3952
	Sequence	+edge_29_1_+disjointig_5_3952_6567 2615 4 6576 3952 6567
Edge	57	41	41	1	0	0	10	-1
	Sequence	-edge_29_0_+disjointig_5_855_3952 3097 -4 6576 2623 5720
	Sequence	-edge_29_1_+disjointig_5_3952_6567 2615 -4 6576 8 2623
Edge	58	66	66	0	0	0	428	-1
	Sequence	+edge_30_0_+disjointig_1_6794_22273 15479 1 38477 6794 22273
	Sequence	+edge_30_1_+disjointig_1_22273_37762 15489 1 38477 22273 37762
Edge	59	31	31	0	0	0	428	-1
	Sequence	-edge_30_0_+disjointig_1_6794_22273 15479 -1 38477 16203 31682
	Sequence	-edge_30_1_+disjointig_1_22273_37762 15489 -1 38477 714 16203
Edge	60	65	32	0	0	0	42	-1
	Sequence	+edge_31_0_+disjointig_2_4516615_5130009 613394 2 5130012 4516615 5130009
Edge	61	28	67	0	0	0	42	-1
	Sequence	-edge_31_0_+disjointig_2_4516615_5130009 613394 -2 5130012 2 613396
Edge	62	32	8	0	0	0	42	-1
	Sequence	+edge_32_0_+disjointig_2_25865_35547 9682 2 5130012 25865 35547
Edge	63	37	28	0	0	0	42	-1
	Sequence	-edge_32_0_+disjointig_2_25865_35547 9682 -2 5130012 5094464 5104146
Edge	66	14	15	0	0	0	30	-1
	Sequence	+edge_34_0_+disjointig_3_42760_162030 119270 3 178259 42760 162030
Edge	67	16	17	0	0	0	30	-1
	Sequence	-edge_34_0_+disjointig_3_42760_162030 119270 -3 178259 16228 135498
Edge	68	42	44	0	0	0	37	-1
	Sequence	+edge_35_0_+7106c760-fdbd-4a52-8ade-204023b0a618_5792_7927 2135 * 0 0 0
Edge	69	46	47	0	0	0	37	-1
	Sequence	-edge_35_0_+7106c760-fdbd-4a52-8ade-204023b0a618_5792_7927 2135 * 0 0 0
Edge	70	50	23	0	0	0	33	-1
	Sequence	+edge_36_0_-b9f8f8da-8410-4875-ba25-1f4fe5236b8b_11391_13527 2136 * 0 0 0
Edge	71	34	48	0	0	0	33	-1
	Sequence	-edge_36_0_-b9f8f8da-8410-4875-ba25-1f4fe5236b8b_11391_13527 2136 * 0 0 0
Edge	72	71	30	0	0	0	42	-1
	Sequence	+edge_37_0_-0c7b15ee-d6fb-47d2-aeec-a52b91316a38_3133_5724 2591 * 0 0 0
Edge	73	26	55	0	0	0	42	-1
	Sequence	-edge_37_0_-0c7b15ee-d6fb-47d2-aeec-a52b91316a38_3133_5724 2591 * 0 0 0
Edge	74	57	59	0	0	0	41	-1
	Sequence	+edge_38_0_-35bba14e-ba8e-4f2c-80ac-8ef57b6fe0bd_703_3295 2592 * 0 0 0
Edge	75	60	58	0	0	0	41	-1
	Sequence	-edge_38_0_-35bba14e-ba8e-4f2c-80ac-8ef57b6fe0bd_703_3295 2592 * 0 0 0
Edge	76	43	65	0	0	0	45	-1
	Sequence	+edge_39_0_+61e014c2-7e9e-4164-aada-478e6dd251c6_18993_21590 2597 * 0 0 0
Edge	77	67	62	0	0	0	45	-1
	Sequence	-edge_39_0_+61e014c2-7e9e-4164-aada-478e6dd251c6_18993_21590 2597 * 0 0 0
Edge	78	68	70	0	0	0	45	-1
	Sequence	+edge_40_0_+50972fbb-5b90-449a-825a-19c5a696bda1_2936_5480 2544 * 0 0 0
Edge	79	72	45	0	0	0	45	-1
	Sequence	-edge_40_0_+50972fbb-5b90-449a-825a-19c5a696bda1_2936_5480 2544 * 0 0 0
Edge	80	56	51	0	0	0	47	-1
	Sequence	+edge_41_0_+e8b61c49-e765-4919-bdcd-6ae3698fc915_524_3069 2545 * 0 0 0
Edge	81	73	38	0	0	0	47	-1
	Sequence	-edge_41_0_+e8b61c49-e765-4919-bdcd-6ae3698fc915_524_3069 2545 * 0 0 0
Edge	82	54	25	0	0	0	50	-1
	Sequence	+edge_42_0_+ba7e66be-e0fd-4db5-81af-ac62afdf6bc7_1960_4499 2539 * 0 0 0
Edge	83	22	21	0	0	0	50	-1
	Sequence	-edge_42_0_+ba7e66be-e0fd-4db5-81af-ac62afdf6bc7_1960_4499 2539 * 0 0 0
Edge	84	49	20	0	0	0	48	-1
	Sequence	+edge_43_0_-742abdc7-df98-4deb-9824-520f16f7c11f_4639_7198 2559 * 0 0 0
Edge	85	19	18	0	0	0	48	-1
	Sequence	-edge_43_0_-742abdc7-df98-4deb-9824-520f16f7c11f_4639_7198 2559 * 0 0 0
Edge	86	17	16	0	0	0	30	-1
	Sequence	+edge_44_0_+ac0eed91-651e-4c80-86ab-1c44a42ade9f_13261_15789 2528 * 0 0 0
Edge	87	15	14	0	0	0	30	-1
	Sequence	-edge_44_0_+ac0eed91-651e-4c80-86ab-1c44a42ade9f_13261_15789 2528 * 0 0 0
Edge	88	33	12	0	0	0	48	-1
	Sequence	+edge_45_0_+c6260325-423b-41b9-ab59-83612b96eb6b_3967_9215 5248 * 0 0 0
Edge	89	61	11	0	0	0	48	-1
	Sequence	-edge_45_0_+c6260325-423b-41b9-ab59-83612b96eb6b_3967_9215 5248 * 0 0 0
Edge	90	9	37	0	0	0	43	-1
	Sequence	+edge_46_0_-99f1c7ee-59e9-4adb-841f-11d4cae6d440_4937_10281 5344 * 0 0 0
Edge	91	8	7	0	0	0	43	-1
	Sequence	-edge_46_0_-99f1c7ee-59e9-4adb-841f-11d4cae6d440_4937_10281 5344 * 0 0 0
Edge	92	64	6	0	0	0	51	-1
	Sequence	+edge_47_0_+83f9fcb1-661d-49dc-804b-168827ab5730_8077_13327 5250 * 0 0 0
Edge	93	40	36	0	0	0	51	-1
	Sequence	-edge_47_0_+83f9fcb1-661d-49dc-804b-168827ab5730_8077_13327 5250 * 0 0 0
Edge	94	5	4	0	0	0	49	-1
	Sequence	+edge_48_0_+33f96dcd-4502-4dc5-b210-3041fa9d7cc3_2136_7465 5329 * 0 0 0
Edge	95	3	13	0	0	0	49	-1
	Sequence	-edge_48_0_+33f96dcd-4502-4dc5-b210-3041fa9d7cc3_2136_7465 5329 * 0 0 0
Edge	96	2	35	0	0	0	43	-1
	Sequence	+edge_49_0_-014c38ad-8c6c-4ed2-89df-337dae1a6493_2255_7496 5241 * 0 0 0
Edge	97	29	69	0	0	0	43	-1
	Sequence	-edge_49_0_-014c38ad-8c6c-4ed2-89df-337dae1a6493_2255_7496 5241 * 0 0 0
Edge	98	53	27	0	0	0	50	-1
	Sequence	+edge_50_0_-e6e994e4-a8bf-4f84-ab3b-dfbc404e0077_4406_9735 5329 * 0 0 0
Edge	99	52	24	0	0	0	50	-1
	Sequence	-edge_50_0_-e6e994e4-a8bf-4f84-ab3b-dfbc404e0077_4406_9735 5329 * 0 0 0
Edge	100	10	1	0	0	0	52	-1
	Sequence	+edge_51_0_+9f7a0640-e7c4-49b6-ac16-3b7f69a4256d_2681_8022 5341 * 0 0 0
Edge	101	0	63	0	0	0	52	-1
	Sequence	-edge_51_0_+9f7a0640-e7c4-49b6-ac16-3b7f69a4256d_2681_8022 5341 * 0 0 0
