Chain
	Aln	8	+81526860-5141-47f7-9f96-eca1b5d84c1d 1175 2590 2600 +edge_5_0_+disjointig_5_0_2292 6 1421 2292 -1 -1 1376 0.00239147
Chain
	Aln	9	-81526860-5141-47f7-9f96-eca1b5d84c1d 9 1424 2600 -edge_5_0_+disjointig_5_0_2292 870 2285 2292 -1 -1 1376 0.00239147
Chain
	Aln	5	+12e0ad68-08d9-4ed5-88f1-d15faa1fb251 11 3599 3607 -edge_3_0_+disjointig_3_0_3630 10 3622 3630 -1 -1 3450 0.00566113
Chain
	Aln	4	-12e0ad68-08d9-4ed5-88f1-d15faa1fb251 7 3595 3607 +edge_3_0_+disjointig_3_0_3630 7 3619 3630 -1 -1 3450 0.00566113
Chain
	Aln	4	+a93d09d5-c50e-48f3-9a00-bce75f8d99f8 93 3693 3698 +edge_3_0_+disjointig_3_0_3630 7 3607 3630 -1 -1 3560 0.00294537
Chain
	Aln	5	-a93d09d5-c50e-48f3-9a00-bce75f8d99f8 4 3604 3698 -edge_3_0_+disjointig_3_0_3630 22 3622 3630 -1 -1 3560 0.00294537
Chain
	Aln	11	+6f67c856-0202-4ae6-9500-df55bbfbc3bf 9 4927 4930 -edge_6_0_+disjointig_6_0_9677 4748 9674 9677 -1 -1 4640 0.0063249
Chain
	Aln	10	-6f67c856-0202-4ae6-9500-df55bbfbc3bf 2 4920 4930 +edge_6_0_+disjointig_6_0_9677 2 4928 9677 -1 -1 4640 0.0063249
Chain
	Aln	6	+4d3818dd-d8ae-4caa-9a5c-149b844ab7e1 1 10588 10593 +edge_4_0_+disjointig_4_0_10613 1 10592 10613 -1 -1 10427 0.000575224
Chain
	Aln	7	-4d3818dd-d8ae-4caa-9a5c-149b844ab7e1 4 10591 10593 -edge_4_0_+disjointig_4_0_10613 20 10611 10613 -1 -1 10427 0.000575224
Chain
	Aln	7	+a7fa5566-36bc-402f-befc-bac3582c53f6 18 7059 7103 -edge_4_0_+disjointig_4_0_10613 20 7077 10613 -1 -1 6888 0.00181277
Chain
	Aln	6	-a7fa5566-36bc-402f-befc-bac3582c53f6 43 7084 7103 +edge_4_0_+disjointig_4_0_10613 3535 10592 10613 -1 -1 6888 0.00181277
Chain
	Aln	1	+34b84805-3f6b-46d4-938e-431293e6f144 1375 3270 3273 -edge_1_0_+disjointig_1_0_12243 10341 12240 12243 -1 -1 1802 0.00515363
Chain
	Aln	0	-34b84805-3f6b-46d4-938e-431293e6f144 2 1897 3273 +edge_1_0_+disjointig_1_0_12243 2 1901 12243 -1 -1 1802 0.00515363
Chain
	Aln	2	+e4de07a1-f371-4dcd-bf6a-3f296325aa9f 5 3156 4360 +edge_2_0_+disjointig_2_0_3436 278 3428 3436 -1 -1 3038 0.00522995
Chain
	Aln	3	-e4de07a1-f371-4dcd-bf6a-3f296325aa9f 1203 4354 4360 -edge_2_0_+disjointig_2_0_3436 7 3157 3436 -1 -1 3038 0.00522995
Chain
	Aln	0	+37db361a-9e4d-4465-8a03-ce5a22d16ee4 19 1295 4344 +edge_1_0_+disjointig_1_0_12243 610 1901 12243 -1 -1 1138 0.0137599
Chain
	Aln	1	-37db361a-9e4d-4465-8a03-ce5a22d16ee4 3048 4324 4344 -edge_1_0_+disjointig_1_0_12243 10341 11632 12243 -1 -1 1138 0.0137599
Chain
	Aln	9	+ea5e8e96-a91f-4d63-b9ba-626754540c0f 15 2288 2295 -edge_5_0_+disjointig_5_0_2292 14 2285 2292 -1 -1 2200 0.00377177
Chain
	Aln	8	-ea5e8e96-a91f-4d63-b9ba-626754540c0f 6 2279 2295 +edge_5_0_+disjointig_5_0_2292 6 2277 2292 -1 -1 2200 0.00377177
Chain
	Aln	3	+033707ea-af1b-4568-98d3-db49a4f2c729 13 3345 3406 -edge_2_0_+disjointig_2_0_3436 12 3374 3436 -1 -1 3117 0.00848191
Chain
	Aln	2	-033707ea-af1b-4568-98d3-db49a4f2c729 60 3392 3406 +edge_2_0_+disjointig_2_0_3436 61 3423 3436 -1 -1 3117 0.00848191
Chain
	Aln	0	+fb37e284-2c54-43f2-a030-0f0fb2c9b660 2913 14737 14748 +edge_1_0_+disjointig_1_0_12243 406 12233 12243 -1 -1 11766 0.000786942
Chain
	Aln	1	-fb37e284-2c54-43f2-a030-0f0fb2c9b660 10 11834 14748 -edge_1_0_+disjointig_1_0_12243 9 11836 12243 -1 -1 11766 0.000786942
Chain
	Aln	10	+b3b2b3eb-df00-4647-bfbf-dcc9c67a23eb 5 5651 8674 +edge_6_0_+disjointig_6_0_9677 4023 9667 9677 -1 -1 5338 0.0056925
Chain
	Aln	11	-b3b2b3eb-df00-4647-bfbf-dcc9c67a23eb 3022 8668 8674 -edge_6_0_+disjointig_6_0_9677 9 5653 9677 -1 -1 5338 0.0056925
Chain
	Aln	11	+aa890d57-43cf-4604-adce-9e41febfffd1 16 9916 16806 -edge_6_0_+disjointig_6_0_9677 15 9676 9677 -1 -1 8648 0.0113896
Chain
	Aln	0	+aa890d57-43cf-4604-adce-9e41febfffd1 13466 14975 16806 +edge_1_0_+disjointig_1_0_12243 406 1910 12243 -1 -1 889 0.0556979
Chain
	Aln	10	-aa890d57-43cf-4604-adce-9e41febfffd1 6889 16789 16806 +edge_6_0_+disjointig_6_0_9677 0 9661 9677 -1 -1 8648 0.0113896
Chain
	Aln	1	-aa890d57-43cf-4604-adce-9e41febfffd1 1830 3339 16806 -edge_1_0_+disjointig_1_0_12243 10332 11836 12243 -1 -1 889 0.0556979
