Edge	6	616	367	0	0	0	5	-1
	Sequence	+edge_4_0_+disjointig_10_0_20168 20168 2 20169 0 20168
Edge	7	283	257	0	0	0	5	-1
	Sequence	-edge_4_0_+disjointig_10_0_20168 20168 -2 20169 0 20168
Edge	12	290	322	0	0	0	3	-1
	Sequence	+edge_7_0_+disjointig_102_0_4943 4943 5 4944 0 4943
Edge	13	295	328	0	0	0	3	-1
	Sequence	-edge_7_0_+disjointig_102_0_4943 4943 -5 4944 0 4943
Edge	14	151	25	0	0	0	3	-1
	Sequence	+edge_8_0_+disjointig_103_0_7543 7543 6 10680 0 7543
Edge	15	24	562	0	0	0	3	-1
	Sequence	-edge_8_0_+disjointig_103_0_7543 7543 -6 10680 3136 10679
Edge	16	303	342	0	0	1	21	-1
	Sequence	+edge_9_0_+disjointig_103_7543_9000 1457 6 10680 7543 9000
	Sequence	+edge_9_1_-disjointig_20_5873_7328 1455 -106 27802 5873 7328
	Sequence	+edge_9_2_+disjointig_7_2707_4165 1458 286 6214 2707 4165
	Sequence	+edge_9_3_+disjointig_72_3626_5086 1460 289 10407 3626 5086
	Sequence	+edge_9_4_-disjointig_8_4529_5986 1457 -297 18522 4529 5986
Edge	17	274	451	0	0	1	21	-1
	Sequence	-edge_9_0_+disjointig_103_7543_9000 1457 -6 10680 1679 3136
	Sequence	-edge_9_1_-disjointig_20_5873_7328 1455 106 27802 20473 21928
	Sequence	-edge_9_2_+disjointig_7_2707_4165 1458 -286 6214 2048 3506
	Sequence	-edge_9_3_+disjointig_72_3626_5086 1460 -289 10407 5320 6780
	Sequence	-edge_9_4_-disjointig_8_4529_5986 1457 297 18522 12535 13992
Edge	20	451	86	0	0	0	4	-1
	Sequence	+edge_11_0_-disjointig_7_3506_6213 2707 -286 6214 3506 6213
Edge	21	87	303	0	0	0	4	-1
	Sequence	-edge_11_0_-disjointig_7_3506_6213 2707 286 6214 0 2707
Edge	22	541	82	0	0	0	3	-1
	Sequence	+edge_12_0_-disjointig_72_6780_10406 3626 -289 10407 6780 10406
Edge	23	83	21	0	0	0	3	-1
	Sequence	-edge_12_0_-disjointig_72_6780_10406 3626 289 10407 0 3626
Edge	24	416	63	0	0	0	3	-1
	Sequence	+edge_13_0_+disjointig_8_13992_18521 4529 297 18522 13992 18521
Edge	25	62	521	0	0	0	3	-1
	Sequence	-edge_13_0_+disjointig_8_13992_18521 4529 -297 18522 0 4529
Edge	26	206	178	0	0	0	5	-1
	Sequence	+edge_14_0_+disjointig_103_9000_10679 1679 6 10680 9000 10679
Edge	27	372	326	0	0	0	5	-1
	Sequence	-edge_14_0_+disjointig_103_9000_10679 1679 -6 10680 0 1679
Edge	32	280	81	0	0	0	4	-1
	Sequence	+edge_17_0_+disjointig_72_5086_10406 5320 289 10407 5086 10406
Edge	33	80	509	0	0	0	4	-1
	Sequence	-edge_17_0_+disjointig_72_5086_10406 5320 -289 10407 0 5320
Edge	34	23	195	0	0	0	4	-1
	Sequence	+edge_18_0_-disjointig_8_5986_18521 12535 -297 18522 5986 18521
Edge	35	64	22	0	0	0	4	-1
	Sequence	-edge_18_0_-disjointig_8_5986_18521 12535 297 18522 0 12535
Edge	36	249	349	0	0	0	3	-1
	Sequence	+edge_19_0_+disjointig_104_0_20017 20017 7 20018 0 20017
Edge	37	353	320	0	0	0	3	-1
	Sequence	-edge_19_0_+disjointig_104_0_20017 20017 -7 20018 0 20017
Edge	38	388	352	0	0	0	4	-1
	Sequence	+edge_20_0_+disjointig_105_0_37299 37299 8 37300 0 37299
Edge	39	485	458	0	0	0	4	-1
	Sequence	-edge_20_0_+disjointig_105_0_37299 37299 -8 37300 0 37299
Edge	42	359	301	0	0	0	3	-1
	Sequence	+edge_22_0_+disjointig_107_0_25761 25761 10 25762 0 25761
Edge	43	361	363	0	0	0	3	-1
	Sequence	-edge_22_0_+disjointig_107_0_25761 25761 -10 25762 0 25761
Edge	46	309	291	0	0	0	4	-1
	Sequence	+edge_24_0_+disjointig_109_0_11803 11803 12 11804 0 11803
Edge	47	332	409	0	0	0	4	-1
	Sequence	-edge_24_0_+disjointig_109_0_11803 11803 -12 11804 0 11803
Edge	48	307	343	0	0	0	3	-1
	Sequence	+edge_25_0_+disjointig_11_0_10209 10209 13 10210 0 10209
Edge	49	369	374	0	0	0	3	-1
	Sequence	-edge_25_0_+disjointig_11_0_10209 10209 -13 10210 0 10209
Edge	50	311	379	0	0	0	4	-1
	Sequence	+edge_26_0_+disjointig_110_0_5900 5900 14 5901 0 5900
Edge	51	141	247	0	0	0	4	-1
	Sequence	-edge_26_0_+disjointig_110_0_5900 5900 -14 5901 0 5900
Edge	56	270	284	0	0	0	17	-1
	Sequence	+edge_29_0_+disjointig_112_2949_4217 1268 16 16690 2949 4217
	Sequence	+edge_29_1_-disjointig_12_4709_5975 1266 -24 11623 4709 5975
	Sequence	+edge_29_2_+disjointig_14_13902_15170 1268 44 31788 13902 15170
	Sequence	+edge_29_3_+disjointig_177_2493_3758 1265 81 16925 2493 3758
	Sequence	+edge_29_4_-disjointig_301_11785_13061 1276 -218 16436 11785 13061
	Sequence	+edge_29_5_+disjointig_49_8_1273 1265 264 20011 8 1273
Edge	57	607	436	0	0	0	17	-1
	Sequence	-edge_29_0_+disjointig_112_2949_4217 1268 -16 16690 12472 13740
	Sequence	-edge_29_1_-disjointig_12_4709_5975 1266 24 11623 5647 6913
	Sequence	-edge_29_2_+disjointig_14_13902_15170 1268 -44 31788 16617 17885
	Sequence	-edge_29_3_+disjointig_177_2493_3758 1265 -81 16925 13166 14431
	Sequence	-edge_29_4_-disjointig_301_11785_13061 1276 218 16436 3374 4650
	Sequence	-edge_29_5_+disjointig_49_8_1273 1265 -264 20011 18737 20002
Edge	58	16	319	0	0	0	3	-1
	Sequence	+edge_30_0_+disjointig_12_6913_11622 4709 24 11623 6913 11622
Edge	59	232	15	0	0	0	3	-1
	Sequence	-edge_30_0_+disjointig_12_6913_11622 4709 -24 11623 0 4709
Edge	66	14	394	0	0	0	3	-1
	Sequence	+edge_34_0_+disjointig_112_4217_16689 12472 16 16690 4217 16689
Edge	67	310	612	0	0	0	3	-1
	Sequence	-edge_34_0_+disjointig_112_4217_16689 12472 -16 16690 0 12472
Edge	68	13	330	0	0	0	3	-1
	Sequence	+edge_35_0_-disjointig_12_5975_11622 5647 -24 11623 5975 11622
Edge	69	335	12	0	0	0	3	-1
	Sequence	-edge_35_0_-disjointig_12_5975_11622 5647 24 11623 0 5647
Edge	70	162	425	0	0	0	3	-1
	Sequence	+edge_36_0_+disjointig_14_15170_31787 16617 44 31788 15170 31787
Edge	71	426	11	0	0	0	3	-1
	Sequence	-edge_36_0_+disjointig_14_15170_31787 16617 -44 31788 0 16617
Edge	74	284	205	0	0	0	2	-1
	Sequence	+edge_38_0_+disjointig_49_1273_2346 1073 264 20011 1273 2346
Edge	75	5	607	0	0	0	2	-1
	Sequence	-edge_38_0_+disjointig_49_1273_2346 1073 -264 20011 17664 18737
Edge	76	575	579	0	0	0	3	-1
	Sequence	+edge_39_0_-disjointig_301_13061_16435 3374 -218 16436 13061 16435
Edge	77	496	10	0	0	0	3	-1
	Sequence	-edge_39_0_-disjointig_301_13061_16435 3374 218 16436 0 3374
Edge	78	264	263	0	0	0	3	-1
	Sequence	+edge_40_0_+disjointig_113_0_8453 8453 17 8454 0 8453
Edge	79	262	580	0	0	0	3	-1
	Sequence	-edge_40_0_+disjointig_113_0_8453 8453 -17 8454 0 8453
Edge	84	282	250	0	0	0	3	-1
	Sequence	+edge_43_0_+disjointig_116_0_8537 8537 20 8538 0 8537
Edge	85	248	241	0	0	0	3	-1
	Sequence	-edge_43_0_+disjointig_116_0_8537 8537 -20 8538 0 8537
Edge	96	446	231	0	0	0	3	-1
	Sequence	+edge_49_0_+disjointig_120_0_5718 5718 25 5719 0 5718
Edge	97	448	229	0	0	0	3	-1
	Sequence	-edge_49_0_+disjointig_120_0_5718 5718 -25 5719 0 5718
Edge	102	227	305	0	0	0	4	-1
	Sequence	+edge_52_0_+disjointig_123_0_17590 17590 28 17591 0 17590
Edge	103	333	370	0	0	0	4	-1
	Sequence	-edge_52_0_+disjointig_123_0_17590 17590 -28 17591 0 17590
Edge	106	217	346	0	0	0	5	-1
	Sequence	+edge_54_0_+disjointig_125_0_13260 13260 30 13261 0 13260
Edge	107	382	387	0	0	0	5	-1
	Sequence	-edge_54_0_+disjointig_125_0_13260 13260 -30 13261 0 13260
Edge	110	266	327	0	0	0	6	-1
	Sequence	+edge_56_0_+disjointig_127_0_7260 7260 32 7261 0 7260
Edge	111	393	483	0	0	0	6	-1
	Sequence	-edge_56_0_+disjointig_127_0_7260 7260 -32 7261 0 7260
Edge	112	255	395	0	0	0	4	-1
	Sequence	+edge_57_0_+disjointig_129_0_4247 4247 33 4248 0 4247
Edge	113	454	253	0	0	0	4	-1
	Sequence	-edge_57_0_+disjointig_129_0_4247 4247 -33 4248 0 4247
Edge	118	210	403	0	0	0	3	-1
	Sequence	+edge_60_0_+disjointig_131_0_25925 25925 36 25926 0 25925
Edge	119	316	294	0	0	0	3	-1
	Sequence	-edge_60_0_+disjointig_131_0_25925 25925 -36 25926 0 25925
Edge	128	202	125	0	0	0	3	-1
	Sequence	+edge_65_0_+disjointig_137_0_9196 9196 41 9197 0 9196
Edge	129	325	442	0	0	0	3	-1
	Sequence	-edge_65_0_+disjointig_137_0_9196 9196 -41 9197 0 9196
Edge	130	441	415	0	0	0	3	-1
	Sequence	+edge_66_0_+disjointig_138_0_38214 38214 42 38215 0 38214
Edge	131	412	589	0	0	0	3	-1
	Sequence	-edge_66_0_+disjointig_138_0_38214 38214 -42 38215 0 38214
Edge	132	528	378	0	0	0	3	-1
	Sequence	+edge_67_0_+disjointig_139_0_8253 8253 43 8254 0 8253
Edge	133	198	405	0	0	0	3	-1
	Sequence	-edge_67_0_+disjointig_139_0_8253 8253 -43 8254 0 8253
Edge	138	155	90	0	0	0	3	-1
	Sequence	+edge_70_0_-disjointig_67_10521_41118 30597 -283 41119 10521 41118
Edge	139	595	453	0	0	0	3	-1
	Sequence	-edge_70_0_-disjointig_67_10521_41118 30597 283 41119 0 30597
Edge	140	407	397	0	0	0	3	-1
	Sequence	+edge_71_0_+disjointig_140_0_13641 13641 45 13642 0 13641
Edge	141	245	381	0	0	0	3	-1
	Sequence	-edge_71_0_+disjointig_140_0_13641 13641 -45 13642 0 13641
Edge	146	399	444	0	0	0	3	-1
	Sequence	+edge_74_0_+disjointig_144_0_5043 5043 48 5044 0 5043
Edge	147	338	556	0	0	0	3	-1
	Sequence	-edge_74_0_+disjointig_144_0_5043 5043 -48 5044 0 5043
Edge	152	271	269	0	0	0	3	-1
	Sequence	+edge_77_0_+disjointig_147_0_20037 20037 51 20038 0 20037
Edge	153	329	275	0	0	0	3	-1
	Sequence	-edge_77_0_+disjointig_147_0_20037 20037 -51 20038 0 20037
Edge	154	297	476	0	0	0	3	-1
	Sequence	+edge_78_0_+disjointig_148_0_6477 6477 52 6478 0 6477
Edge	155	573	574	0	0	0	3	-1
	Sequence	-edge_78_0_+disjointig_148_0_6477 6477 -52 6478 0 6477
Edge	156	435	389	0	0	0	3	-1
	Sequence	+edge_79_0_+disjointig_149_0_13469 13469 53 13470 0 13469
Edge	157	238	437	0	0	0	3	-1
	Sequence	-edge_79_0_+disjointig_149_0_13469 13469 -53 13470 0 13469
Edge	158	404	391	0	0	0	3	-1
	Sequence	+edge_80_0_+disjointig_15_0_11911 11911 54 11912 0 11911
Edge	159	242	438	0	0	0	3	-1
	Sequence	-edge_80_0_+disjointig_15_0_11911 11911 -54 11912 0 11911
Edge	160	414	439	0	0	0	4	-1
	Sequence	+edge_81_0_+disjointig_150_0_6161 6161 55 6162 0 6161
Edge	161	440	300	0	0	0	4	-1
	Sequence	-edge_81_0_+disjointig_150_0_6161 6161 -55 6162 0 6161
Edge	166	443	447	0	0	0	3	-1
	Sequence	+edge_84_0_+disjointig_155_0_11844 11844 58 11845 0 11844
Edge	167	449	406	0	0	0	3	-1
	Sequence	-edge_84_0_+disjointig_155_0_11844 11844 -58 11845 0 11844
Edge	168	450	336	0	0	0	3	-1
	Sequence	+edge_85_0_+disjointig_156_0_15099 15099 59 15100 0 15099
Edge	169	456	423	0	0	0	3	-1
	Sequence	-edge_85_0_+disjointig_156_0_15099 15099 -59 15100 0 15099
Edge	170	460	365	0	0	0	3	-1
	Sequence	+edge_86_0_+disjointig_157_0_3044 3044 60 3045 0 3044
Edge	171	461	254	0	0	0	3	-1
	Sequence	-edge_86_0_+disjointig_157_0_3044 3044 -60 3045 0 3044
Edge	176	455	289	0	0	0	3	-1
	Sequence	+edge_89_0_+disjointig_159_0_7388 7388 62 7389 0 7388
Edge	177	225	223	0	0	0	3	-1
	Sequence	-edge_89_0_+disjointig_159_0_7388 7388 -62 7389 0 7388
Edge	178	221	220	0	0	0	3	-1
	Sequence	+edge_90_0_+disjointig_16_0_20838 20838 63 20839 0 20838
Edge	179	302	218	0	0	0	3	-1
	Sequence	-edge_90_0_+disjointig_16_0_20838 20838 -63 20839 0 20838
Edge	180	215	212	0	0	0	4	-1
	Sequence	+edge_91_0_+disjointig_161_0_18481 18481 64 18482 0 18481
Edge	181	131	288	0	0	0	4	-1
	Sequence	-edge_91_0_+disjointig_161_0_18481 18481 -64 18482 0 18481
Edge	192	331	201	0	0	0	3	-1
	Sequence	+edge_97_0_+disjointig_165_0_15540 15540 68 15541 0 15540
Edge	193	267	434	0	0	0	3	-1
	Sequence	-edge_97_0_+disjointig_165_0_15540 15540 -68 15541 0 15540
Edge	206	417	194	0	0	0	3	-1
	Sequence	+edge_104_0_+disjointig_170_0_3058 3058 74 3059 0 3058
Edge	207	385	192	0	0	0	3	-1
	Sequence	-edge_104_0_+disjointig_170_0_3058 3058 -74 3059 0 3058
Edge	210	185	184	0	0	0	3	-1
	Sequence	+edge_106_0_+disjointig_172_0_11649 11649 76 11650 0 11649
Edge	211	293	181	0	0	0	3	-1
	Sequence	-edge_106_0_+disjointig_172_0_11649 11649 -76 11650 0 11649
Edge	216	213	211	0	0	0	3	-1
	Sequence	+edge_109_0_+disjointig_175_0_5602 5602 79 5603 0 5602
Edge	217	375	179	0	0	0	3	-1
	Sequence	-edge_109_0_+disjointig_175_0_5602 5602 -79 5603 0 5602
Edge	222	177	176	0	0	0	3	-1
	Sequence	+edge_112_0_+disjointig_179_0_13636 13636 83 13637 0 13636
Edge	223	236	429	0	0	0	3	-1
	Sequence	-edge_112_0_+disjointig_179_0_13636 13636 -83 13637 0 13636
Edge	224	174	410	0	0	0	3	-1
	Sequence	+edge_113_0_+disjointig_18_0_2571 2571 84 2572 0 2571
Edge	225	356	173	0	0	0	3	-1
	Sequence	-edge_113_0_+disjointig_18_0_2571 2571 -84 2572 0 2571
Edge	228	166	172	0	0	0	3	-1
	Sequence	+edge_115_0_+disjointig_181_0_5172 5172 86 5173 0 5172
Edge	229	313	482	0	0	0	3	-1
	Sequence	-edge_115_0_+disjointig_181_0_5172 5172 -86 5173 0 5172
Edge	230	544	546	0	0	0	3	-1
	Sequence	+edge_116_0_+disjointig_182_0_13686 13686 87 13687 0 13686
Edge	231	400	169	0	0	0	3	-1
	Sequence	-edge_116_0_+disjointig_182_0_13686 13686 -87 13687 0 13686
Edge	232	167	164	0	0	0	3	-1
	Sequence	+edge_117_0_+disjointig_183_0_12115 12115 88 12116 0 12115
Edge	233	355	163	0	0	0	3	-1
	Sequence	-edge_117_0_+disjointig_183_0_12115 12115 -88 12116 0 12115
Edge	234	488	618	0	0	0	3	-1
	Sequence	+edge_118_0_+disjointig_184_0_7014 7014 89 7015 0 7014
Edge	235	619	592	0	0	0	3	-1
	Sequence	-edge_118_0_+disjointig_184_0_7014 7014 -89 7015 0 7014
Edge	238	180	350	0	0	0	3	-1
	Sequence	+edge_120_0_+disjointig_186_0_20482 20482 91 20483 0 20482
Edge	239	258	159	0	0	0	3	-1
	Sequence	-edge_120_0_+disjointig_186_0_20482 20482 -91 20483 0 20482
Edge	240	570	571	0	0	0	3	-1
	Sequence	+edge_121_0_+disjointig_187_0_18602 18602 92 18603 0 18602
Edge	241	572	158	0	0	0	3	-1
	Sequence	-edge_121_0_+disjointig_187_0_18602 18602 -92 18603 0 18602
Edge	242	377	277	0	0	0	3	-1
	Sequence	+edge_122_0_+disjointig_188_0_7167 7167 93 7168 0 7167
Edge	243	157	156	0	0	0	3	-1
	Sequence	-edge_122_0_+disjointig_188_0_7167 7167 -93 7168 0 7167
Edge	246	402	193	0	0	0	3	-1
	Sequence	+edge_124_0_+disjointig_19_0_15579 15579 95 15580 0 15579
Edge	247	298	542	0	0	0	3	-1
	Sequence	-edge_124_0_+disjointig_19_0_15579 15579 -95 15580 0 15579
Edge	252	153	152	0	0	0	3	-1
	Sequence	+edge_127_0_+disjointig_193_0_2561 2561 98 2562 0 2561
Edge	253	150	314	0	0	0	3	-1
	Sequence	-edge_127_0_+disjointig_193_0_2561 2561 -98 2562 0 2561
Edge	256	149	428	0	0	0	4	-1
	Sequence	+edge_129_0_+disjointig_195_0_9643 9643 100 18643 0 9643
Edge	257	337	279	0	0	0	4	-1
	Sequence	-edge_129_0_+disjointig_195_0_9643 9643 -100 18643 8999 18642
Edge	258	428	216	0	0	0	6	-1
	Sequence	+edge_130_0_+disjointig_195_9643_10845 1202 100 18643 9643 10845
	Sequence	+edge_130_1_+disjointig_199_1029_2235 1206 104 7132 1029 2235
Edge	259	147	337	0	0	0	6	-1
	Sequence	-edge_130_0_+disjointig_195_9643_10845 1202 -100 18643 7797 8999
	Sequence	-edge_130_1_+disjointig_199_1029_2235 1206 -104 7132 4896 6102
Edge	274	260	371	0	0	0	4	-1
	Sequence	+edge_138_0_+disjointig_200_0_2348 2348 107 2349 0 2348
Edge	275	143	383	0	0	0	4	-1
	Sequence	-edge_138_0_+disjointig_200_0_2348 2348 -107 2349 0 2348
Edge	282	175	235	0	0	0	4	-1
	Sequence	+edge_142_0_+disjointig_204_0_4315 4315 111 4316 0 4315
Edge	283	138	344	0	0	0	4	-1
	Sequence	-edge_142_0_+disjointig_204_0_4315 4315 -111 4316 0 4315
Edge	284	137	136	0	0	0	3	-1
	Sequence	+edge_143_0_+disjointig_205_0_5128 5128 112 5129 0 5128
Edge	285	420	497	0	0	0	3	-1
	Sequence	-edge_143_0_+disjointig_205_0_5128 5128 -112 5129 0 5128
Edge	286	133	188	0	0	0	3	-1
	Sequence	+edge_144_0_+disjointig_206_0_18223 18223 113 18224 0 18223
Edge	287	550	132	0	0	0	3	-1
	Sequence	-edge_144_0_+disjointig_206_0_18223 18223 -113 18224 0 18223
Edge	288	598	599	0	0	0	5	-1
	Sequence	+edge_145_0_+disjointig_207_0_5860 5860 114 5861 0 5860
Edge	289	431	182	0	0	0	5	-1
	Sequence	-edge_145_0_+disjointig_207_0_5860 5860 -114 5861 0 5860
Edge	296	130	120	0	0	0	5	-1
	Sequence	+edge_149_0_+disjointig_48_14826_21803 6977 263 21804 14826 21803
Edge	297	427	354	0	0	0	5	-1
	Sequence	-edge_149_0_+disjointig_48_14826_21803 6977 -263 21804 0 6977
Edge	300	127	203	0	0	0	4	-1
	Sequence	+edge_151_0_+disjointig_21_0_26556 26556 117 26557 0 26556
Edge	301	124	324	0	0	0	4	-1
	Sequence	-edge_151_0_+disjointig_21_0_26556 26556 -117 26557 0 26556
Edge	302	123	433	0	0	0	3	-1
	Sequence	+edge_152_0_+disjointig_210_0_3898 3898 118 3899 0 3898
Edge	303	230	228	0	0	0	3	-1
	Sequence	-edge_152_0_+disjointig_210_0_3898 3898 -118 3899 0 3898
Edge	306	364	286	0	0	0	4	-1
	Sequence	+edge_154_0_+disjointig_212_0_10841 10841 120 10842 0 10841
Edge	307	315	390	0	0	0	4	-1
	Sequence	-edge_154_0_+disjointig_212_0_10841 10841 -120 10842 0 10841
Edge	314	587	272	0	0	0	3	-1
	Sequence	+edge_158_0_+disjointig_216_0_12995 12995 124 12996 0 12995
Edge	315	620	621	0	0	0	3	-1
	Sequence	-edge_158_0_+disjointig_216_0_12995 12995 -124 12996 0 12995
Edge	316	609	121	0	0	0	2	-1
	Sequence	+edge_159_0_+disjointig_217_0_11253 11253 125 25832 0 11253
Edge	317	321	376	0	0	0	2	-1
	Sequence	-edge_159_0_+disjointig_217_0_11253 11253 -125 25832 14578 25831
Edge	318	121	119	0	0	0	8	-1
	Sequence	+edge_160_0_+disjointig_217_11253_13921 2668 125 25832 11253 13921
	Sequence	+edge_160_1_-disjointig_235_1539_4208 2669 -145 12604 1539 4208
Edge	319	457	321	0	0	0	8	-1
	Sequence	-edge_160_0_+disjointig_217_11253_13921 2668 -125 25832 11910 14578
	Sequence	-edge_160_1_-disjointig_235_1539_4208 2669 145 12604 8395 11064
Edge	322	119	197	0	0	0	3	-1
	Sequence	+edge_162_0_+disjointig_217_13921_25831 11910 125 25832 13921 25831
Edge	323	341	457	0	0	0	3	-1
	Sequence	-edge_162_0_+disjointig_217_13921_25831 11910 -125 25832 0 11910
Edge	334	118	129	0	0	0	3	-1
	Sequence	+edge_168_0_+disjointig_221_0_14628 14628 130 14629 0 14628
Edge	335	463	464	0	0	0	3	-1
	Sequence	-edge_168_0_+disjointig_221_0_14628 14628 -130 14629 0 14628
Edge	336	204	126	0	0	0	3	-1
	Sequence	+edge_169_0_+disjointig_222_0_4052 4052 131 4053 0 4052
Edge	337	171	170	0	0	0	3	-1
	Sequence	-edge_169_0_+disjointig_222_0_4052 4052 -131 4053 0 4052
Edge	338	465	466	0	0	0	3	-1
	Sequence	+edge_170_0_+disjointig_223_0_8663 8663 132 8664 0 8663
Edge	339	168	165	0	0	0	3	-1
	Sequence	-edge_170_0_+disjointig_223_0_8663 8663 -132 8664 0 8663
Edge	340	467	469	0	0	0	4	-1
	Sequence	+edge_171_0_+disjointig_224_0_11833 11833 133 11834 0 11833
Edge	341	161	582	0	0	0	4	-1
	Sequence	-edge_171_0_+disjointig_224_0_11833 11833 -133 11834 0 11833
Edge	346	473	418	0	0	0	3	-1
	Sequence	+edge_174_0_+disjointig_227_0_6081 6081 136 6082 0 6081
Edge	347	478	386	0	0	0	3	-1
	Sequence	-edge_174_0_+disjointig_227_0_6081 6081 -136 6082 0 6081
Edge	374	259	487	0	0	0	4	-1
	Sequence	+edge_188_0_+disjointig_24_0_14501 14501 150 14502 0 14501
Edge	375	144	597	0	0	0	4	-1
	Sequence	-edge_188_0_+disjointig_24_0_14501 14501 -150 14502 0 14501
Edge	382	196	576	0	0	0	3	-1
	Sequence	+edge_192_0_+disjointig_243_0_2553 2553 154 2554 0 2553
Edge	383	490	491	0	0	0	3	-1
	Sequence	-edge_192_0_+disjointig_243_0_2553 2553 -154 2554 0 2553
Edge	386	189	222	0	0	0	3	-1
	Sequence	+edge_194_0_+disjointig_245_0_6235 6235 156 6236 0 6235
Edge	387	492	494	0	0	0	3	-1
	Sequence	-edge_194_0_+disjointig_245_0_6235 6235 -156 6236 0 6235
Edge	396	499	500	0	0	0	3	-1
	Sequence	+edge_199_0_+disjointig_25_0_3572 3572 161 3573 0 3572
Edge	397	339	566	0	0	0	3	-1
	Sequence	-edge_199_0_+disjointig_25_0_3572 3572 -161 3573 0 3572
Edge	408	503	505	0	0	0	3	-1
	Sequence	+edge_205_0_+disjointig_255_0_9104 9104 167 9105 0 9104
Edge	409	507	122	0	0	0	3	-1
	Sequence	-edge_205_0_+disjointig_255_0_9104 9104 -167 9105 0 9104
Edge	414	523	510	0	0	0	3	-1
	Sequence	+edge_208_0_+disjointig_258_0_4050 4050 170 4051 0 4050
Edge	415	511	512	0	0	0	3	-1
	Sequence	-edge_208_0_+disjointig_258_0_4050 4050 -170 4051 0 4050
Edge	416	514	516	0	0	0	3	-1
	Sequence	+edge_209_0_+disjointig_259_0_8151 8151 171 8152 0 8151
Edge	417	518	209	0	0	0	3	-1
	Sequence	-edge_209_0_+disjointig_259_0_8151 8151 -171 8152 0 8151
Edge	418	317	519	0	0	0	3	-1
	Sequence	+edge_210_0_+disjointig_26_0_12157 12157 172 12158 0 12157
Edge	419	520	207	0	0	0	3	-1
	Sequence	-edge_210_0_+disjointig_26_0_12157 12157 -172 12158 0 12157
Edge	422	226	522	0	0	0	3	-1
	Sequence	+edge_212_0_+disjointig_261_0_30460 30460 174 30461 0 30460
Edge	423	524	525	0	0	0	3	-1
	Sequence	-edge_212_0_+disjointig_261_0_30460 30460 -174 30461 0 30460
Edge	434	347	532	0	0	0	3	-1
	Sequence	+edge_218_0_+disjointig_265_0_3893 3893 178 3894 0 3893
Edge	435	533	452	0	0	0	3	-1
	Sequence	-edge_218_0_+disjointig_265_0_3893 3893 -178 3894 0 3893
Edge	438	308	534	0	0	0	3	-1
	Sequence	+edge_220_0_+disjointig_267_0_20749 20749 180 20750 0 20749
Edge	439	536	252	0	0	0	3	-1
	Sequence	-edge_220_0_+disjointig_267_0_20749 20749 -180 20750 0 20749
Edge	446	261	373	0	0	0	3	-1
	Sequence	+edge_224_0_+disjointig_270_0_6187 6187 184 6188 0 6187
Edge	447	539	540	0	0	0	3	-1
	Sequence	-edge_224_0_+disjointig_270_0_6187 6187 -184 6188 0 6187
Edge	462	340	545	0	0	0	3	-1
	Sequence	+edge_232_0_+disjointig_278_0_2367 2367 192 2368 0 2367
Edge	463	547	401	0	0	0	3	-1
	Sequence	-edge_232_0_+disjointig_278_0_2367 2367 -192 2368 0 2367
Edge	466	422	4	0	0	0	3	-1
	Sequence	+edge_234_0_+disjointig_28_0_27669 27669 194 39814 0 27669
Edge	467	495	139	0	0	0	3	-1
	Sequence	-edge_234_0_+disjointig_28_0_27669 27669 -194 39814 12144 39813
Edge	472	142	549	0	0	0	10	-1
	Sequence	+edge_237_0_-disjointig_28_6420_7247 827 -194 39814 6420 7247
	Sequence	+edge_237_1_+disjointig_41_4258_4942 684 256 31061 4258 4942
	Sequence	+edge_237_2_-disjointig_57_2219_2902 683 -273 51691 2219 2902
Edge	473	548	312	0	0	0	10	-1
	Sequence	-edge_237_0_-disjointig_28_6420_7247 827 194 39814 32566 33393
	Sequence	-edge_237_1_+disjointig_41_4258_4942 684 -256 31061 26118 26802
	Sequence	-edge_237_2_-disjointig_57_2219_2902 683 273 51691 48788 49471
Edge	474	8	419	0	0	0	3	-1
	Sequence	+edge_238_0_+disjointig_292_4977_11877 6900 208 11878 4977 11877
Edge	475	565	7	0	0	0	3	-1
	Sequence	-edge_238_0_+disjointig_292_4977_11877 6900 -208 11878 0 6900
Edge	476	1	459	0	0	0	3	-1
	Sequence	+edge_239_0_+disjointig_41_9827_31060 21233 256 31061 9827 31060
Edge	477	140	0	0	0	0	3	-1
	Sequence	-edge_239_0_+disjointig_41_9827_31060 21233 -256 31061 0 21233
Edge	478	3	109	0	0	0	4	-1
	Sequence	+edge_240_0_-disjointig_57_7953_51690 43737 -273 51691 7953 51690
Edge	479	110	2	0	0	0	4	-1
	Sequence	-edge_240_0_-disjointig_57_7953_51690 43737 273 51691 0 43737
Edge	484	246	508	0	0	0	6	-1
	Sequence	+edge_243_0_+disjointig_49_7193_20010 12817 264 20011 7193 20010
Edge	485	617	6	0	0	0	6	-1
	Sequence	-edge_243_0_+disjointig_49_7193_20010 12817 -264 20011 0 12817
Edge	502	474	475	0	0	0	3	-1
	Sequence	+edge_252_0_+disjointig_288_0_2229 2229 203 2230 0 2229
Edge	503	560	408	0	0	0	3	-1
	Sequence	-edge_252_0_+disjointig_288_0_2229 2229 -203 2230 0 2229
Edge	508	538	183	0	0	0	3	-1
	Sequence	+edge_255_0_+disjointig_290_0_2447 2447 206 2448 0 2447
Edge	509	563	564	0	0	0	3	-1
	Sequence	-edge_255_0_+disjointig_290_0_2447 2447 -206 2448 0 2447
Edge	518	411	567	0	0	0	3	-1
	Sequence	+edge_260_0_+disjointig_297_0_2565 2565 212 2566 0 2565
Edge	519	568	569	0	0	0	3	-1
	Sequence	-edge_260_0_+disjointig_297_0_2565 2565 -212 2566 0 2565
Edge	530	20	19	0	0	0	2	-1
	Sequence	+edge_266_0_+disjointig_30_8705_10233 1528 216 27111 8705 10233
Edge	531	31	214	0	0	0	2	-1
	Sequence	-edge_266_0_+disjointig_30_8705_10233 1528 -216 27111 16877 18405
Edge	532	19	224	0	0	0	3	-1
	Sequence	+edge_267_0_+disjointig_30_10233_13453 3220 216 27111 10233 13453
	Sequence	+edge_267_1_-disjointig_30_1017_4259 3242 -216 27111 1017 4259
Edge	533	578	31	0	0	0	3	-1
	Sequence	-edge_267_0_+disjointig_30_10233_13453 3220 -216 27111 13657 16877
	Sequence	-edge_267_1_-disjointig_30_1017_4259 3242 216 27111 22851 26093
Edge	534	224	578	1	0	0	2	-1
	Sequence	+edge_268_0_+disjointig_30_13453_22851 9398 216 27111 13453 22851
Edge	535	224	578	1	0	0	2	-1
	Sequence	-edge_268_0_+disjointig_30_13453_22851 9398 -216 27111 4259 13657
Edge	546	558	543	0	0	0	3	-1
	Sequence	+edge_274_0_+disjointig_307_0_4759 4759 223 4760 0 4759
Edge	547	559	581	0	0	0	3	-1
	Sequence	-edge_274_0_+disjointig_307_0_4759 4759 -223 4760 0 4759
Edge	550	583	584	0	0	0	3	-1
	Sequence	+edge_276_0_+disjointig_31_0_9855 9855 225 9856 0 9855
Edge	551	585	586	0	0	0	3	-1
	Sequence	-edge_276_0_+disjointig_31_0_9855 9855 -225 9856 0 9855
Edge	554	239	588	0	0	0	2	-1
	Sequence	+edge_278_0_+disjointig_311_0_4418 4418 227 7065 0 4418
Edge	555	233	590	0	0	0	2	-1
	Sequence	-edge_278_0_+disjointig_311_0_4418 4418 -227 7065 2646 7064
Edge	602	600	421	0	0	0	3	-1
	Sequence	+edge_302_0_+disjointig_329_0_4365 4365 246 4366 0 4365
Edge	603	360	362	0	0	0	3	-1
	Sequence	-edge_302_0_+disjointig_329_0_4365 4365 -246 4366 0 4365
Edge	606	601	219	0	0	0	3	-1
	Sequence	+edge_304_0_+disjointig_34_0_21728 21728 248 21729 0 21728
Edge	607	424	493	0	0	0	3	-1
	Sequence	-edge_304_0_+disjointig_34_0_21728 21728 -248 21729 0 21728
Edge	608	135	191	0	0	0	5	-1
	Sequence	+edge_305_0_+disjointig_35_0_17453 17453 249 17454 0 17453
Edge	609	145	468	0	0	0	5	-1
	Sequence	-edge_305_0_+disjointig_35_0_17453 17453 -249 17454 0 17453
Edge	618	604	605	0	0	0	5	-1
	Sequence	+edge_310_0_+disjointig_39_0_32732 32732 253 32733 0 32732
Edge	619	606	498	0	0	0	5	-1
	Sequence	-edge_310_0_+disjointig_39_0_32732 32732 -253 32733 0 32732
Edge	622	392	276	0	0	0	4	-1
	Sequence	+edge_312_0_+disjointig_40_0_16996 16996 255 16997 0 16996
Edge	623	552	554	0	0	0	4	-1
	Sequence	-edge_312_0_+disjointig_40_0_16996 16996 -255 16997 0 16996
Edge	628	285	608	0	0	0	6	-1
	Sequence	+edge_315_0_+disjointig_43_0_17713 17713 258 17714 0 17713
Edge	629	610	611	0	0	0	6	-1
	Sequence	-edge_315_0_+disjointig_43_0_17713 17713 -258 17714 0 17713
Edge	630	366	351	0	0	0	3	-1
	Sequence	+edge_316_0_+disjointig_44_0_7510 7510 259 7511 0 7510
Edge	631	199	146	0	0	0	3	-1
	Sequence	-edge_316_0_+disjointig_44_0_7510 7510 -259 7511 0 7510
Edge	632	614	398	0	0	0	3	-1
	Sequence	+edge_317_0_+disjointig_47_0_6304 6304 262 6305 0 6304
Edge	633	430	432	0	0	0	3	-1
	Sequence	-edge_317_0_+disjointig_47_0_6304 6304 -262 6305 0 6304
Edge	638	472	593	0	0	0	3	-1
	Sequence	+edge_320_0_+disjointig_51_0_24344 24344 267 24345 0 24344
Edge	639	553	555	0	0	0	3	-1
	Sequence	-edge_320_0_+disjointig_51_0_24344 24344 -267 24345 0 24344
Edge	640	486	345	0	0	0	3	-1
	Sequence	+edge_321_0_+disjointig_52_0_21384 21384 268 21385 0 21384
Edge	641	187	186	0	0	0	3	-1
	Sequence	-edge_321_0_+disjointig_52_0_21384 21384 -268 21385 0 21384
Edge	646	134	190	0	0	0	4	-1
	Sequence	+edge_324_0_+disjointig_55_0_20283 20283 271 20284 0 20283
Edge	647	115	114	0	0	0	4	-1
	Sequence	-edge_324_0_+disjointig_55_0_20283 20283 -271 20284 0 20283
Edge	648	113	112	0	0	0	5	-1
	Sequence	+edge_325_0_+disjointig_56_0_14906 14906 272 14907 0 14906
Edge	649	111	148	0	0	0	5	-1
	Sequence	-edge_325_0_+disjointig_56_0_14906 14906 -272 14907 0 14906
Edge	650	108	107	0	0	0	4	-1
	Sequence	+edge_326_0_+disjointig_58_0_35073 35073 274 35074 0 35073
Edge	651	106	517	0	0	0	4	-1
	Sequence	-edge_326_0_+disjointig_58_0_35073 35073 -274 35074 0 35073
Edge	652	413	513	0	0	0	3	-1
	Sequence	+edge_327_0_+disjointig_6_0_4117 4117 275 4118 0 4117
Edge	653	515	105	0	0	0	3	-1
	Sequence	-edge_327_0_+disjointig_6_0_4117 4117 -275 4118 0 4117
Edge	654	501	502	0	0	0	5	-1
	Sequence	+edge_328_0_+disjointig_60_0_13874 13874 276 13875 0 13874
Edge	655	104	103	0	0	0	5	-1
	Sequence	-edge_328_0_+disjointig_60_0_13874 13874 -276 13875 0 13874
Edge	656	102	101	0	0	0	3	-1
	Sequence	+edge_329_0_+disjointig_61_0_5124 5124 277 5125 0 5124
Edge	657	100	116	0	0	0	3	-1
	Sequence	-edge_329_0_+disjointig_61_0_5124 5124 -277 5125 0 5124
Edge	660	99	98	0	0	0	3	-1
	Sequence	+edge_331_0_+disjointig_63_0_33738 33738 279 33739 0 33738
Edge	661	97	531	0	0	0	3	-1
	Sequence	-edge_331_0_+disjointig_63_0_33738 33738 -279 33739 0 33738
Edge	662	96	95	0	0	0	4	-1
	Sequence	+edge_332_0_+disjointig_64_0_14859 14859 280 14860 0 14859
Edge	663	94	93	0	0	0	4	-1
	Sequence	-edge_332_0_+disjointig_64_0_14859 14859 -280 14860 0 14859
Edge	668	470	471	0	0	0	3	-1
	Sequence	+edge_335_0_+disjointig_69_0_21020 21020 285 21021 0 21020
Edge	669	89	88	0	0	0	3	-1
	Sequence	-edge_335_0_+disjointig_69_0_21020 21020 -285 21021 0 21020
Edge	672	278	85	0	0	0	3	-1
	Sequence	+edge_337_0_+disjointig_71_0_8102 8102 288 8103 0 8102
Edge	673	84	561	0	0	0	3	-1
	Sequence	-edge_337_0_+disjointig_71_0_8102 8102 -288 8103 0 8102
Edge	674	557	484	0	0	0	4	-1
	Sequence	+edge_338_0_+disjointig_73_0_7795 7795 290 7796 0 7795
Edge	675	256	481	0	0	0	4	-1
	Sequence	-edge_338_0_+disjointig_73_0_7795 7795 -290 7796 0 7795
Edge	676	79	78	0	0	0	5	-1
	Sequence	+edge_339_0_+disjointig_74_0_6552 6552 291 6553 0 6552
Edge	677	77	76	0	0	0	5	-1
	Sequence	-edge_339_0_+disjointig_74_0_6552 6552 -291 6553 0 6552
Edge	678	75	74	0	0	0	3	-1
	Sequence	+edge_340_0_+disjointig_75_0_6794 6794 292 6795 0 6794
Edge	679	296	287	0	0	0	3	-1
	Sequence	-edge_340_0_+disjointig_75_0_6794 6794 -292 6795 0 6794
Edge	680	73	72	0	0	0	7	-1
	Sequence	+edge_341_0_+disjointig_76_0_13454 13454 293 13455 0 13454
Edge	681	71	70	0	0	0	7	-1
	Sequence	-edge_341_0_+disjointig_76_0_13454 13454 -293 13455 0 13454
Edge	682	69	117	0	0	0	3	-1
	Sequence	+edge_342_0_+disjointig_77_0_4616 4616 294 4617 0 4616
Edge	683	128	68	0	0	0	3	-1
	Sequence	-edge_342_0_+disjointig_77_0_4616 4616 -294 4617 0 4616
Edge	684	67	66	0	0	0	3	-1
	Sequence	+edge_343_0_+disjointig_79_0_7287 7287 296 7288 0 7287
Edge	685	65	489	0	0	0	3	-1
	Sequence	-edge_343_0_+disjointig_79_0_7287 7287 -296 7288 0 7287
Edge	686	61	243	0	0	0	3	-1
	Sequence	+edge_344_0_+disjointig_80_0_12633 12633 298 12634 0 12633
Edge	687	60	292	0	0	0	3	-1
	Sequence	-edge_344_0_+disjointig_80_0_12633 12633 -298 12634 0 12633
Edge	688	59	58	0	0	0	3	-1
	Sequence	+edge_345_0_+disjointig_81_0_7847 7847 299 7848 0 7847
Edge	689	57	537	0	0	0	3	-1
	Sequence	-edge_345_0_+disjointig_81_0_7847 7847 -299 7848 0 7847
Edge	690	56	55	0	0	0	4	-1
	Sequence	+edge_346_0_+disjointig_82_0_9722 9722 300 9723 0 9722
Edge	691	54	53	0	0	0	4	-1
	Sequence	-edge_346_0_+disjointig_82_0_9722 9722 -300 9723 0 9722
Edge	692	281	52	0	0	0	3	-1
	Sequence	+edge_347_0_+disjointig_83_0_8894 8894 301 8895 0 8894
Edge	693	51	50	0	0	0	3	-1
	Sequence	-edge_347_0_+disjointig_83_0_8894 8894 -301 8895 0 8894
Edge	694	49	48	0	0	0	3	-1
	Sequence	+edge_348_0_+disjointig_84_0_2307 2307 302 2308 0 2307
Edge	695	47	46	0	0	0	3	-1
	Sequence	-edge_348_0_+disjointig_84_0_2307 2307 -302 2308 0 2307
Edge	696	323	45	0	0	0	4	-1
	Sequence	+edge_349_0_+disjointig_85_0_17144 17144 303 17145 0 17144
Edge	697	44	358	0	0	0	4	-1
	Sequence	-edge_349_0_+disjointig_85_0_17144 17144 -303 17145 0 17144
Edge	698	43	299	0	0	0	3	-1
	Sequence	+edge_350_0_+disjointig_86_0_7057 7057 304 7058 0 7057
Edge	699	318	42	0	0	0	3	-1
	Sequence	-edge_350_0_+disjointig_86_0_7057 7057 -304 7058 0 7057
Edge	700	200	41	0	0	0	4	-1
	Sequence	+edge_351_0_+disjointig_87_0_9199 9199 305 9200 0 9199
Edge	701	306	368	0	0	0	4	-1
	Sequence	-edge_351_0_+disjointig_87_0_9199 9199 -305 9200 0 9199
Edge	704	40	244	0	0	0	5	-1
	Sequence	+edge_353_0_+disjointig_89_0_13592 13592 307 13593 0 13592
Edge	705	380	39	0	0	0	5	-1
	Sequence	-edge_353_0_+disjointig_89_0_13592 13592 -307 13593 0 13592
Edge	706	38	37	0	0	0	3	-1
	Sequence	+edge_354_0_+disjointig_90_0_7377 7377 308 7378 0 7377
Edge	707	36	35	0	0	0	3	-1
	Sequence	-edge_354_0_+disjointig_90_0_7377 7377 -308 7378 0 7377
Edge	714	32	30	0	0	0	3	-1
	Sequence	+edge_358_0_+disjointig_95_0_21066 21066 313 21067 0 21066
Edge	715	29	28	0	0	0	3	-1
	Sequence	-edge_358_0_+disjointig_95_0_21066 21066 -313 21067 0 21066
Edge	722	342	234	0	0	0	3	-1
	Sequence	+edge_362_0_-disjointig_20_7328_27800 20472 -106 27802 7328 27800
Edge	723	160	274	0	0	0	3	-1
	Sequence	-edge_362_0_-disjointig_20_7328_27800 20472 106 27802 1 20473
Edge	724	234	240	0	0	0	4	-1
	Sequence	+edge_363_0_-disjointig_118_8955_29374 20419 -22 29375 8955 29374
Edge	725	334	160	0	0	0	4	-1
	Sequence	-edge_363_0_-disjointig_118_8955_29374 20419 22 29375 0 20419
Edge	726	240	462	0	0	0	1	-1
	Sequence	+edge_364_0_+disjointig_117_15439_18081 2642 21 18082 15439 18081
Edge	727	237	334	0	0	0	1	-1
	Sequence	-edge_364_0_+disjointig_117_15439_18081 2642 -21 18082 0 2642
Edge	728	436	155	0	0	0	4	-1
	Sequence	+edge_365_0_-disjointig_14_17885_30078 12193 -44 31788 17885 30078
Edge	729	453	270	0	0	0	4	-1
	Sequence	-edge_365_0_-disjointig_14_17885_30078 12193 44 31788 1709 13902
Edge	736	208	535	0	0	0	3	-1
	Sequence	+edge_369_0_+disjointig_163_0_7206 7206 66 7222 0 7206
Edge	737	251	396	0	0	0	3	-1
	Sequence	-edge_369_0_+disjointig_163_0_7206 7206 -66 7222 15 7221
Edge	738	535	91	0	0	0	8	-1
	Sequence	+edge_370_0_-disjointig_66_3457_23755 20298 -282 23756 3457 23755
Edge	739	92	251	0	0	0	8	-1
	Sequence	-edge_370_0_-disjointig_66_3457_23755 20298 282 23756 0 20298
Edge	742	615	130	0	0	0	4	-1
	Sequence	+edge_372_0_+disjointig_48_0_14826 14826 263 21804 0 14826
Edge	743	354	265	0	0	0	4	-1
	Sequence	-edge_372_0_+disjointig_48_0_14826 14826 -263 21804 6977 21803
Edge	744	34	477	0	0	0	3	-1
	Sequence	+edge_373_0_+disjointig_92_0_14318 14318 310 14321 0 14318
Edge	745	479	33	0	0	0	3	-1
	Sequence	-edge_373_0_+disjointig_92_0_14318 14318 -310 14321 2 14320
Edge	746	477	273	0	0	0	4	-1
	Sequence	+edge_374_0_+disjointig_236_4011_12218 8207 146 12219 4011 12218
Edge	747	480	479	0	0	0	4	-1
	Sequence	-edge_374_0_+disjointig_236_4011_12218 8207 -146 12219 0 8207
Edge	748	613	526	0	0	0	3	-1
	Sequence	+edge_375_0_+disjointig_46_0_10791 10791 261 10817 0 10791
Edge	749	551	445	0	0	0	3	-1
	Sequence	-edge_375_0_+disjointig_46_0_10791 10791 -261 10817 25 10816
Edge	750	526	527	0	0	0	3	-1
	Sequence	+edge_376_0_+disjointig_262_2656_4545 1889 175 4546 2656 4545
Edge	751	529	551	0	0	0	3	-1
	Sequence	-edge_376_0_+disjointig_262_2656_4545 1889 -175 4546 0 1889
Edge	752	312	548	0	0	0	45	-1
	Sequence	+edge_377_0_+disjointig_28_27669_32566 4897 194 39814 27669 32566
	Sequence	+edge_377_1_+disjointig_28_33393_38243 4850 194 39814 33393 38243
	Sequence	+edge_377_2_-disjointig_292_6900_11748 4848 -208 11878 6900 11748
	Sequence	+edge_377_3_-disjointig_41_21233_26118 4885 -256 31061 21233 26118
	Sequence	+edge_377_4_+disjointig_49_2346_7193 4847 264 20011 2346 7193
	Sequence	+edge_377_5_+disjointig_57_43737_48788 5051 273 51691 43737 48788
Edge	753	549	142	0	0	0	45	-1
	Sequence	-edge_377_0_+disjointig_28_27669_32566 4897 -194 39814 7247 12144
	Sequence	-edge_377_1_+disjointig_28_33393_38243 4850 -194 39814 1570 6420
	Sequence	-edge_377_2_-disjointig_292_6900_11748 4848 208 11878 129 4977
	Sequence	-edge_377_3_-disjointig_41_21233_26118 4885 256 31061 4942 9827
	Sequence	-edge_377_4_+disjointig_49_2346_7193 4847 -264 20011 12817 17664
	Sequence	-edge_377_5_+disjointig_57_43737_48788 5051 -273 51691 2902 7953
Edge	756	348	20	0	0	0	4	-1
	Sequence	+edge_379_0_+disjointig_30_0_8705 8705 216 27111 0 8705
Edge	757	214	577	0	0	0	4	-1
	Sequence	-edge_379_0_+disjointig_30_0_8705 8705 -216 27111 18405 27110
Edge	758	588	27	0	0	0	4	-1
	Sequence	+edge_380_0_+disjointig_98_1472_24422 22950 315 24423 1472 24422
Edge	759	26	233	0	0	0	4	-1
	Sequence	-edge_380_0_+disjointig_98_1472_24422 22950 -315 24423 0 22950
Edge	760	357	384	0	0	0	6	-1
	Sequence	+edge_381_0_-disjointig_45_0_30722 30722 -260 30723 0 30722
Edge	761	596	602	0	0	0	6	-1
	Sequence	-edge_381_0_-disjointig_45_0_30722 30722 260 30723 0 30722
Edge	762	384	504	0	0	0	3	-1
	Sequence	+edge_382_0_+disjointig_320_7809_16454 8645 237 16455 7809 16454
Edge	763	506	596	0	0	0	3	-1
	Sequence	-edge_382_0_+disjointig_320_7809_16454 8645 -237 16455 0 8645
Edge	764	603	603	0	0	0	14	-1
	Sequence	+edge_383_0_+disjointig_37_1412_10185 8773 251 18957 1412 10185
	Sequence	+edge_383_1_+disjointig_37_10185_18955 8770 251 18957 10185 18955
Edge	765	591	591	0	0	0	14	-1
	Sequence	-edge_383_0_+disjointig_37_1412_10185 8773 -251 18957 8771 17544
	Sequence	-edge_383_1_+disjointig_37_10185_18955 8770 -251 18957 1 8771
Edge	766	25	206	0	0	0	4	-1
	Sequence	+edge_384_0_-c647e97f-20d2-4ea0-ae58-591ee1367acd_3964_5438 1474 * 0 0 0
Edge	767	326	24	0	0	0	4	-1
	Sequence	-edge_384_0_-c647e97f-20d2-4ea0-ae58-591ee1367acd_3964_5438 1474 * 0 0 0
Edge	768	521	23	0	0	0	3	-1
	Sequence	+edge_385_0_+9ea8f060-ff2e-4e70-a0c6-3154e96689d7_2412_3873 1461 * 0 0 0
Edge	769	22	416	0	0	0	3	-1
	Sequence	-edge_385_0_+9ea8f060-ff2e-4e70-a0c6-3154e96689d7_2412_3873 1461 * 0 0 0
Edge	770	21	280	0	0	0	3	-1
	Sequence	+edge_386_0_-785b4868-d813-462f-ae62-c38a755bfcbc_3390_4851 1461 * 0 0 0
Edge	771	509	541	0	0	0	3	-1
	Sequence	-edge_386_0_-785b4868-d813-462f-ae62-c38a755bfcbc_3390_4851 1461 * 0 0 0
