Chain
	Aln	87	+3e58f2cc-154e-4f95-94f3-7283db0d5999 28 4282 4285 -edge_44_0_+disjointig_5_0_46374 37157 41408 46374 -1 -1 4206 0.000341718
Chain
	Aln	86	-3e58f2cc-154e-4f95-94f3-7283db0d5999 2 4256 4285 +edge_44_0_+disjointig_5_0_46374 4965 9216 46374 -1 -1 4206 0.000341718
Chain
	Aln	38	+45a403c7-1d2d-44cb-a64c-f1c2f332b5ff 1879 9829 9832 +edge_20_0_+disjointig_28_0_7959 3 7957 7959 -1 -1 7882 0.00234088
Chain
	Aln	39	-45a403c7-1d2d-44cb-a64c-f1c2f332b5ff 2 7952 9832 -edge_20_0_+disjointig_28_0_7959 1 7955 7959 -1 -1 7882 0.00234088
Chain
	Aln	104	+db3b7204-af05-43ad-8900-1733e0bdd597 1 8529 8577 +edge_53_0_+disjointig_8_0_8550 1 8525 8550 -1 -1 8429 0.00266452
Chain
	Aln	105	-db3b7204-af05-43ad-8900-1733e0bdd597 47 8575 8577 -edge_53_0_+disjointig_8_0_8550 24 8548 8550 -1 -1 8429 0.00266452
Chain
	Aln	11	+825a2607-6ca9-4806-be89-fe6771118944 31 12943 12948 -edge_6_0_+disjointig_14_0_50936 26345 39256 50936 -1 -1 12652 0.00294939
Chain
	Aln	10	-825a2607-6ca9-4806-be89-fe6771118944 4 12916 12948 +edge_6_0_+disjointig_14_0_50936 11679 24590 50936 -1 -1 12652 0.00294939
Chain
	Aln	27	+3c44a681-36b2-4c38-be33-fbf49102e9ad 5 12363 12368 -edge_14_0_+disjointig_22_0_43772 11111 23472 43772 -1 -1 12134 0.00228737
Chain
	Aln	26	-3c44a681-36b2-4c38-be33-fbf49102e9ad 4 12362 12368 +edge_14_0_+disjointig_22_0_43772 20299 32660 43772 -1 -1 12134 0.00228737
Chain
	Aln	67	+d13a69d4-f46e-48aa-a356-dae1bc016f2f 13 16562 16564 -edge_34_0_+disjointig_40_0_114130 12 16572 114130 -1 -1 15971 0.00379952
Chain
	Aln	66	-d13a69d4-f46e-48aa-a356-dae1bc016f2f 1 16550 16564 +edge_34_0_+disjointig_40_0_114130 97557 114117 114130 -1 -1 15971 0.00379952
Chain
	Aln	89	+f88e3034-2685-46b9-8b82-29159b352fa0 28 4235 4238 -edge_45_0_+disjointig_50_0_13728 9520 13725 13728 -1 -1 4181 0.00179344
Chain
	Aln	88	-f88e3034-2685-46b9-8b82-29159b352fa0 2 4209 4238 +edge_45_0_+disjointig_50_0_13728 2 4207 13728 -1 -1 4181 0.00179344
Chain
	Aln	93	+91737ef9-be31-40d5-bced-0becc59a8578 10 9354 9360 -edge_47_0_+disjointig_53_0_18256 8904 18250 18256 -1 -1 9115 0.00328286
Chain
	Aln	92	-91737ef9-be31-40d5-bced-0becc59a8578 5 9349 9360 +edge_47_0_+disjointig_53_0_18256 5 9351 18256 -1 -1 9115 0.00328286
Chain
	Aln	103	+66db583b-bc00-4c77-8296-6f00740723b7 10 18827 18837 -edge_52_0_+disjointig_7_0_30701 9 18893 30701 -1 -1 18435 0.00261503
Chain
	Aln	102	-66db583b-bc00-4c77-8296-6f00740723b7 9 18826 18837 +edge_52_0_+disjointig_7_0_30701 11807 30691 30701 -1 -1 18435 0.00261503
Chain
	Aln	106	+69ac8ce4-f2c0-4d5f-9469-ad22ad7e814c 18 18979 19000 +edge_54_0_+disjointig_9_0_36362 17403 36341 36362 -1 -1 18206 0.00359433
Chain
	Aln	107	-69ac8ce4-f2c0-4d5f-9469-ad22ad7e814c 20 18981 19000 -edge_54_0_+disjointig_9_0_36362 20 18958 36362 -1 -1 18206 0.00359433
Chain
	Aln	27	+e898d417-c017-44de-a1b6-3bc95d731627 19 5239 5243 -edge_14_0_+disjointig_22_0_43772 26550 31770 43772 -1 -1 5208 0.000805303
Chain
	Aln	26	-e898d417-c017-44de-a1b6-3bc95d731627 3 5223 5243 +edge_14_0_+disjointig_22_0_43772 12001 17221 43772 -1 -1 5208 0.000805303
Chain
	Aln	41	+1156875a-f058-443f-a000-8611c9443894 12 18492 20587 -edge_21_0_+disjointig_29_0_18389 11 18388 18389 -1 -1 15482 0.0168012
Chain
	Aln	40	-1156875a-f058-443f-a000-8611c9443894 2094 20574 20587 +edge_21_0_+disjointig_29_0_18389 0 18377 18389 -1 -1 15482 0.0168012
Chain
	Aln	45	+ab724590-2d6c-4cb7-aff1-b28b8ad24600 28 5915 5917 -edge_23_0_+disjointig_30_0_54893 24943 30830 54893 -1 -1 5820 0.000664457
Chain
	Aln	44	-ab724590-2d6c-4cb7-aff1-b28b8ad24600 1 5888 5917 +edge_23_0_+disjointig_30_0_54893 24062 29949 54893 -1 -1 5820 0.000664457
Chain
	Aln	58	+6e41c0a3-4d3f-4a81-8cf4-01b06f0463ae 13 14623 14632 +edge_30_0_+disjointig_37_0_21299 1207 15783 21299 -1 -1 14325 0.00228311
Chain
	Aln	59	-6e41c0a3-4d3f-4a81-8cf4-01b06f0463ae 8 14618 14632 -edge_30_0_+disjointig_37_0_21299 5515 20091 21299 -1 -1 14325 0.00228311
Chain
	Aln	33	+988f0fcf-93c3-44fa-910e-7621b8cde42f 17 9084 9088 -edge_17_0_+disjointig_25_0_15762 16 9080 15762 -1 -1 8906 0.00231198
Chain
	Aln	32	-988f0fcf-93c3-44fa-910e-7621b8cde42f 3 9070 9088 +edge_17_0_+disjointig_25_0_15762 6681 15745 15762 -1 -1 8906 0.00231198
Chain
	Aln	43	+8a45024a-e89e-4e8f-99b0-e76d4f92cce2 1 5073 5075 -edge_22_0_+disjointig_3_0_36579 31504 36577 36579 -1 -1 5055 0
Chain
	Aln	42	-8a45024a-e89e-4e8f-99b0-e76d4f92cce2 1 5073 5075 +edge_22_0_+disjointig_3_0_36579 1 5074 36579 -1 -1 5055 0
Chain
	Aln	29	+65dd8a57-c6d0-4c48-9371-7c70774e2095 846 6601 6604 -edge_15_0_+disjointig_23_0_13590 16 5771 13590 -1 -1 5750 0.00119626
Chain
	Aln	28	-65dd8a57-c6d0-4c48-9371-7c70774e2095 2 5757 6604 +edge_15_0_+disjointig_23_0_13590 7818 13573 13590 -1 -1 5750 0.00119626
Chain
	Aln	66	+691ba83f-7e71-4842-98dd-b99c079b319d 4 10086 10094 +edge_34_0_+disjointig_40_0_114130 90196 100277 114130 -1 -1 9938 0.00235236
Chain
	Aln	67	-691ba83f-7e71-4842-98dd-b99c079b319d 7 10089 10094 -edge_34_0_+disjointig_40_0_114130 13852 23933 114130 -1 -1 9938 0.00235236
Chain
	Aln	45	+c238336d-7845-424a-bf8d-77cbdfcb3faf 9 7599 7604 -edge_23_0_+disjointig_30_0_54893 37703 45286 54893 -1 -1 7358 0.00330272
Chain
	Aln	44	-c238336d-7845-424a-bf8d-77cbdfcb3faf 4 7594 7604 +edge_23_0_+disjointig_30_0_54893 9606 17189 54893 -1 -1 7358 0.00330272
Chain
	Aln	83	+9175f123-13d2-4c52-b5f6-753e3f26a04a 19 6295 6302 -edge_42_0_+disjointig_48_0_30744 10320 16597 30744 -1 -1 6192 0.00279144
Chain
	Aln	82	-9175f123-13d2-4c52-b5f6-753e3f26a04a 6 6282 6302 +edge_42_0_+disjointig_48_0_30744 14146 20423 30744 -1 -1 6192 0.00279144
Chain
	Aln	3	+695acb52-5b7b-4a36-baf0-079826c81612 2 10903 10905 -edge_2_0_+disjointig_10_0_28071 17165 28069 28071 -1 -1 10810 0.00168866
Chain
	Aln	2	-695acb52-5b7b-4a36-baf0-079826c81612 1 10902 10905 +edge_2_0_+disjointig_10_0_28071 1 10905 28071 -1 -1 10810 0.00168866
Chain
	Aln	71	+04447dd2-86ee-4a63-941a-cea61d440007 2 8008 8017 -edge_36_0_+disjointig_42_0_26068 16964 24974 26068 -1 -1 7960 0.000549261
Chain
	Aln	70	-04447dd2-86ee-4a63-941a-cea61d440007 8 8014 8017 +edge_36_0_+disjointig_42_0_26068 1093 9103 26068 -1 -1 7960 0.000549261
Chain
	Aln	77	+2232a41e-b51a-4edb-a5a6-f8e36d7ac513 743 27597 27607 -edge_39_0_+disjointig_45_0_26886 14 26876 26886 -1 -1 26626 0.00148762
Chain
	Aln	76	-2232a41e-b51a-4edb-a5a6-f8e36d7ac513 9 26863 27607 +edge_39_0_+disjointig_45_0_26886 9 26871 26886 -1 -1 26626 0.00148762
Chain
	Aln	37	+30c7495e-7976-49f1-89af-d3a7694241f4 7 6367 27264 -edge_19_0_+disjointig_27_0_41177 34815 41176 41177 -1 -1 6296 0.00165681
Chain
	Aln	36	-30c7495e-7976-49f1-89af-d3a7694241f4 20896 27256 27264 +edge_19_0_+disjointig_27_0_41177 0 6361 41177 -1 -1 6296 0.00165681
Chain
	Aln	67	+37e60a6c-8744-4128-b05a-2efd0814b841 54 6985 7001 -edge_34_0_+disjointig_40_0_114130 61954 68908 114130 -1 -1 6002 0.0141368
Chain
	Aln	66	-37e60a6c-8744-4128-b05a-2efd0814b841 15 6946 7001 +edge_34_0_+disjointig_40_0_114130 45221 52175 114130 -1 -1 6002 0.0141368
Chain
	Aln	57	+c5eabd8a-72cd-4951-910c-57c114ac6eb0 12 12859 12861 -edge_29_0_+disjointig_36_0_27800 14951 27798 27800 -1 -1 12648 0.00197065
Chain
	Aln	56	-c5eabd8a-72cd-4951-910c-57c114ac6eb0 1 12848 12861 +edge_29_0_+disjointig_36_0_27800 1 12848 27800 -1 -1 12648 0.00197065
Chain
	Aln	63	+3cc202e5-e61c-4d49-8a19-93e8b0d7cf49 11 31643 31645 -edge_32_0_+disjointig_39_0_64534 24342 55967 64534 -1 -1 31149 0.00157742
Chain
	Aln	62	-3cc202e5-e61c-4d49-8a19-93e8b0d7cf49 1 31633 31645 +edge_32_0_+disjointig_39_0_64534 8566 40191 64534 -1 -1 31149 0.00157742
Chain
	Aln	93	+292b4e83-ccf1-471d-a365-1282e5f4d2ed 14 18260 20419 -edge_47_0_+disjointig_53_0_18256 13 18255 18256 -1 -1 17797 0.00282299
Chain
	Aln	92	-292b4e83-ccf1-471d-a365-1282e5f4d2ed 2158 20404 20419 +edge_47_0_+disjointig_53_0_18256 0 18242 18256 -1 -1 17797 0.00282299
Chain
	Aln	27	+bc4a6db9-0225-4be3-ae06-bc29a4a17c88 14 5280 5295 -edge_14_0_+disjointig_22_0_43772 20743 26002 43772 -1 -1 5159 0.00246487
Chain
	Aln	26	-bc4a6db9-0225-4be3-ae06-bc29a4a17c88 14 5280 5295 +edge_14_0_+disjointig_22_0_43772 17769 23028 43772 -1 -1 5159 0.00246487
Chain
	Aln	43	+bc57c734-e25f-4900-a155-89778b5a0b32 14 15984 15988 -edge_22_0_+disjointig_3_0_36579 13 15992 36579 -1 -1 15811 0.00161525
Chain
	Aln	42	-bc57c734-e25f-4900-a155-89778b5a0b32 3 15973 15988 +edge_22_0_+disjointig_3_0_36579 20586 36565 36579 -1 -1 15811 0.00161525
Chain
	Aln	81	+dfcd4a09-fea5-4dbe-b51d-c7cdb924b746 12 10751 10778 -edge_41_0_+disjointig_47_0_71254 35231 45973 71254 -1 -1 10433 0.00241988
Chain
	Aln	80	-dfcd4a09-fea5-4dbe-b51d-c7cdb924b746 26 10765 10778 +edge_41_0_+disjointig_47_0_71254 25280 36022 71254 -1 -1 10433 0.00241988
Chain
	Aln	66	+874f02da-fe19-4fdd-aac8-b6a7fe1c584e 10 23942 23949 +edge_34_0_+disjointig_40_0_114130 77226 101164 114130 -1 -1 23175 0.00333873
Chain
	Aln	67	-874f02da-fe19-4fdd-aac8-b6a7fe1c584e 6 23938 23949 -edge_34_0_+disjointig_40_0_114130 12965 36903 114130 -1 -1 23175 0.00333873
Chain
	Aln	27	+248e4e28-129c-4dbb-b26f-e17ac8ea7c11 22 9268 9279 -edge_14_0_+disjointig_22_0_43772 12009 21268 43772 -1 -1 9106 0.00222184
Chain
	Aln	26	-248e4e28-129c-4dbb-b26f-e17ac8ea7c11 10 9256 9279 +edge_14_0_+disjointig_22_0_43772 22503 31762 43772 -1 -1 9106 0.00222184
Chain
	Aln	7	+f0f5adfd-23c5-45fd-9ad8-e2fdc40ad039 5 4891 4895 -edge_4_0_+disjointig_12_0_14748 4 4890 14748 -1 -1 4860 0.00156121
Chain
	Aln	6	-f0f5adfd-23c5-45fd-9ad8-e2fdc40ad039 3 4889 4895 +edge_4_0_+disjointig_12_0_14748 9857 14743 14748 -1 -1 4860 0.00156121
Chain
	Aln	17	+4576c2c8-89fd-4507-95c9-a2fb6a56c2e8 16 6878 6885 -edge_9_0_+disjointig_17_0_26745 15 6883 26745 -1 -1 6806 0.000670981
Chain
	Aln	16	-4576c2c8-89fd-4507-95c9-a2fb6a56c2e8 6 6868 6885 +edge_9_0_+disjointig_17_0_26745 19861 26729 26745 -1 -1 6806 0.000670981
Chain
	Aln	62	+6bec9cc6-a77b-4724-a3f9-95f8cbf6d641 845 13559 13564 +edge_32_0_+disjointig_39_0_64534 1 12708 64534 -1 -1 12300 0.00364474
Chain
	Aln	63	-6bec9cc6-a77b-4724-a3f9-95f8cbf6d641 4 12718 13564 -edge_32_0_+disjointig_39_0_64534 51825 64532 64534 -1 -1 12300 0.00364474
Chain
	Aln	46	+ac6545bb-f352-4762-bc75-51b90c40b5d4 3353 13517 13522 +edge_24_0_+disjointig_31_0_10168 8 10164 10168 -1 -1 9977 0.00299631
Chain
	Aln	47	-ac6545bb-f352-4762-bc75-51b90c40b5d4 4 10168 13522 -edge_24_0_+disjointig_31_0_10168 3 10159 10168 -1 -1 9977 0.00299631
Chain
	Aln	49	+33c16882-6234-4eee-9c05-ed4cd1039032 17 12068 12108 -edge_25_0_+disjointig_32_0_19357 16 12072 19357 -1 -1 11884 0.00270024
Chain
	Aln	48	-33c16882-6234-4eee-9c05-ed4cd1039032 39 12090 12108 +edge_25_0_+disjointig_32_0_19357 7284 19340 19357 -1 -1 11884 0.00270024
Chain
	Aln	81	+cdc015b9-e0b3-412f-b24f-10258a4d6e4d 14 29359 29361 -edge_41_0_+disjointig_47_0_71254 24654 54002 71254 -1 -1 29063 0.000390249
Chain
	Aln	80	-cdc015b9-e0b3-412f-b24f-10258a4d6e4d 1 29346 29361 +edge_41_0_+disjointig_47_0_71254 17251 46599 71254 -1 -1 29063 0.000390249
Chain
	Aln	27	+3ad4e30e-627a-4159-ac43-3ed811046c1b 7 28815 28818 -edge_14_0_+disjointig_22_0_43772 14971 43769 43772 -1 -1 28474 0.00169033
Chain
	Aln	26	-3ad4e30e-627a-4159-ac43-3ed811046c1b 2 28810 28818 +edge_14_0_+disjointig_22_0_43772 2 28800 43772 -1 -1 28474 0.00169033
Chain
	Aln	41	+7a75ddbe-f3c0-4f71-bf0b-f388689fc3c8 14 6854 6856 -edge_21_0_+disjointig_29_0_18389 11568 18387 18389 -1 -1 6272 0.012869
Chain
	Aln	40	-7a75ddbe-f3c0-4f71-bf0b-f388689fc3c8 1 6841 6856 +edge_21_0_+disjointig_29_0_18389 1 6820 18389 -1 -1 6272 0.012869
Chain
	Aln	24	+534cd4a3-717c-4989-87cf-3b6d0fa7cbf4 20 5236 5238 +edge_13_0_+disjointig_21_0_17628 8274 13490 17628 -1 -1 5188 0
Chain
	Aln	25	-534cd4a3-717c-4989-87cf-3b6d0fa7cbf4 1 5217 5238 -edge_13_0_+disjointig_21_0_17628 4137 9353 17628 -1 -1 5188 0
Chain
	Aln	11	+d22bb73f-67bd-4486-8fbb-fc23eddbdc65 12 50818 50989 -edge_6_0_+disjointig_14_0_50936 11 50935 50936 -1 -1 49497 0.00273548
Chain
	Aln	10	-d22bb73f-67bd-4486-8fbb-fc23eddbdc65 170 50976 50989 +edge_6_0_+disjointig_14_0_50936 0 50924 50936 -1 -1 49497 0.00273548
Chain
	Aln	49	+693c9aa2-2a2c-4502-9349-f2626b4a883d 9 13644 16801 -edge_25_0_+disjointig_32_0_19357 5717 19356 19357 -1 -1 13497 0.00192349
Chain
	Aln	48	-693c9aa2-2a2c-4502-9349-f2626b4a883d 3156 16791 16801 +edge_25_0_+disjointig_32_0_19357 0 13639 19357 -1 -1 13497 0.00192349
Chain
	Aln	47	+54c17765-5d37-4427-ac89-92c8bcf39153 7 5630 5639 -edge_24_0_+disjointig_31_0_10168 4533 10159 10168 -1 -1 5523 0.00226641
Chain
	Aln	46	-54c17765-5d37-4427-ac89-92c8bcf39153 8 5631 5639 +edge_24_0_+disjointig_31_0_10168 8 5634 10168 -1 -1 5523 0.00226641
Chain
	Aln	91	+b28f409e-9cd3-4471-8c88-2a105904702c 15 13200 13209 -edge_46_0_+disjointig_51_0_18689 3519 16701 18689 -1 -1 13104 0.000128759
Chain
	Aln	90	-b28f409e-9cd3-4471-8c88-2a105904702c 8 13193 13209 +edge_46_0_+disjointig_51_0_18689 1987 15169 18689 -1 -1 13104 0.000128759
Chain
	Aln	80	+d34273da-3ba7-4bd2-85a9-3a21b78043fc 23 12911 12921 +edge_41_0_+disjointig_47_0_71254 58357 71245 71254 -1 -1 12783 0.00179417
Chain
	Aln	81	-d34273da-3ba7-4bd2-85a9-3a21b78043fc 9 12897 12921 -edge_41_0_+disjointig_47_0_71254 8 12896 71254 -1 -1 12783 0.00179417
Chain
	Aln	55	+4b1b74b9-c97c-4d4c-a707-4fd4d755aa3b 3 10231 10233 -edge_28_0_+disjointig_35_0_29916 19686 29914 29916 -1 -1 10147 0
Chain
	Aln	54	-4b1b74b9-c97c-4d4c-a707-4fd4d755aa3b 1 10229 10233 +edge_28_0_+disjointig_35_0_29916 1 10229 29916 -1 -1 10147 0
Chain
	Aln	59	+06e6c06b-6581-4060-bd7f-a5a95006cd87 1 8395 9008 -edge_30_0_+disjointig_37_0_21299 12446 20837 21299 -1 -1 8279 0.00137626
Chain
	Aln	58	-06e6c06b-6581-4060-bd7f-a5a95006cd87 612 9006 9008 +edge_30_0_+disjointig_37_0_21299 461 8852 21299 -1 -1 8279 0.00137626
Chain
	Aln	4	+7b191953-5eda-4e09-a606-5fb025f9cc36 9 5459 5466 +edge_3_0_+disjointig_11_0_21888 9 5455 21888 -1 -1 5395 0.00197361
Chain
	Aln	5	-7b191953-5eda-4e09-a606-5fb025f9cc36 6 5456 5466 -edge_3_0_+disjointig_11_0_21888 16432 21878 21888 -1 -1 5395 0.00197361
Chain
	Aln	67	+da71db6e-c2c3-47cd-8793-41ec9615a394 35 14592 14594 -edge_34_0_+disjointig_40_0_114130 50489 65079 114130 -1 -1 14225 0.0028049
Chain
	Aln	66	-da71db6e-c2c3-47cd-8793-41ec9615a394 1 14558 14594 +edge_34_0_+disjointig_40_0_114130 49050 63640 114130 -1 -1 14225 0.0028049
Chain
	Aln	42	+297d5d7e-86e4-4035-85d4-769788380f2d 11 6135 6142 +edge_22_0_+disjointig_3_0_36579 17784 23908 36579 -1 -1 6091 0.0026532
Chain
	Aln	43	-297d5d7e-86e4-4035-85d4-769788380f2d 6 6130 6142 -edge_22_0_+disjointig_3_0_36579 12670 18794 36579 -1 -1 6091 0.0026532
Chain
	Aln	86	+09740bef-1ea7-4679-9e96-ae4e9c8111f3 13 21894 21909 +edge_44_0_+disjointig_5_0_46374 4681 26574 46374 -1 -1 21366 0.00228552
Chain
	Aln	87	-09740bef-1ea7-4679-9e96-ae4e9c8111f3 14 21895 21909 -edge_44_0_+disjointig_5_0_46374 19799 41692 46374 -1 -1 21366 0.00228552
Chain
	Aln	10	+36d29c1b-4b5c-48ca-af3c-eb68260c2eeb 5 5917 5925 +edge_6_0_+disjointig_14_0_50936 11175 17080 50936 -1 -1 5810 0.00181096
Chain
	Aln	11	-36d29c1b-4b5c-48ca-af3c-eb68260c2eeb 7 5919 5925 -edge_6_0_+disjointig_14_0_50936 33855 39760 50936 -1 -1 5810 0.00181096
Chain
	Aln	36	+1ba73326-381b-4466-a1e8-8a9627626a3c 57 10047 10068 +edge_19_0_+disjointig_27_0_41177 14925 24933 41177 -1 -1 9540 0.00444724
Chain
	Aln	37	-1ba73326-381b-4466-a1e8-8a9627626a3c 20 10010 10068 -edge_19_0_+disjointig_27_0_41177 16243 26251 41177 -1 -1 9540 0.00444724
Chain
	Aln	84	+6072a8e2-7b76-4e40-8d19-3d43e9ac5683 8 5761 5763 +edge_43_0_+disjointig_49_0_20819 10314 16060 20819 -1 -1 5672 0.00292492
Chain
	Aln	85	-6072a8e2-7b76-4e40-8d19-3d43e9ac5683 1 5754 5763 -edge_43_0_+disjointig_49_0_20819 4758 10504 20819 -1 -1 5672 0.00292492
Chain
	Aln	23	+8d0dcdc2-2374-44f5-a6ff-a6ffb5d7dabf 30 20117 37867 -edge_12_0_+disjointig_20_0_47193 27100 47192 47193 -1 -1 19890 0.00152651
Chain
	Aln	0	+8d0dcdc2-2374-44f5-a6ff-a6ffb5d7dabf 21258 37859 37867 +edge_1_0_+disjointig_1_0_16596 1 16589 16596 -1 -1 16319 0.00171337
Chain
	Aln	22	-8d0dcdc2-2374-44f5-a6ff-a6ffb5d7dabf 17749 37836 37867 +edge_12_0_+disjointig_20_0_47193 0 20092 47193 -1 -1 19890 0.00152651
Chain
	Aln	1	-8d0dcdc2-2374-44f5-a6ff-a6ffb5d7dabf 7 16608 37867 -edge_1_0_+disjointig_1_0_16596 6 16594 16596 -1 -1 16319 0.00171337
Chain
	Aln	1	+e9779257-000e-4907-b109-6409fd23b1e6 11 11679 11681 -edge_1_0_+disjointig_1_0_16596 4926 16594 16596 -1 -1 11556 0.00131293
Chain
	Aln	0	-e9779257-000e-4907-b109-6409fd23b1e6 1 11669 11681 +edge_1_0_+disjointig_1_0_16596 1 11669 16596 -1 -1 11556 0.00131293
Chain
	Aln	41	+e787ee8f-32ef-4c93-a4bf-25b0d55ab466 3 6971 6976 -edge_21_0_+disjointig_29_0_18389 7892 14850 18389 -1 -1 6888 0.00292135
Chain
	Aln	40	-e787ee8f-32ef-4c93-a4bf-25b0d55ab466 4 6972 6976 +edge_21_0_+disjointig_29_0_18389 3538 10496 18389 -1 -1 6888 0.00292135
Chain
	Aln	99	+922c5c09-015c-4ce2-9dfc-c0858e79bec0 5 7036 7044 -edge_50_0_+disjointig_56_0_25745 8711 15741 25745 -1 -1 6981 0
Chain
	Aln	98	-922c5c09-015c-4ce2-9dfc-c0858e79bec0 7 7038 7044 +edge_50_0_+disjointig_56_0_25745 10003 17033 25745 -1 -1 6981 0
Chain
	Aln	81	+4363ed27-5c85-4388-8e09-d67718f8817e 10 19775 19782 -edge_41_0_+disjointig_47_0_71254 48068 67843 71254 -1 -1 18804 0.00516581
Chain
	Aln	80	-4363ed27-5c85-4388-8e09-d67718f8817e 6 19771 19782 +edge_41_0_+disjointig_47_0_71254 3410 23185 71254 -1 -1 18804 0.00516581
Chain
	Aln	34	+f19442da-025f-4d63-89df-f68a065b67d3 25 16843 16845 +edge_18_0_+disjointig_26_0_24549 90 16897 24549 -1 -1 16237 0.00379787
Chain
	Aln	35	-f19442da-025f-4d63-89df-f68a065b67d3 1 16819 16845 -edge_18_0_+disjointig_26_0_24549 7651 24458 24549 -1 -1 16237 0.00379787
Chain
	Aln	66	+5db32474-0bb8-474b-be57-ec61a76810d2 3 5855 5861 +edge_34_0_+disjointig_40_0_114130 106706 112558 114130 -1 -1 5766 0.00177872
Chain
	Aln	67	-5db32474-0bb8-474b-be57-ec61a76810d2 5 5857 5861 -edge_34_0_+disjointig_40_0_114130 1571 7423 114130 -1 -1 5766 0.00177872
Chain
	Aln	99	+f76b23e9-db96-454e-8ca5-27e6b049631d 30 9035 9038 -edge_50_0_+disjointig_56_0_25745 12411 21433 25745 -1 -1 8860 0.00179678
Chain
	Aln	98	-f76b23e9-db96-454e-8ca5-27e6b049631d 2 9007 9038 +edge_50_0_+disjointig_56_0_25745 4311 13333 25745 -1 -1 8860 0.00179678
Chain
	Aln	96	+00cb9c82-b95f-43c1-b30d-4757d2c01862 14 30888 30890 +edge_49_0_+disjointig_55_0_49950 14147 45008 49950 -1 -1 30697 0.00101963
Chain
	Aln	97	-00cb9c82-b95f-43c1-b30d-4757d2c01862 1 30875 30890 -edge_49_0_+disjointig_55_0_49950 4941 35802 49950 -1 -1 30697 0.00101963
Chain
	Aln	51	+f5f33172-a7b1-42b6-8abf-1f339bffa7ae 6 12700 12702 -edge_26_0_+disjointig_33_0_53231 5 12698 53231 -1 -1 12611 0.000772549
Chain
	Aln	50	-f5f33172-a7b1-42b6-8abf-1f339bffa7ae 1 12695 12702 +edge_26_0_+disjointig_33_0_53231 40532 53225 53231 -1 -1 12611 0.000772549
Chain
	Aln	66	+9a180ba8-eeaa-4024-9243-db4839ee3969 40 5019 7225 +edge_34_0_+disjointig_40_0_114130 97585 102556 114130 -1 -1 4902 0.00246643
Chain
	Aln	67	-9a180ba8-eeaa-4024-9243-db4839ee3969 2205 7184 7225 -edge_34_0_+disjointig_40_0_114130 11573 16544 114130 -1 -1 4902 0.00246643
Chain
	Aln	62	+2f5fcd5e-99c8-4c79-9e55-9b762eeba609 8 33083 33092 +edge_32_0_+disjointig_39_0_64534 31454 64526 64534 -1 -1 32990 0
Chain
	Aln	63	-2f5fcd5e-99c8-4c79-9e55-9b762eeba609 8 33083 33092 -edge_32_0_+disjointig_39_0_64534 7 33079 64534 -1 -1 32990 0
Chain
	Aln	74	+ff857b4b-4f37-4a6c-80bc-223ef3d7d8e2 13 21011 21013 +edge_38_0_+disjointig_44_0_25201 12 21013 25201 -1 -1 20882 0.00188911
Chain
	Aln	75	-ff857b4b-4f37-4a6c-80bc-223ef3d7d8e2 1 20999 21013 -edge_38_0_+disjointig_44_0_25201 4187 25188 25201 -1 -1 20882 0.00188911
Chain
	Aln	83	+ed253f00-e316-4015-9675-3c5f20f801ea 10 4203 4205 -edge_42_0_+disjointig_48_0_30744 26556 30742 30744 -1 -1 4110 0.00112298
Chain
	Aln	82	-ed253f00-e316-4015-9675-3c5f20f801ea 1 4194 4205 +edge_42_0_+disjointig_48_0_30744 1 4187 30744 -1 -1 4110 0.00112298
Chain
	Aln	88	+3f5b549d-1cd1-4a1d-8b91-8e3808aa18f4 17174 30891 30899 +edge_45_0_+disjointig_50_0_13728 0 13721 13728 -1 -1 13665 0.00137503
Chain
	Aln	89	-3f5b549d-1cd1-4a1d-8b91-8e3808aa18f4 7 13724 30899 -edge_45_0_+disjointig_50_0_13728 6 13727 13728 -1 -1 13665 0.00137503
Chain
	Aln	63	+5193ef14-b43b-4f99-8359-b87583876ccd 15 6225 6227 -edge_32_0_+disjointig_39_0_64534 58333 64532 64534 -1 -1 6000 0.0040854
Chain
	Aln	62	-5193ef14-b43b-4f99-8359-b87583876ccd 1 6211 6227 +edge_32_0_+disjointig_39_0_64534 1 6200 64534 -1 -1 6000 0.0040854
Chain
	Aln	70	+518cf6fa-5e43-4606-9b93-d53bc52f4986 716 26708 26716 +edge_36_0_+disjointig_42_0_26068 4 26061 26068 -1 -1 25629 0.00176204
Chain
	Aln	71	-518cf6fa-5e43-4606-9b93-d53bc52f4986 7 25999 26716 -edge_36_0_+disjointig_42_0_26068 6 26063 26068 -1 -1 25629 0.00176204
Chain
	Aln	85	+d846dd62-f3f6-48fa-918c-2965a39c2ec2 9 20122 20125 -edge_43_0_+disjointig_49_0_20819 8 20132 20819 -1 -1 19780 0.00176923
Chain
	Aln	84	-d846dd62-f3f6-48fa-918c-2965a39c2ec2 2 20115 20125 +edge_43_0_+disjointig_49_0_20819 686 20810 20819 -1 -1 19780 0.00176923
Chain
	Aln	22	+ae45dc62-d12e-4630-b500-cc50aa782cdd 8 22362 22366 +edge_12_0_+disjointig_20_0_47193 3423 25774 47193 -1 -1 22185 0.00118883
Chain
	Aln	23	-ae45dc62-d12e-4630-b500-cc50aa782cdd 3 22357 22366 -edge_12_0_+disjointig_20_0_47193 21418 43769 47193 -1 -1 22185 0.00118883
Chain
	Aln	103	+a6014e5d-24f3-4e29-8eef-9882a045c5fb 11 14716 14718 -edge_52_0_+disjointig_7_0_30701 15986 30699 30701 -1 -1 14462 0.00148722
Chain
	Aln	102	-a6014e5d-24f3-4e29-8eef-9882a045c5fb 1 14706 14718 +edge_52_0_+disjointig_7_0_30701 1 14714 30701 -1 -1 14462 0.00148722
Chain
	Aln	37	+b1241519-9e92-4381-b9d5-46bb985e9a60 12 10841 10852 -edge_19_0_+disjointig_27_0_41177 13728 24565 41177 -1 -1 10508 0.00303216
Chain
	Aln	36	-b1241519-9e92-4381-b9d5-46bb985e9a60 10 10839 10852 +edge_19_0_+disjointig_27_0_41177 16611 27448 41177 -1 -1 10508 0.00303216
Chain
	Aln	21	+4620ea52-bdfb-437a-adc4-bff63bea4e0e 2 6699 6701 -edge_11_0_+disjointig_19_0_26232 19526 26230 26232 -1 -1 6641 0.00183376
Chain
	Aln	20	-4620ea52-bdfb-437a-adc4-bff63bea4e0e 1 6698 6701 +edge_11_0_+disjointig_19_0_26232 1 6705 26232 -1 -1 6641 0.00183376
Chain
	Aln	73	+c1f86674-807a-47ff-88db-8a5b2dc80009 5 8480 12442 -edge_37_0_+disjointig_43_0_8508 4 8507 8508 -1 -1 8337 0.00261118
Chain
	Aln	72	-c1f86674-807a-47ff-88db-8a5b2dc80009 3961 12436 12442 +edge_37_0_+disjointig_43_0_8508 0 8503 8508 -1 -1 8337 0.00261118
Chain
	Aln	66	+5cc2a8c5-9b11-4f24-912c-21cca4c043bc 3 36856 36858 +edge_34_0_+disjointig_40_0_114130 48336 85171 114130 -1 -1 36327 0.00132502
Chain
	Aln	67	-5cc2a8c5-9b11-4f24-912c-21cca4c043bc 1 36854 36858 -edge_34_0_+disjointig_40_0_114130 28958 65793 114130 -1 -1 36327 0.00132502
Chain
	Aln	33	+3ecb326e-661e-438d-9abb-d47de13d5a2a 12 6878 6881 -edge_17_0_+disjointig_25_0_15762 4100 10974 15762 -1 -1 6624 0.00295889
Chain
	Aln	32	-3ecb326e-661e-438d-9abb-d47de13d5a2a 2 6868 6881 +edge_17_0_+disjointig_25_0_15762 4787 11661 15762 -1 -1 6624 0.00295889
Chain
	Aln	10	+9c6e482c-6794-4906-9d5c-76bbb57710b3 21 8719 8721 +edge_6_0_+disjointig_14_0_50936 21448 30150 50936 -1 -1 8462 0.00389239
Chain
	Aln	11	-9c6e482c-6794-4906-9d5c-76bbb57710b3 1 8699 8721 -edge_6_0_+disjointig_14_0_50936 20785 29487 50936 -1 -1 8462 0.00389239
Chain
	Aln	7	+b351d57b-6230-43a0-ae9d-98faff0dbae6 14 8624 8631 -edge_4_0_+disjointig_12_0_14748 2147 10759 14748 -1 -1 8516 0.00094163
Chain
	Aln	6	-b351d57b-6230-43a0-ae9d-98faff0dbae6 6 8616 8631 +edge_4_0_+disjointig_12_0_14748 3988 12600 14748 -1 -1 8516 0.00094163
Chain
	Aln	18	+ec3b1ba6-d5fb-434e-89d9-9987dec1d993 10 13493 13501 +edge_10_0_+disjointig_18_0_23353 9857 23346 23353 -1 -1 13104 0.00316825
Chain
	Aln	19	-ec3b1ba6-d5fb-434e-89d9-9987dec1d993 7 13490 13501 -edge_10_0_+disjointig_18_0_23353 6 13495 23353 -1 -1 13104 0.00316825
Chain
	Aln	40	+4012652f-9429-44ff-9db7-86c49bd41b54 85 12035 19074 +edge_21_0_+disjointig_29_0_18389 6346 18365 18389 -1 -1 8695 0.0325024
Chain
	Aln	41	-4012652f-9429-44ff-9db7-86c49bd41b54 7038 18988 19074 -edge_21_0_+disjointig_29_0_18389 23 12042 18389 -1 -1 8695 0.0325024
Chain
	Aln	96	+d597f0b2-9058-4d46-8e21-4efd71d965e6 5453 29044 29052 +edge_49_0_+disjointig_55_0_49950 1 23598 49950 -1 -1 23264 0.00157106
Chain
	Aln	97	-d597f0b2-9058-4d46-8e21-4efd71d965e6 7 23598 29052 -edge_49_0_+disjointig_55_0_49950 26351 49948 49950 -1 -1 23264 0.00157106
Chain
	Aln	81	+3ac67f38-5584-44a4-b97f-99d1ac3801fc 13 18841 18844 -edge_41_0_+disjointig_47_0_71254 31054 49887 71254 -1 -1 18698 0
Chain
	Aln	80	-3ac67f38-5584-44a4-b97f-99d1ac3801fc 2 18830 18844 +edge_41_0_+disjointig_47_0_71254 21366 40199 71254 -1 -1 18698 0
Chain
	Aln	22	+0c7e37cc-958e-46f4-8e77-f561a72a4b7c 1 7100 7102 +edge_12_0_+disjointig_20_0_47193 1 7106 47193 -1 -1 7035 0.000927399
Chain
	Aln	23	-0c7e37cc-958e-46f4-8e77-f561a72a4b7c 1 7100 7102 -edge_12_0_+disjointig_20_0_47193 40086 47191 47193 -1 -1 7035 0.000927399
Chain
	Aln	19	+203ee0ac-272e-458f-8d50-bddec5ac0d08 7 9458 9460 -edge_10_0_+disjointig_18_0_23353 13899 23351 23353 -1 -1 9385 0.000980346
Chain
	Aln	18	-203ee0ac-272e-458f-8d50-bddec5ac0d08 1 9452 9460 +edge_10_0_+disjointig_18_0_23353 1 9453 23353 -1 -1 9385 0.000980346
Chain
	Aln	67	+8579acbb-b1c4-4461-92a7-471f45a38b40 10 5572 5577 -edge_34_0_+disjointig_40_0_114130 40045 45607 114130 -1 -1 5541 0.000879662
Chain
	Aln	66	-8579acbb-b1c4-4461-92a7-471f45a38b40 4 5566 5577 +edge_34_0_+disjointig_40_0_114130 68522 74084 114130 -1 -1 5541 0.000879662
Chain
	Aln	9	+17e9a2e1-b362-40cd-8f63-49ce171bdcb3 13 11564 11568 -edge_5_0_+disjointig_13_0_23947 2543 14076 23947 -1 -1 11289 0.00129065
Chain
	Aln	8	-17e9a2e1-b362-40cd-8f63-49ce171bdcb3 3 11554 11568 +edge_5_0_+disjointig_13_0_23947 9870 21403 23947 -1 -1 11289 0.00129065
Chain
	Aln	80	+aa13baa2-9e91-43cc-bca1-ce642da1e129 15 8465 8469 +edge_41_0_+disjointig_47_0_71254 16032 24496 71254 -1 -1 8332 0.00107992
Chain
	Aln	81	-aa13baa2-9e91-43cc-bca1-ce642da1e129 3 8453 8469 -edge_41_0_+disjointig_47_0_71254 46757 55221 71254 -1 -1 8332 0.00107992
Chain
	Aln	87	+c3ec929c-300b-4e9c-adb3-2b8a2972690d 9 9870 9874 -edge_44_0_+disjointig_5_0_46374 36507 46370 46374 -1 -1 9733 0.00153057
Chain
	Aln	86	-c3ec929c-300b-4e9c-adb3-2b8a2972690d 3 9864 9874 +edge_44_0_+disjointig_5_0_46374 3 9866 46374 -1 -1 9733 0.00153057
Chain
	Aln	14	+fd621b4c-5b80-4c6d-9ad0-a7eda8275175 19 8421 8433 +edge_8_0_+disjointig_16_0_17488 9073 17477 17488 -1 -1 8311 0.00152535
Chain
	Aln	15	-fd621b4c-5b80-4c6d-9ad0-a7eda8275175 11 8413 8433 -edge_8_0_+disjointig_16_0_17488 10 8414 17488 -1 -1 8311 0.00152535
Chain
	Aln	90	+9d8cbc75-d26b-49b2-ba24-7fbdd8c148e8 2750 21409 21414 +edge_46_0_+disjointig_51_0_18689 1 18685 18689 -1 -1 18380 0.00152426
Chain
	Aln	91	-9d8cbc75-d26b-49b2-ba24-7fbdd8c148e8 4 18663 21414 -edge_46_0_+disjointig_51_0_18689 3 18687 18689 -1 -1 18380 0.00152426
Chain
	Aln	50	+9ab5bfd5-414e-4b9c-b65e-291479dfc46c 10 4680 4684 +edge_26_0_+disjointig_33_0_53231 42883 47552 53231 -1 -1 4591 0.00262531
Chain
	Aln	51	-9ab5bfd5-414e-4b9c-b65e-291479dfc46c 3 4673 4684 -edge_26_0_+disjointig_33_0_53231 5678 10347 53231 -1 -1 4591 0.00262531
Chain
	Aln	2	+cf1d9cb3-5c5f-48a3-b6bd-eff4cccb8947 5 7379 7382 +edge_2_0_+disjointig_10_0_28071 17350 24714 28071 -1 -1 7213 0.0025143
Chain
	Aln	3	-cf1d9cb3-5c5f-48a3-b6bd-eff4cccb8947 2 7376 7382 -edge_2_0_+disjointig_10_0_28071 3356 10720 28071 -1 -1 7213 0.0025143
Chain
	Aln	65	+4a434d53-de18-4a8c-97aa-5a25c333cb92 5 18258 26603 -edge_33_0_+disjointig_4_0_45153 26885 45152 45153 -1 -1 17437 0.00549954
Chain
	Aln	64	-4a434d53-de18-4a8c-97aa-5a25c333cb92 8344 26597 26603 +edge_33_0_+disjointig_4_0_45153 0 18267 45153 -1 -1 17437 0.00549954
Chain
	Aln	79	+fe83d023-d475-4f0a-b43d-dc37074f2370 12 8012 8019 -edge_40_0_+disjointig_46_0_49883 11 8009 49883 -1 -1 7914 0.000598371
Chain
	Aln	78	-fe83d023-d475-4f0a-b43d-dc37074f2370 6 8006 8019 +edge_40_0_+disjointig_46_0_49883 41873 49871 49883 -1 -1 7914 0.000598371
Chain
	Aln	23	+ce8dbbb7-1b33-4842-b5c8-f234a9461f81 3 8228 8233 -edge_12_0_+disjointig_20_0_47193 1361 9586 47193 -1 -1 8158 0.00309532
Chain
	Aln	22	-ce8dbbb7-1b33-4842-b5c8-f234a9461f81 4 8229 8233 +edge_12_0_+disjointig_20_0_47193 37606 45831 47193 -1 -1 8158 0.00309532
Chain
	Aln	31	+781fce7d-219b-4dae-8300-d31093424f17 9 5684 5689 -edge_16_0_+disjointig_24_0_29740 8 5685 29740 -1 -1 5594 0.00120333
Chain
	Aln	30	-781fce7d-219b-4dae-8300-d31093424f17 4 5679 5689 +edge_16_0_+disjointig_24_0_29740 24054 29731 29740 -1 -1 5594 0.00120333
Chain
	Aln	80	+56dd7472-9871-450e-bc95-28d8c3d79eac 1 14012 14020 +edge_41_0_+disjointig_47_0_71254 18910 32924 71254 -1 -1 13912 0.000365696
Chain
	Aln	81	-56dd7472-9871-450e-bc95-28d8c3d79eac 7 14018 14020 -edge_41_0_+disjointig_47_0_71254 38329 52343 71254 -1 -1 13912 0.000365696
Chain
	Aln	68	+d3095c4f-7e84-4327-8110-a1b5f6dbee95 12 4285 4287 +edge_35_0_+disjointig_41_0_38886 8297 12579 38886 -1 -1 3951 0.00694233
Chain
	Aln	69	-d3095c4f-7e84-4327-8110-a1b5f6dbee95 1 4274 4287 -edge_35_0_+disjointig_41_0_38886 26306 30588 38886 -1 -1 3951 0.00694233
Chain
	Aln	67	+ed80b5de-ad56-4d51-9aa8-c14e4fe5d25e 399 7208 7210 -edge_34_0_+disjointig_40_0_114130 11582 18398 114130 -1 -1 6589 0.00305815
Chain
	Aln	66	-ed80b5de-ad56-4d51-9aa8-c14e4fe5d25e 1 6810 7210 +edge_34_0_+disjointig_40_0_114130 95731 102547 114130 -1 -1 6589 0.00305815
Chain
	Aln	75	+41b11054-07fe-4c2c-8698-029671ab5fb7 9 4123 4130 -edge_38_0_+disjointig_44_0_25201 10940 15054 25201 -1 -1 4088 0.0014389
Chain
	Aln	74	-41b11054-07fe-4c2c-8698-029671ab5fb7 6 4120 4130 +edge_38_0_+disjointig_44_0_25201 10146 14260 25201 -1 -1 4088 0.0014389
Chain
	Aln	2	+47f7e132-9f4a-47ae-9703-43a2997290ce 2 6986 7904 +edge_2_0_+disjointig_10_0_28071 21083 28060 28071 -1 -1 6825 0.00137065
Chain
	Aln	3	-47f7e132-9f4a-47ae-9703-43a2997290ce 917 7901 7904 -edge_2_0_+disjointig_10_0_28071 10 6987 28071 -1 -1 6825 0.00137065
Chain
	Aln	23	+52dd4be8-b9c6-413b-9bd7-ec6fe9842303 0 8880 8886 -edge_12_0_+disjointig_20_0_47193 34387 43266 47193 -1 -1 8813 0.00282077
Chain
	Aln	22	-52dd4be8-b9c6-413b-9bd7-ec6fe9842303 5 8885 8886 +edge_12_0_+disjointig_20_0_47193 3926 12805 47193 -1 -1 8813 0.00282077
Chain
	Aln	5	+fd32b03d-ed3f-4c2b-8c68-76d0ce2a4d15 9 18482 18493 -edge_3_0_+disjointig_11_0_21888 8 18482 21888 -1 -1 18414 0.00091277
Chain
	Aln	4	-fd32b03d-ed3f-4c2b-8c68-76d0ce2a4d15 10 18483 18493 +edge_3_0_+disjointig_11_0_21888 3405 21879 21888 -1 -1 18414 0.00091277
Chain
	Aln	23	+dac65062-c01b-49a1-9592-c1c2ac55dad3 1 16279 16281 -edge_12_0_+disjointig_20_0_47193 21067 37353 47193 -1 -1 15993 0.00215412
Chain
	Aln	22	-dac65062-c01b-49a1-9592-c1c2ac55dad3 1 16279 16281 +edge_12_0_+disjointig_20_0_47193 9839 26125 47193 -1 -1 15993 0.00215412
Chain
	Aln	5	+b449c794-66e8-4e05-96a4-5dba5d98ca9f 7 8152 8155 -edge_3_0_+disjointig_11_0_21888 2901 11042 21888 -1 -1 8096 0.000842504
Chain
	Aln	4	-b449c794-66e8-4e05-96a4-5dba5d98ca9f 2 8147 8155 +edge_3_0_+disjointig_11_0_21888 10845 18986 21888 -1 -1 8096 0.000842504
Chain
	Aln	45	+14c32495-65bf-4e13-9f5d-49b49f0be613 30 21169 21171 -edge_23_0_+disjointig_30_0_54893 33742 54891 54893 -1 -1 20807 0.00126021
Chain
	Aln	44	-14c32495-65bf-4e13-9f5d-49b49f0be613 1 21140 21171 +edge_23_0_+disjointig_30_0_54893 1 21150 54893 -1 -1 20807 0.00126021
Chain
	Aln	75	+909f39d0-6df1-4bc4-a004-032d3528c156 17 5010 5015 -edge_38_0_+disjointig_44_0_25201 3570 8567 25201 -1 -1 4659 0.00874836
Chain
	Aln	74	-909f39d0-6df1-4bc4-a004-032d3528c156 4 4997 5015 +edge_38_0_+disjointig_44_0_25201 16633 21630 25201 -1 -1 4659 0.00874836
Chain
	Aln	83	+8ba7adab-77a3-427c-9cb6-08f65b87ff3e 16 17725 17732 -edge_42_0_+disjointig_48_0_30744 1860 19575 30744 -1 -1 17636 0.000732845
Chain
	Aln	82	-8ba7adab-77a3-427c-9cb6-08f65b87ff3e 6 17715 17732 +edge_42_0_+disjointig_48_0_30744 11168 28883 30744 -1 -1 17636 0.000732845
Chain
	Aln	37	+c8d22db2-8d9a-4e96-a09b-94a0020c71c9 4 5536 5538 -edge_19_0_+disjointig_27_0_41177 24474 30007 41177 -1 -1 5459 0.00140571
Chain
	Aln	36	-c8d22db2-8d9a-4e96-a09b-94a0020c71c9 1 5533 5538 +edge_19_0_+disjointig_27_0_41177 11169 16702 41177 -1 -1 5459 0.00140571
Chain
	Aln	79	+12ea87ca-f2e9-4f96-8262-8b9f724e124a 10 40485 40487 -edge_40_0_+disjointig_46_0_49883 3717 44180 49883 -1 -1 40074 0.00187654
Chain
	Aln	78	-12ea87ca-f2e9-4f96-8262-8b9f724e124a 1 40476 40487 +edge_40_0_+disjointig_46_0_49883 5702 46165 49883 -1 -1 40074 0.00187654
Chain
	Aln	107	+146d8419-6ca0-45d7-b44b-698093248bbf 6 16237 16239 -edge_54_0_+disjointig_9_0_36362 9196 25422 36362 -1 -1 15683 0.00329066
Chain
	Aln	106	-146d8419-6ca0-45d7-b44b-698093248bbf 1 16232 16239 +edge_54_0_+disjointig_9_0_36362 10939 27165 36362 -1 -1 15683 0.00329066
Chain
	Aln	85	+1e60b44d-6d70-454c-a386-a7510d498341 6 18617 18627 -edge_43_0_+disjointig_49_0_20819 2203 20809 20819 -1 -1 18208 0.00201005
Chain
	Aln	84	-1e60b44d-6d70-454c-a386-a7510d498341 9 18620 18627 +edge_43_0_+disjointig_49_0_20819 9 18615 20819 -1 -1 18208 0.00201005
Chain
	Aln	53	+bcbdcded-4cbb-4e8f-8d62-9efdc6c4ddc3 7 12146 12148 -edge_27_0_+disjointig_34_0_40812 10528 22685 40812 -1 -1 11968 0.000982422
Chain
	Aln	52	-bcbdcded-4cbb-4e8f-8d62-9efdc6c4ddc3 1 12140 12148 +edge_27_0_+disjointig_34_0_40812 18126 30283 40812 -1 -1 11968 0.000982422
Chain
	Aln	86	+54aed0c7-22f3-4556-9c6e-fa49510f2505 4 24512 24519 +edge_44_0_+disjointig_5_0_46374 21854 46368 46374 -1 -1 23918 0.00271024
Chain
	Aln	87	-54aed0c7-22f3-4556-9c6e-fa49510f2505 6 24514 24519 -edge_44_0_+disjointig_5_0_46374 5 24519 46374 -1 -1 23918 0.00271024
Chain
	Aln	33	+562afad0-4f01-41c1-996d-016d944cd67a 10 8159 8328 -edge_17_0_+disjointig_25_0_15762 7612 15761 15762 -1 -1 8079 0.0023007
Chain
	Aln	32	-562afad0-4f01-41c1-996d-016d944cd67a 168 8317 8328 +edge_17_0_+disjointig_25_0_15762 0 8149 15762 -1 -1 8079 0.0023007
Chain
	Aln	51	+ed67b64d-cd16-4bc6-8e18-afce0eccfc9d 28 12560 12563 -edge_26_0_+disjointig_33_0_53231 6054 18574 53231 -1 -1 12441 0.00108681
Chain
	Aln	50	-ed67b64d-cd16-4bc6-8e18-afce0eccfc9d 2 12534 12563 +edge_26_0_+disjointig_33_0_53231 34656 47176 53231 -1 -1 12441 0.00108681
Chain
	Aln	13	+2f1f8447-3038-4400-965d-e12fcb4aa907 8 13454 13460 -edge_7_0_+disjointig_15_0_24314 6439 19895 24314 -1 -1 13346 0.00078632
Chain
	Aln	12	-2f1f8447-3038-4400-965d-e12fcb4aa907 5 13451 13460 +edge_7_0_+disjointig_15_0_24314 4418 17874 24314 -1 -1 13346 0.00078632
Chain
	Aln	83	+e7fde4dc-14e9-4675-90a3-6cff3a2b3217 8 14356 14360 -edge_42_0_+disjointig_48_0_30744 9043 23387 30744 -1 -1 14243 0.00114955
Chain
	Aln	82	-e7fde4dc-14e9-4675-90a3-6cff3a2b3217 3 14351 14360 +edge_42_0_+disjointig_48_0_30744 7356 21700 30744 -1 -1 14243 0.00114955
Chain
	Aln	17	+7b7a16c4-c5c1-4836-a177-70c3e14a2b21 1 6892 6894 -edge_9_0_+disjointig_17_0_26745 19851 26743 26745 -1 -1 6803 0.00145148
Chain
	Aln	16	-7b7a16c4-c5c1-4836-a177-70c3e14a2b21 1 6892 6894 +edge_9_0_+disjointig_17_0_26745 1 6893 26745 -1 -1 6803 0.00145148
Chain
	Aln	73	+5b78173f-4e63-42a7-99fe-4b05b9849290 7 4174 4176 -edge_37_0_+disjointig_43_0_8508 4342 8506 8508 -1 -1 4100 0.00235348
Chain
	Aln	72	-5b78173f-4e63-42a7-99fe-4b05b9849290 1 4168 4176 +edge_37_0_+disjointig_43_0_8508 1 4165 8508 -1 -1 4100 0.00235348
Chain
	Aln	51	+93f173c3-2dde-44c2-be63-2b2b3cc5282f 5 5284 5286 -edge_26_0_+disjointig_33_0_53231 21574 26853 53231 -1 -1 5252 0.00159239
Chain
	Aln	50	-93f173c3-2dde-44c2-be63-2b2b3cc5282f 1 5280 5286 +edge_26_0_+disjointig_33_0_53231 26377 31656 53231 -1 -1 5252 0.00159239
Chain
	Aln	24	+84f770dc-3fad-4b16-bf79-a47e64cb4dc2 16 4171 4177 +edge_13_0_+disjointig_21_0_17628 3200 7355 17628 -1 -1 4122 0.00130046
Chain
	Aln	25	-84f770dc-3fad-4b16-bf79-a47e64cb4dc2 5 4160 4177 -edge_13_0_+disjointig_21_0_17628 10272 14427 17628 -1 -1 4122 0.00130046
Chain
	Aln	105	+ab32b196-c398-4513-9c44-9b4a1d0084cb 14 6322 6324 -edge_53_0_+disjointig_8_0_8550 13 6323 8550 -1 -1 6146 0.00347992
Chain
	Aln	104	-ab32b196-c398-4513-9c44-9b4a1d0084cb 1 6309 6324 +edge_53_0_+disjointig_8_0_8550 2226 8536 8550 -1 -1 6146 0.00347992
Chain
	Aln	13	+6e4e55f4-d3e5-4dd8-87b0-3e6a4cbce98e 12 16977 16984 -edge_7_0_+disjointig_15_0_24314 11 16982 24314 -1 -1 16602 0.00278944
Chain
	Aln	12	-6e4e55f4-d3e5-4dd8-87b0-3e6a4cbce98e 6 16971 16984 +edge_7_0_+disjointig_15_0_24314 7331 24302 24314 -1 -1 16602 0.00278944
Chain
	Aln	80	+99407310-42b9-4e88-b7e6-014465b27fac 3 7193 7199 +edge_41_0_+disjointig_47_0_71254 3 7193 71254 -1 -1 7130 0.000616686
Chain
	Aln	81	-99407310-42b9-4e88-b7e6-014465b27fac 5 7195 7199 -edge_41_0_+disjointig_47_0_71254 64060 71250 71254 -1 -1 7130 0.000616686
Chain
	Aln	53	+6304ccc9-d21b-493c-8170-ae8b84f8a15a 12 16621 16624 -edge_27_0_+disjointig_34_0_40812 5688 22299 40812 -1 -1 16507 0
Chain
	Aln	52	-6304ccc9-d21b-493c-8170-ae8b84f8a15a 2 16611 16624 +edge_27_0_+disjointig_34_0_40812 18512 35123 40812 -1 -1 16507 0
Chain
	Aln	61	+5e382ad8-c27c-411b-a3f0-36aedd3c1830 17 4277 4279 -edge_31_0_+disjointig_38_0_7338 3077 7336 7338 -1 -1 4000 0.00463093
Chain
	Aln	60	-5e382ad8-c27c-411b-a3f0-36aedd3c1830 1 4261 4279 +edge_31_0_+disjointig_38_0_7338 1 4260 7338 -1 -1 4000 0.00463093
Chain
	Aln	66	+56800f71-26f0-46ad-b7cd-246cb05325ca 30 21248 21250 +edge_34_0_+disjointig_40_0_114130 47990 69196 114130 -1 -1 20534 0.00371699
Chain
	Aln	67	-56800f71-26f0-46ad-b7cd-246cb05325ca 1 21219 21250 -edge_34_0_+disjointig_40_0_114130 44933 66139 114130 -1 -1 20534 0.00371699
Chain
	Aln	27	+acf3d7a4-3294-4816-971b-315eb754257c 10 5274 5283 -edge_14_0_+disjointig_22_0_43772 12623 17890 43772 -1 -1 5258 0.000458316
Chain
	Aln	26	-acf3d7a4-3294-4816-971b-315eb754257c 8 5272 5283 +edge_14_0_+disjointig_22_0_43772 25881 31148 43772 -1 -1 5258 0.000458316
Chain
	Aln	3	+e111a3d4-d25b-4846-b4dd-a3cfc435c1f8 21 23506 23508 -edge_2_0_+disjointig_10_0_28071 1458 24936 28071 -1 -1 22198 0.00415134
Chain
	Aln	2	-e111a3d4-d25b-4846-b4dd-a3cfc435c1f8 1 23486 23508 +edge_2_0_+disjointig_10_0_28071 3134 26612 28071 -1 -1 22198 0.00415134
Chain
	Aln	39	+66143895-691c-40b8-b598-4f2c01e92682 8 5290 5294 -edge_20_0_+disjointig_28_0_7959 2666 7955 7959 -1 -1 5221 0.00349609
Chain
	Aln	38	-66143895-691c-40b8-b598-4f2c01e92682 3 5285 5294 +edge_20_0_+disjointig_28_0_7959 3 5292 7959 -1 -1 5221 0.00349609
Chain
	Aln	27	+4895a015-c4d2-4416-bf3a-c3f3a5f2c2df 3 5507 5515 -edge_14_0_+disjointig_22_0_43772 16848 22410 43772 -1 -1 4665 0.0166508
Chain
	Aln	26	-4895a015-c4d2-4416-bf3a-c3f3a5f2c2df 7 5511 5515 +edge_14_0_+disjointig_22_0_43772 21361 26923 43772 -1 -1 4665 0.0166508
Chain
	Aln	27	+312c1214-33cb-47f0-81fa-0a7b7627f494 13 15108 15116 -edge_14_0_+disjointig_22_0_43772 12 15102 43772 -1 -1 14971 0.00181021
Chain
	Aln	26	-312c1214-33cb-47f0-81fa-0a7b7627f494 7 15102 15116 +edge_14_0_+disjointig_22_0_43772 28669 43759 43772 -1 -1 14971 0.00181021
Chain
	Aln	95	+555963d3-191c-4afe-8f7d-54f2d5ef2960 6 24320 24323 -edge_48_0_+disjointig_54_0_40318 16005 40315 40318 -1 -1 24129 0.000901198
Chain
	Aln	94	-555963d3-191c-4afe-8f7d-54f2d5ef2960 2 24316 24323 +edge_48_0_+disjointig_54_0_40318 2 24312 40318 -1 -1 24129 0.000901198
Chain
	Aln	33	+45325869-0cd7-4e0c-a65f-4af51a563386 16 4091 4100 -edge_17_0_+disjointig_25_0_15762 11678 15753 15762 -1 -1 4034 0.00193705
Chain
	Aln	32	-45325869-0cd7-4e0c-a65f-4af51a563386 8 4083 4100 +edge_17_0_+disjointig_25_0_15762 8 4083 15762 -1 -1 4034 0.00193705
Chain
	Aln	30	+27cab5df-3d80-4ca7-bd71-819cdad81775 1 29722 31020 +edge_16_0_+disjointig_24_0_29740 1 29738 29740 -1 -1 29525 0.000876636
Chain
	Aln	31	-27cab5df-3d80-4ca7-bd71-819cdad81775 1297 31018 31020 -edge_16_0_+disjointig_24_0_29740 1 29738 29740 -1 -1 29525 0.000876636
Chain
	Aln	15	+a92b0a2f-119b-4826-b040-4730d4475a0d 12 4707 4709 -edge_8_0_+disjointig_16_0_17488 12791 17486 17488 -1 -1 4695 0
Chain
	Aln	14	-a92b0a2f-119b-4826-b040-4730d4475a0d 1 4696 4709 +edge_8_0_+disjointig_16_0_17488 1 4696 17488 -1 -1 4695 0
Chain
	Aln	83	+3e3c7ca3-7ffc-4f3e-9daa-80dce6516613 12 8803 17042 -edge_42_0_+disjointig_48_0_30744 21941 30728 30744 -1 -1 8684 0.000530738
Chain
	Aln	82	-3e3c7ca3-7ffc-4f3e-9daa-80dce6516613 8238 17029 17042 +edge_42_0_+disjointig_48_0_30744 15 8802 30744 -1 -1 8684 0.000530738
Chain
	Aln	23	+dbcaa6be-8e7c-47af-8967-20cedebe1506 9 9798 9804 -edge_12_0_+disjointig_20_0_47193 12981 22769 47193 -1 -1 9749 0.00045055
Chain
	Aln	22	-dbcaa6be-8e7c-47af-8967-20cedebe1506 5 9794 9804 +edge_12_0_+disjointig_20_0_47193 24423 34211 47193 -1 -1 9749 0.00045055
Chain
	Aln	97	+3c390dd2-c413-405b-a4a0-41d27d190e92 13 6367 6369 -edge_49_0_+disjointig_55_0_49950 12 6366 49950 -1 -1 6354 4.1253e-05
Chain
	Aln	96	-3c390dd2-c413-405b-a4a0-41d27d190e92 1 6355 6369 +edge_49_0_+disjointig_55_0_49950 43583 49937 49950 -1 -1 6354 4.1253e-05
Chain
	Aln	69	+5c526d6d-d156-4bca-b789-014d63d7f6a1 11 29314 29318 -edge_35_0_+disjointig_41_0_38886 9566 38882 38886 -1 -1 28624 0.00314832
Chain
	Aln	68	-5c526d6d-d156-4bca-b789-014d63d7f6a1 3 29306 29318 +edge_35_0_+disjointig_41_0_38886 3 29319 38886 -1 -1 28624 0.00314832
Chain
	Aln	9	+3580993f-4898-493a-bbe4-4e5da7df4f93 13 4086 4088 -edge_5_0_+disjointig_13_0_23947 19875 23945 23947 -1 -1 4052 0.00256912
Chain
	Aln	8	-3580993f-4898-493a-bbe4-4e5da7df4f93 1 4074 4088 +edge_5_0_+disjointig_13_0_23947 1 4071 23947 -1 -1 4052 0.00256912
Chain
	Aln	58	+56ab9e51-6dff-4066-899c-143ac6d8c05f 12160 33391 33403 +edge_30_0_+disjointig_37_0_21299 15 21288 21299 -1 -1 20646 0.00258241
Chain
	Aln	59	-56ab9e51-6dff-4066-899c-143ac6d8c05f 11 21242 33403 -edge_30_0_+disjointig_37_0_21299 10 21283 21299 -1 -1 20646 0.00258241
Chain
	Aln	71	+bc3e23a4-97bb-4445-a9d7-273a35d117f0 3 20968 20985 -edge_36_0_+disjointig_42_0_26068 1809 22773 26068 -1 -1 20819 0.00123332
Chain
	Aln	70	-bc3e23a4-97bb-4445-a9d7-273a35d117f0 16 20981 20985 +edge_36_0_+disjointig_42_0_26068 3294 24258 26068 -1 -1 20819 0.00123332
Chain
	Aln	35	+8eaf4153-15d7-41c3-b88f-db3b3690c3e0 12 14852 14864 -edge_18_0_+disjointig_26_0_24549 4258 19106 24549 -1 -1 14648 0.000950477
Chain
	Aln	34	-8eaf4153-15d7-41c3-b88f-db3b3690c3e0 11 14851 14864 +edge_18_0_+disjointig_26_0_24549 5442 20290 24549 -1 -1 14648 0.000950477
Chain
	Aln	37	+70f30ab6-8479-49c6-9b9d-54cceda0ee06 2 4812 4816 -edge_19_0_+disjointig_27_0_41177 36361 41173 41177 -1 -1 4709 0.00204115
Chain
	Aln	36	-70f30ab6-8479-49c6-9b9d-54cceda0ee06 3 4813 4816 +edge_19_0_+disjointig_27_0_41177 3 4815 41177 -1 -1 4709 0.00204115
Chain
	Aln	83	+d5166122-55c5-4512-87e2-8039d78b59eb 7 7443 7445 -edge_42_0_+disjointig_48_0_30744 9161 16609 30744 -1 -1 7349 0.00250864
Chain
	Aln	82	-d5166122-55c5-4512-87e2-8039d78b59eb 1 7437 7445 +edge_42_0_+disjointig_48_0_30744 14134 21582 30744 -1 -1 7349 0.00250864
Chain
	Aln	79	+2eca6445-a2ce-49b2-997a-af2719202144 16 11129 11131 -edge_40_0_+disjointig_46_0_49883 33724 44854 49883 -1 -1 10886 0.0043502
Chain
	Aln	78	-2eca6445-a2ce-49b2-997a-af2719202144 1 11114 11131 +edge_40_0_+disjointig_46_0_49883 5028 16158 49883 -1 -1 10886 0.0043502
Chain
	Aln	29	+304367f5-d226-4e3e-bfc9-49628610f8d6 10 6016 6019 -edge_15_0_+disjointig_23_0_13590 7581 13587 13590 -1 -1 5981 0.000957914
Chain
	Aln	28	-304367f5-d226-4e3e-bfc9-49628610f8d6 2 6008 6019 +edge_15_0_+disjointig_23_0_13590 2 6008 13590 -1 -1 5981 0.000957914
Chain
	Aln	20	+a950d0fa-fdf2-4d39-91ef-8e10188ee2d1 4854 13482 13484 +edge_11_0_+disjointig_19_0_26232 1 8625 26232 -1 -1 8571 0.000974422
Chain
	Aln	21	-a950d0fa-fdf2-4d39-91ef-8e10188ee2d1 1 8629 13484 -edge_11_0_+disjointig_19_0_26232 17606 26230 26232 -1 -1 8571 0.000974422
Chain
	Aln	103	+d0d56bfc-6436-460e-81b6-590ae78b0553 8 23691 23699 -edge_52_0_+disjointig_7_0_30701 2817 26483 30701 -1 -1 23204 0.00212442
Chain
	Aln	102	-d0d56bfc-6436-460e-81b6-590ae78b0553 7 23690 23699 +edge_52_0_+disjointig_7_0_30701 4217 27883 30701 -1 -1 23204 0.00212442
Chain
	Aln	37	+911d3e41-ecba-4ce3-baa8-5b0453df3c55 11 17050 17052 -edge_19_0_+disjointig_27_0_41177 10 17056 41177 -1 -1 16887 0.000196933
Chain
	Aln	36	-911d3e41-ecba-4ce3-baa8-5b0453df3c55 1 17040 17052 +edge_19_0_+disjointig_27_0_41177 24120 41166 41177 -1 -1 16887 0.000196933
Chain
	Aln	28	+91ae9ee7-ef3b-4962-b019-e33eeadae48a 620 14186 14195 +edge_15_0_+disjointig_23_0_13590 2 13582 13590 -1 -1 12931 0.00438041
Chain
	Aln	29	-91ae9ee7-ef3b-4962-b019-e33eeadae48a 8 13574 14195 -edge_15_0_+disjointig_23_0_13590 7 13587 13590 -1 -1 12931 0.00438041
Chain
	Aln	9	+092e292e-0c82-4791-949c-ed30046affc1 31 4643 4673 -edge_5_0_+disjointig_13_0_23947 30 4669 23947 -1 -1 4398 0.00490441
Chain
	Aln	8	-092e292e-0c82-4791-949c-ed30046affc1 29 4641 4673 +edge_5_0_+disjointig_13_0_23947 19277 23916 23947 -1 -1 4398 0.00490441
Chain
	Aln	52	+df697917-d758-42fe-9ae9-850db23c9166 26 18375 18379 +edge_27_0_+disjointig_34_0_40812 8179 26540 40812 -1 -1 18115 0.00103469
Chain
	Aln	53	-df697917-d758-42fe-9ae9-850db23c9166 3 18352 18379 -edge_27_0_+disjointig_34_0_40812 14271 32632 40812 -1 -1 18115 0.00103469
Chain
	Aln	43	+93df8aca-a1ad-4db7-9010-9424284c5e3c 17 28355 30031 -edge_22_0_+disjointig_3_0_36579 8230 36573 36579 -1 -1 28163 0.00129121
Chain
	Aln	42	-93df8aca-a1ad-4db7-9010-9424284c5e3c 1675 30013 30031 +edge_22_0_+disjointig_3_0_36579 5 28348 36579 -1 -1 28163 0.00129121
Chain
	Aln	11	+421ade1f-3a0e-42b5-b38d-6a7d7a91a460 19 4577 5845 -edge_6_0_+disjointig_14_0_50936 46375 50935 50936 -1 -1 4537 7.39474e-05
Chain
	Aln	10	-421ade1f-3a0e-42b5-b38d-6a7d7a91a460 1267 5825 5845 +edge_6_0_+disjointig_14_0_50936 0 4560 50936 -1 -1 4537 7.39474e-05
Chain
	Aln	25	+a76f0cb5-0e5b-49c1-845e-6f74771a1518 12 17618 20500 -edge_13_0_+disjointig_21_0_17628 11 17627 17628 -1 -1 17443 0.000942603
Chain
	Aln	24	-a76f0cb5-0e5b-49c1-845e-6f74771a1518 2881 20487 20500 +edge_13_0_+disjointig_21_0_17628 0 17616 17628 -1 -1 17443 0.000942603
Chain
	Aln	53	+cfbaf951-27d5-4b8b-939c-504e17eb9e2e 12 24731 24735 -edge_27_0_+disjointig_34_0_40812 11 24734 40812 -1 -1 24422 0.000664055
Chain
	Aln	52	-cfbaf951-27d5-4b8b-939c-504e17eb9e2e 3 24722 24735 +edge_27_0_+disjointig_34_0_40812 16077 40800 40812 -1 -1 24422 0.000664055
Chain
	Aln	5	+fae89fd0-9386-48ca-985f-64127ee88e28 10 4133 4138 -edge_3_0_+disjointig_11_0_21888 6717 10870 21888 -1 -1 3932 0.00617348
Chain
	Aln	4	-fae89fd0-9386-48ca-985f-64127ee88e28 4 4127 4138 +edge_3_0_+disjointig_11_0_21888 11017 15170 21888 -1 -1 3932 0.00617348
Chain
	Aln	49	+544aa920-953c-4e86-9929-e80e5d21519c 0 10977 10986 -edge_25_0_+disjointig_32_0_19357 8369 19348 19357 -1 -1 10881 0.00133246
Chain
	Aln	48	-544aa920-953c-4e86-9929-e80e5d21519c 8 10985 10986 +edge_25_0_+disjointig_32_0_19357 8 10987 19357 -1 -1 10881 0.00133246
Chain
	Aln	20	+40dada1a-cfe9-446a-89bb-efb95713950f 13325 30548 30551 +edge_11_0_+disjointig_19_0_26232 1 17225 26232 -1 -1 17088 0.00173044
Chain
	Aln	21	-40dada1a-cfe9-446a-89bb-efb95713950f 2 17225 30551 -edge_11_0_+disjointig_19_0_26232 9006 26230 26232 -1 -1 17088 0.00173044
Chain
	Aln	69	+3c613477-d382-4564-b1f7-f52ab62e356c 14 12744 12749 -edge_35_0_+disjointig_41_0_38886 1074 13800 38886 -1 -1 12652 0.00109448
Chain
	Aln	68	-3c613477-d382-4564-b1f7-f52ab62e356c 4 12734 12749 +edge_35_0_+disjointig_41_0_38886 25085 37811 38886 -1 -1 12652 0.00109448
Chain
	Aln	101	+959b33b6-1533-4a6b-bbf7-3833d39fad9e 761 30728 30735 -edge_51_0_+disjointig_6_0_29994 17 29987 29994 -1 -1 28881 0.00364726
Chain
	Aln	100	-959b33b6-1533-4a6b-bbf7-3833d39fad9e 6 29973 30735 +edge_51_0_+disjointig_6_0_29994 6 29976 29994 -1 -1 28881 0.00364726
Chain
	Aln	21	+5d2988e3-b46b-4958-a41e-f806dcc2b4db 18 7268 7271 -edge_11_0_+disjointig_19_0_26232 17 7257 26232 -1 -1 6850 0.00491406
Chain
	Aln	20	-5d2988e3-b46b-4958-a41e-f806dcc2b4db 2 7252 7271 +edge_11_0_+disjointig_19_0_26232 18974 26214 26232 -1 -1 6850 0.00491406
Chain
	Aln	66	+2f10395c-4cc4-484d-b3cf-77891b33aabc 2 48046 48051 +edge_34_0_+disjointig_40_0_114130 2 48022 114130 -1 -1 47713 0.000136385
Chain
	Aln	67	-2f10395c-4cc4-484d-b3cf-77891b33aabc 4 48048 48051 -edge_34_0_+disjointig_40_0_114130 66107 114127 114130 -1 -1 47713 0.000136385
Chain
	Aln	3	+783cbaa3-7811-44e5-8b85-7b5d9fefb46c 17 5980 5985 -edge_2_0_+disjointig_10_0_28071 16 5975 28071 -1 -1 5821 0.00242936
Chain
	Aln	2	-783cbaa3-7811-44e5-8b85-7b5d9fefb46c 4 5967 5985 +edge_2_0_+disjointig_10_0_28071 22095 28054 28071 -1 -1 5821 0.00242936
Chain
	Aln	107	+8e3179f9-ab6b-4902-a7ef-7d4c6e8d95bc 8 17060 17063 -edge_54_0_+disjointig_9_0_36362 19242 36359 36362 -1 -1 16301 0.00424163
Chain
	Aln	106	-8e3179f9-ab6b-4902-a7ef-7d4c6e8d95bc 2 17054 17063 +edge_54_0_+disjointig_9_0_36362 2 17119 36362 -1 -1 16301 0.00424163
Chain
	Aln	106	+6f7b3915-1931-4d63-b8d0-0d9f7d12831d 26 17128 17134 +edge_54_0_+disjointig_9_0_36362 2 17101 36362 -1 -1 16676 0.00189627
Chain
	Aln	107	-6f7b3915-1931-4d63-b8d0-0d9f7d12831d 5 17107 17134 -edge_54_0_+disjointig_9_0_36362 19260 36359 36362 -1 -1 16676 0.00189627
Chain
	Aln	52	+4879c76b-361a-4bd0-b32e-873310666468 16 10706 10714 +edge_27_0_+disjointig_34_0_40812 15943 26648 40812 -1 -1 10414 0.00162289
Chain
	Aln	53	-4879c76b-361a-4bd0-b32e-873310666468 7 10697 10714 -edge_27_0_+disjointig_34_0_40812 14163 24868 40812 -1 -1 10414 0.00162289
Chain
	Aln	77	+e7531122-a87a-4f0a-ab9e-14fc1f1f01ba 21 7032 7034 -edge_39_0_+disjointig_45_0_26886 10490 17501 26886 -1 -1 6934 0.000562314
Chain
	Aln	76	-e7531122-a87a-4f0a-ab9e-14fc1f1f01ba 1 7012 7034 +edge_39_0_+disjointig_45_0_26886 9384 16395 26886 -1 -1 6934 0.000562314
Chain
	Aln	30	+55446ae8-3c56-4724-b403-4c4337d466f9 6 14104 14114 +edge_16_0_+disjointig_24_0_29740 1864 15952 29740 -1 -1 14037 0.0011374
Chain
	Aln	31	-55446ae8-3c56-4724-b403-4c4337d466f9 9 14107 14114 -edge_16_0_+disjointig_24_0_29740 13787 27875 29740 -1 -1 14037 0.0011374
Chain
	Aln	12	+85a631f1-828c-4358-8f56-b6426f586efd 1 14281 14287 +edge_7_0_+disjointig_15_0_24314 1 14279 24314 -1 -1 14215 0.000365766
Chain
	Aln	13	-85a631f1-828c-4358-8f56-b6426f586efd 5 14285 14287 -edge_7_0_+disjointig_15_0_24314 10034 24312 24314 -1 -1 14215 0.000365766
Chain
	Aln	30	+ecc663d8-d4ae-4529-925e-bc1901fe3a16 6 7749 7751 +edge_16_0_+disjointig_24_0_29740 4400 12151 29740 -1 -1 7684 0.00175995
Chain
	Aln	31	-ecc663d8-d4ae-4529-925e-bc1901fe3a16 1 7744 7751 -edge_16_0_+disjointig_24_0_29740 17588 25339 29740 -1 -1 7684 0.00175995
Chain
	Aln	101	+50f99b7a-f6ea-439b-bd22-e186bb182a98 18 22869 22875 -edge_51_0_+disjointig_6_0_29994 17 22675 29994 -1 -1 20948 0.00878197
Chain
	Aln	100	-50f99b7a-f6ea-439b-bd22-e186bb182a98 5 22856 22875 +edge_51_0_+disjointig_6_0_29994 7318 29976 29994 -1 -1 20948 0.00878197
Chain
	Aln	3	+baa78aa0-a21e-4a47-aace-6b55129df987 8 8454 8458 -edge_2_0_+disjointig_10_0_28071 15632 24077 28071 -1 -1 8364 0.00257506
Chain
	Aln	2	-baa78aa0-a21e-4a47-aace-6b55129df987 3 8449 8458 +edge_2_0_+disjointig_10_0_28071 3993 12438 28071 -1 -1 8364 0.00257506
Chain
	Aln	80	+a86b0e51-15a3-46b4-8550-c213457cd772 51 7197 7200 +edge_41_0_+disjointig_47_0_71254 13114 20262 71254 -1 -1 6708 0.00575575
Chain
	Aln	81	-a86b0e51-15a3-46b4-8550-c213457cd772 2 7148 7200 -edge_41_0_+disjointig_47_0_71254 50991 58139 71254 -1 -1 6708 0.00575575
Chain
	Aln	98	+cbc4b0fa-07f6-4a0f-a789-d6a23cace1f4 9 14052 14056 +edge_50_0_+disjointig_56_0_25745 11701 25742 25745 -1 -1 14023 0
Chain
	Aln	99	-cbc4b0fa-07f6-4a0f-a789-d6a23cace1f4 3 14046 14056 -edge_50_0_+disjointig_56_0_25745 2 14043 25745 -1 -1 14023 0
Chain
	Aln	50	+254e86e2-ea1b-4bc9-9e72-88142c7d3d0e 4 4478 4492 +edge_26_0_+disjointig_33_0_53231 20875 25349 53231 -1 -1 4177 0.00884537
Chain
	Aln	51	-254e86e2-ea1b-4bc9-9e72-88142c7d3d0e 13 4487 4492 -edge_26_0_+disjointig_33_0_53231 27881 32355 53231 -1 -1 4177 0.00884537
Chain
	Aln	65	+ee045d79-c7e9-4b82-b0ef-77495b6a5a90 17 7082 7084 -edge_33_0_+disjointig_4_0_45153 38086 45151 45153 -1 -1 7065 0.00124735
Chain
	Aln	64	-ee045d79-c7e9-4b82-b0ef-77495b6a5a90 1 7066 7084 +edge_33_0_+disjointig_4_0_45153 1 7066 45153 -1 -1 7065 0.00124735
Chain
	Aln	71	+507a9d98-bbd0-4dd6-a964-28ac032d9cae 3 9787 9792 -edge_36_0_+disjointig_42_0_26068 16286 26063 26068 -1 -1 9699 0.000922836
Chain
	Aln	70	-507a9d98-bbd0-4dd6-a964-28ac032d9cae 4 9788 9792 +edge_36_0_+disjointig_42_0_26068 4 9781 26068 -1 -1 9699 0.000922836
Chain
	Aln	35	+e8d8bb2d-6d13-4021-b0b4-67c3cc0d8979 94 7918 7920 -edge_18_0_+disjointig_26_0_24549 16705 24547 24549 -1 -1 7199 0.00987227
Chain
	Aln	34	-e8d8bb2d-6d13-4021-b0b4-67c3cc0d8979 1 7825 7920 +edge_18_0_+disjointig_26_0_24549 1 7843 24549 -1 -1 7199 0.00987227
Chain
	Aln	20	+ef4afb94-e9f1-422c-9f1c-5367e8cc7b2f 6 5199 5208 +edge_11_0_+disjointig_19_0_26232 15747 20930 26232 -1 -1 5109 0.00190088
Chain
	Aln	21	-ef4afb94-e9f1-422c-9f1c-5367e8cc7b2f 8 5201 5208 -edge_11_0_+disjointig_19_0_26232 5301 10484 26232 -1 -1 5109 0.00190088
Chain
	Aln	15	+9fe265b2-5c6e-48d5-9d47-70601fe09264 24 6439 6443 -edge_8_0_+disjointig_16_0_17488 4232 10646 17488 -1 -1 6387 0.00111568
Chain
	Aln	14	-9fe265b2-5c6e-48d5-9d47-70601fe09264 3 6418 6443 +edge_8_0_+disjointig_16_0_17488 6841 13255 17488 -1 -1 6387 0.00111568
Chain
	Aln	45	+19f6958e-7ec0-4b52-b507-0b9b04872879 7 4378 4386 -edge_23_0_+disjointig_30_0_54893 30567 34938 54893 -1 -1 4363 5.34025e-05
Chain
	Aln	44	-19f6958e-7ec0-4b52-b507-0b9b04872879 7 4378 4386 +edge_23_0_+disjointig_30_0_54893 19954 24325 54893 -1 -1 4363 5.34025e-05
Chain
	Aln	106	+928de526-a83b-4671-b87f-d7ab4ada564b 12 4023 4035 +edge_54_0_+disjointig_9_0_36362 28158 32176 36362 -1 -1 3925 0.00302903
Chain
	Aln	107	-928de526-a83b-4671-b87f-d7ab4ada564b 11 4022 4035 -edge_54_0_+disjointig_9_0_36362 4185 8203 36362 -1 -1 3925 0.00302903
Chain
	Aln	45	+def499b5-f66c-4804-abc7-dcd49e2061d9 15 35125 35129 -edge_23_0_+disjointig_30_0_54893 14 35130 54893 -1 -1 34827 0.000506194
Chain
	Aln	44	-def499b5-f66c-4804-abc7-dcd49e2061d9 3 35113 35129 +edge_23_0_+disjointig_30_0_54893 19762 54878 54893 -1 -1 34827 0.000506194
Chain
	Aln	91	+8615a7d1-0167-495d-aeed-fd4e0ab209d5 12 5831 5833 -edge_46_0_+disjointig_51_0_18689 12879 18687 18689 -1 -1 5640 0.00213474
Chain
	Aln	90	-8615a7d1-0167-495d-aeed-fd4e0ab209d5 1 5820 5833 +edge_46_0_+disjointig_51_0_18689 1 5809 18689 -1 -1 5640 0.00213474
Chain
	Aln	77	+ff25961c-7c3c-4028-a98c-3dbcd5035432 15 4885 4891 -edge_39_0_+disjointig_45_0_26886 14 4881 26886 -1 -1 4851 0.000355778
Chain
	Aln	76	-ff25961c-7c3c-4028-a98c-3dbcd5035432 5 4875 4891 +edge_39_0_+disjointig_45_0_26886 22004 26871 26886 -1 -1 4851 0.000355778
Chain
	Aln	25	+4d6d838f-bc89-4376-a049-9f5357fd54a9 36 4339 4354 -edge_13_0_+disjointig_21_0_17628 13316 17614 17628 -1 -1 4178 0.00351892
Chain
	Aln	24	-4d6d838f-bc89-4376-a049-9f5357fd54a9 14 4317 4354 +edge_13_0_+disjointig_21_0_17628 13 4311 17628 -1 -1 4178 0.00351892
Chain
	Aln	79	+4d1cb269-a10a-4595-b3f3-3d313910d55d 13 9919 9921 -edge_40_0_+disjointig_46_0_49883 39970 49881 49883 -1 -1 9801 0.00191738
Chain
	Aln	78	-4d1cb269-a10a-4595-b3f3-3d313910d55d 1 9907 9921 +edge_40_0_+disjointig_46_0_49883 1 9912 49883 -1 -1 9801 0.00191738
Chain
	Aln	81	+d1144b01-7c7e-4c89-bc32-6d49d4708cf0 28 30489 30494 -edge_41_0_+disjointig_47_0_71254 9663 40128 71254 -1 -1 30111 0.00153042
Chain
	Aln	80	-d1144b01-7c7e-4c89-bc32-6d49d4708cf0 4 30465 30494 +edge_41_0_+disjointig_47_0_71254 31125 61590 71254 -1 -1 30111 0.00153042
Chain
	Aln	11	+a4dcab36-1171-4cc6-9db0-905aa6ac4245 3 7674 7679 -edge_6_0_+disjointig_14_0_50936 43258 50931 50936 -1 -1 7547 0.00177099
Chain
	Aln	10	-a4dcab36-1171-4cc6-9db0-905aa6ac4245 4 7675 7679 +edge_6_0_+disjointig_14_0_50936 4 7677 50936 -1 -1 7547 0.00177099
Chain
	Aln	19	+f5ba1ed7-6e9c-48f2-86b7-36e60fb5e164 18 19697 32110 -edge_10_0_+disjointig_18_0_23353 3676 23352 23353 -1 -1 19379 0.0019321
Chain
	Aln	18	-f5ba1ed7-6e9c-48f2-86b7-36e60fb5e164 12412 32091 32110 +edge_10_0_+disjointig_18_0_23353 0 19676 23353 -1 -1 19379 0.0019321
Chain
	Aln	99	+fdbe69be-4cff-4eaa-a6a0-103620deb78c 6 14165 14169 -edge_50_0_+disjointig_56_0_25745 11580 25741 25745 -1 -1 14087 0.00111924
Chain
	Aln	98	-fdbe69be-4cff-4eaa-a6a0-103620deb78c 3 14162 14169 +edge_50_0_+disjointig_56_0_25745 3 14164 25745 -1 -1 14087 0.00111924
Chain
	Aln	60	+5e27b64a-a6e3-4d0a-ba9d-a7dd5b68cc48 6268 13557 13578 +edge_31_0_+disjointig_38_0_7338 1 7319 7338 -1 -1 6724 0.00799418
Chain
	Aln	61	-5e27b64a-a6e3-4d0a-ba9d-a7dd5b68cc48 20 7309 13578 -edge_31_0_+disjointig_38_0_7338 18 7336 7338 -1 -1 6724 0.00799418
Chain
	Aln	8	+5fdfbbbe-d4c8-4fee-9a7d-16e34bdc1379 15921 35283 35290 +edge_5_0_+disjointig_13_0_23947 1 19360 23947 -1 -1 19017 0.000857862
Chain
	Aln	9	-5fdfbbbe-d4c8-4fee-9a7d-16e34bdc1379 6 19368 35290 -edge_5_0_+disjointig_13_0_23947 4586 23945 23947 -1 -1 19017 0.000857862
Chain
	Aln	74	+127c2d53-93a9-4b23-84f1-d7cf67bfb312 3 7234 7239 +edge_38_0_+disjointig_44_0_25201 17960 25197 25201 -1 -1 7172 0.00168689
Chain
	Aln	75	-127c2d53-93a9-4b23-84f1-d7cf67bfb312 4 7235 7239 -edge_38_0_+disjointig_44_0_25201 3 7240 25201 -1 -1 7172 0.00168689
Chain
	Aln	87	+e84c50d8-acb9-4a0f-b189-481aba9ce182 8 6835 6837 -edge_44_0_+disjointig_5_0_46374 11191 18018 46374 -1 -1 6786 0.000894064
Chain
	Aln	86	-e84c50d8-acb9-4a0f-b189-481aba9ce182 1 6828 6837 +edge_44_0_+disjointig_5_0_46374 28355 35182 46374 -1 -1 6786 0.000894064
Chain
	Aln	82	+5376d2c9-c153-4545-a86f-0d4d6d9237ed 5 4564 4573 +edge_42_0_+disjointig_48_0_30744 26180 30736 30744 -1 -1 4548 0.000274822
Chain
	Aln	83	-5376d2c9-c153-4545-a86f-0d4d6d9237ed 8 4567 4573 -edge_42_0_+disjointig_48_0_30744 7 4563 30744 -1 -1 4548 0.000274822
Chain
	Aln	97	+132c6731-4a6f-4dfa-a806-8112511ebc18 20 6402 6424 -edge_49_0_+disjointig_55_0_49950 43536 49929 49950 -1 -1 6222 0.000862161
Chain
	Aln	96	-132c6731-4a6f-4dfa-a806-8112511ebc18 21 6403 6424 +edge_49_0_+disjointig_55_0_49950 20 6413 49950 -1 -1 6222 0.000862161
Chain
	Aln	52	+b72f2d58-d279-4b47-a008-dcc16cc1521a 1 17589 17596 +edge_27_0_+disjointig_34_0_40812 1 17603 40812 -1 -1 16992 0.00353273
Chain
	Aln	53	-b72f2d58-d279-4b47-a008-dcc16cc1521a 6 17594 17596 -edge_27_0_+disjointig_34_0_40812 23208 40810 40812 -1 -1 16992 0.00353273
Chain
	Aln	15	+016e3c88-554e-4d79-bfc0-07b82e73632d 10 12241 12245 -edge_8_0_+disjointig_16_0_17488 3454 15686 17488 -1 -1 12152 0
Chain
	Aln	14	-016e3c88-554e-4d79-bfc0-07b82e73632d 3 12234 12245 +edge_8_0_+disjointig_16_0_17488 1801 14033 17488 -1 -1 12152 0
Chain
	Aln	5	+fcd58428-5c6a-4dc3-8a27-17bc8f47e4da 5 6830 6837 -edge_3_0_+disjointig_11_0_21888 12716 19539 21888 -1 -1 6802 0.000925024
Chain
	Aln	4	-fcd58428-5c6a-4dc3-8a27-17bc8f47e4da 6 6831 6837 +edge_3_0_+disjointig_11_0_21888 2348 9171 21888 -1 -1 6802 0.000925024
Chain
	Aln	68	+30f42f79-0dce-44d6-a6b8-1761285ea876 10 5955 5965 +edge_35_0_+disjointig_41_0_38886 7414 13357 38886 -1 -1 5871 0.00299216
Chain
	Aln	69	-30f42f79-0dce-44d6-a6b8-1761285ea876 9 5954 5965 -edge_35_0_+disjointig_41_0_38886 25528 31471 38886 -1 -1 5871 0.00299216
Chain
	Aln	22	+a76415e6-b171-44fe-9e14-c20818ceeadf 22 21058 21061 +edge_12_0_+disjointig_20_0_47193 26170 47191 47193 -1 -1 20703 0.00237059
Chain
	Aln	23	-a76415e6-b171-44fe-9e14-c20818ceeadf 2 21038 21061 -edge_12_0_+disjointig_20_0_47193 1 21022 47193 -1 -1 20703 0.00237059
Chain
	Aln	6	+36deb062-0a96-4550-9b01-5bea2cfd970e 2 11552 11561 +edge_4_0_+disjointig_12_0_14748 2 11540 14748 -1 -1 11426 0.0011424
Chain
	Aln	7	-36deb062-0a96-4550-9b01-5bea2cfd970e 8 11558 11561 -edge_4_0_+disjointig_12_0_14748 3207 14745 14748 -1 -1 11426 0.0011424
Chain
	Aln	54	+e0172593-38a6-4dc9-91bd-ab024b9ee1fb 9498 39413 39420 +edge_28_0_+disjointig_35_0_29916 0 29910 29916 -1 -1 29651 0.000197402
Chain
	Aln	55	-e0172593-38a6-4dc9-91bd-ab024b9ee1fb 6 29921 39420 -edge_28_0_+disjointig_35_0_29916 5 29915 29916 -1 -1 29651 0.000197402
Chain
	Aln	69	+64463e29-27be-48dc-ab79-f23d7a583351 16 26654 26657 -edge_35_0_+disjointig_41_0_38886 15 26618 38886 -1 -1 25682 0.00432821
Chain
	Aln	68	-64463e29-27be-48dc-ab79-f23d7a583351 2 26640 26657 +edge_35_0_+disjointig_41_0_38886 12267 38870 38886 -1 -1 25682 0.00432821
Chain
	Aln	57	+c2459f5b-08a4-429f-b675-3df88c790de6 10 27567 27587 -edge_29_0_+disjointig_36_0_27800 9 27524 27800 -1 -1 26865 0.00291605
Chain
	Aln	56	-c2459f5b-08a4-429f-b675-3df88c790de6 19 27576 27587 +edge_29_0_+disjointig_36_0_27800 275 27790 27800 -1 -1 26865 0.00291605
Chain
	Aln	34	+11411735-6d1e-4243-a685-2ddda355a1f8 30 23042 23054 +edge_18_0_+disjointig_26_0_24549 1463 24538 24549 -1 -1 21371 0.00651243
Chain
	Aln	35	-11411735-6d1e-4243-a685-2ddda355a1f8 11 23023 23054 -edge_18_0_+disjointig_26_0_24549 10 23085 24549 -1 -1 21371 0.00651243
Chain
	Aln	16	+6fa28b5c-dffd-4f8c-a505-384d1fe37795 23764 45348 45350 +edge_9_0_+disjointig_17_0_26745 0 21583 26745 -1 -1 21221 0.0012804
Chain
	Aln	17	-6fa28b5c-dffd-4f8c-a505-384d1fe37795 1 21585 45350 -edge_9_0_+disjointig_17_0_26745 5161 26744 26745 -1 -1 21221 0.0012804
Chain
	Aln	37	+d227cc57-1afe-48e0-9fe8-42e6d5a88726 9 28927 57729 -edge_19_0_+disjointig_27_0_41177 12229 41176 41177 -1 -1 28525 0.00168485
Chain
	Aln	36	-d227cc57-1afe-48e0-9fe8-42e6d5a88726 28801 57719 57729 +edge_19_0_+disjointig_27_0_41177 0 28947 41177 -1 -1 28525 0.00168485
Chain
	Aln	65	+774572da-83b8-4774-86bb-b4e183b956d4 15 45148 57822 -edge_33_0_+disjointig_4_0_45153 14 45152 45153 -1 -1 44390 0.0016042
Chain
	Aln	64	-774572da-83b8-4774-86bb-b4e183b956d4 12673 57806 57822 +edge_33_0_+disjointig_4_0_45153 0 45138 45153 -1 -1 44390 0.0016042
Chain
	Aln	94	+9364ac91-4224-428a-8b24-64e63ebc1006 6279 46526 46537 +edge_48_0_+disjointig_54_0_40318 18 40308 40318 -1 -1 39675 0.00188867
Chain
	Aln	95	-9364ac91-4224-428a-8b24-64e63ebc1006 10 40257 46537 -edge_48_0_+disjointig_54_0_40318 9 40299 40318 -1 -1 39675 0.00188867
Chain
	Aln	51	+d1ae1961-2578-4cd0-b297-ddf82bdf6533 15 45709 45712 -edge_26_0_+disjointig_33_0_53231 7526 53228 53231 -1 -1 44788 0.00218733
Chain
	Aln	50	-d1ae1961-2578-4cd0-b297-ddf82bdf6533 2 45696 45712 +edge_26_0_+disjointig_33_0_53231 2 45704 53231 -1 -1 44788 0.00218733
Chain
	Aln	81	+75fa66ad-f3d4-401b-bb16-3340d02598ab 24 37482 41073 -edge_41_0_+disjointig_47_0_71254 33822 71253 71254 -1 -1 36989 0.00075649
Chain
	Aln	80	-75fa66ad-f3d4-401b-bb16-3340d02598ab 3590 41048 41073 +edge_41_0_+disjointig_47_0_71254 0 37431 71254 -1 -1 36989 0.00075649
