Edge	6	37	16	0	0	0	3	-1
	Sequence	+edge_4_0_+disjointig_10_0_8555 8555 2 20286 0 8555
Edge	7	31	41	0	0	0	3	-1
	Sequence	-edge_4_0_+disjointig_10_0_8555 8555 -2 20286 11730 20285
Edge	10	33	0	0	0	0	84	-1
	Sequence	+edge_6_0_+disjointig_2_1364364_1596293 231929 6 4725686 1364364 1596293
Edge	11	47	39	0	0	0	84	-1
	Sequence	-edge_6_0_+disjointig_2_1364364_1596293 231929 -6 4725686 3129392 3361321
Edge	16	44	20	0	0	0	3	-1
	Sequence	+edge_9_0_+disjointig_11_0_4575 4575 3 4576 0 4575
Edge	17	30	19	0	0	0	3	-1
	Sequence	-edge_9_0_+disjointig_11_0_4575 4575 -3 4576 0 4575
Edge	30	9	5	0	0	0	76	-1
	Sequence	+edge_16_0_+disjointig_2_2386560_3081837 695277 6 4725686 2386560 3081837
Edge	31	4	13	0	0	0	76	-1
	Sequence	-edge_16_0_+disjointig_2_2386560_3081837 695277 -6 4725686 1643848 2339125
Edge	32	21	22	0	0	0	85	-1
	Sequence	+edge_17_0_-disjointig_2_2863981_2953093 89112 -6 4725686 2863981 2953093
Edge	33	50	25	0	0	0	85	-1
	Sequence	-edge_17_0_-disjointig_2_2863981_2953093 89112 6 4725686 1772592 1861704
Edge	34	14	10	0	0	0	80	-1
	Sequence	+edge_18_0_-disjointig_2_2958528_3083562 125034 -6 4725686 2958528 3083562
Edge	35	2	42	0	0	0	80	-1
	Sequence	-edge_18_0_-disjointig_2_2958528_3083562 125034 6 4725686 1642123 1767157
Edge	36	1	34	0	0	0	78	-1
	Sequence	+edge_19_0_-disjointig_2_3088928_3124069 35141 -6 4725686 3088928 3124069
Edge	37	49	3	0	0	0	78	-1
	Sequence	-edge_19_0_-disjointig_2_3088928_3124069 35141 6 4725686 1601616 1636757
Edge	40	7	11	0	0	0	86	-1
	Sequence	+edge_21_0_+disjointig_2_1867045_2381314 514269 6 4725686 1867045 2381314
Edge	41	12	6	0	0	0	86	-1
	Sequence	-edge_21_0_+disjointig_2_1867045_2381314 514269 -6 4725686 2344371 2858640
Edge	42	43	40	0	0	0	7	-1
	Sequence	+edge_22_0_+disjointig_3_0_3240 3240 7 3241 0 3240
Edge	43	32	38	0	0	0	7	-1
	Sequence	-edge_22_0_+disjointig_3_0_3240 3240 -7 3241 0 3240
Edge	50	35	29	0	0	0	3	-1
	Sequence	+edge_26_0_+disjointig_6_0_4486 4486 10 4487 0 4486
Edge	51	46	48	0	0	0	3	-1
	Sequence	-edge_26_0_+disjointig_6_0_4486 4486 -10 4487 0 4486
Edge	58	26	26	0	0	0	70	-1
	Sequence	+edge_30_0_+disjointig_1_8963_81221 72258 1 197855 8963 81221
	Sequence	+edge_30_1_+disjointig_1_81221_153431 72210 1 197855 81221 153431
Edge	59	36	36	0	0	0	70	-1
	Sequence	-edge_30_0_+disjointig_1_8963_81221 72258 -1 197855 116633 188891
	Sequence	-edge_30_1_+disjointig_1_81221_153431 72210 -1 197855 44423 116633
Edge	60	39	51	0	0	0	80	-1
	Sequence	+edge_31_0_-disjointig_2_3361321_3829127 467806 -6 4725686 3361321 3829127
Edge	61	45	33	0	0	0	80	-1
	Sequence	-edge_31_0_-disjointig_2_3361321_3829127 467806 6 4725686 896558 1364364
Edge	62	28	27	0	0	0	74	-1
	Sequence	+edge_32_0_+disjointig_2_3087252_4725678 1638426 6 4725686 3087252 4725678
Edge	63	18	15	0	0	0	74	-1
	Sequence	-edge_32_0_+disjointig_2_3087252_4725678 1638426 -6 4725686 7 1638433
Edge	64	27	17	0	0	0	73	-1
	Sequence	+edge_33_0_+disjointig_2_72533_891148 818615 6 4725686 72533 891148
Edge	65	8	18	0	0	0	73	-1
	Sequence	-edge_33_0_+disjointig_2_72533_891148 818615 -6 4725686 3834537 4653152
Edge	68	23	23	1	0	0	23	-1
	Sequence	+edge_35_0_+disjointig_4_2032_5945 3913 8 25500 2032 5945
	Sequence	+edge_35_1_+disjointig_4_5945_9856 3911 8 25500 5945 9856
	Sequence	+edge_35_2_+disjointig_4_9856_13765 3909 8 25500 9856 13765
	Sequence	+edge_35_3_+disjointig_4_13765_17674 3909 8 25500 13765 17674
	Sequence	+edge_35_4_+disjointig_4_17674_21586 3912 8 25500 17674 21586
	Sequence	+edge_35_5_+disjointig_4_21586_25498 3912 8 25500 21586 25498
Edge	69	24	24	1	0	0	23	-1
	Sequence	-edge_35_0_+disjointig_4_2032_5945 3913 -8 25500 19554 23467
	Sequence	-edge_35_1_+disjointig_4_5945_9856 3911 -8 25500 15643 19554
	Sequence	-edge_35_2_+disjointig_4_9856_13765 3909 -8 25500 11734 15643
	Sequence	-edge_35_3_+disjointig_4_13765_17674 3909 -8 25500 7825 11734
	Sequence	-edge_35_4_+disjointig_4_17674_21586 3912 -8 25500 3913 7825
	Sequence	-edge_35_5_+disjointig_4_21586_25498 3912 -8 25500 1 3913
Edge	70	42	50	0	0	0	82	-1
	Sequence	+edge_36_0_-9fd8cbe3-620e-4970-9524-c40acf2caf3a_637_6069 5432 * 0 0 0
Edge	71	22	14	0	0	0	82	-1
	Sequence	-edge_36_0_-9fd8cbe3-620e-4970-9524-c40acf2caf3a_637_6069 5432 * 0 0 0
Edge	72	13	12	0	0	0	81	-1
	Sequence	+edge_37_0_-9da685c6-32aa-43d9-9876-87d35d304f51_4922_10165 5243 * 0 0 0
Edge	73	11	9	0	0	0	81	-1
	Sequence	-edge_37_0_-9da685c6-32aa-43d9-9876-87d35d304f51_4922_10165 5243 * 0 0 0
Edge	74	51	8	0	0	0	76	-1
	Sequence	+edge_38_0_-91b183d9-8e82-4773-97eb-1bd42cf97b51_2253_7661 5408 * 0 0 0
Edge	75	17	45	0	0	0	76	-1
	Sequence	-edge_38_0_-91b183d9-8e82-4773-97eb-1bd42cf97b51_2253_7661 5408 * 0 0 0
Edge	76	25	7	0	0	0	85	-1
	Sequence	+edge_39_0_-34005995-3164-4434-ad10-6cf82067356e_5352_10689 5337 * 0 0 0
Edge	77	6	21	0	0	0	85	-1
	Sequence	-edge_39_0_-34005995-3164-4434-ad10-6cf82067356e_5352_10689 5337 * 0 0 0
Edge	78	5	28	0	0	0	75	-1
	Sequence	+edge_40_0_-ab4917e5-62e9-4d33-8bb2-64eda826ac5d_3845_9257 5412 * 0 0 0
Edge	79	15	4	0	0	0	75	-1
	Sequence	-edge_40_0_-ab4917e5-62e9-4d33-8bb2-64eda826ac5d_3845_9257 5412 * 0 0 0
Edge	80	3	2	0	0	0	79	-1
	Sequence	+edge_41_0_-d1a2fd9d-8f1e-443a-8a59-84dbe7689bd0_19746_25109 5363 * 0 0 0
Edge	81	10	1	0	0	0	79	-1
	Sequence	-edge_41_0_-d1a2fd9d-8f1e-443a-8a59-84dbe7689bd0_19746_25109 5363 * 0 0 0
Edge	82	0	49	0	0	0	81	-1
	Sequence	+edge_42_0_-01bd1194-b9a4-4d31-b564-f2642823f9fe_3214_8534 5320 * 0 0 0
Edge	83	34	47	0	0	0	81	-1
	Sequence	-edge_42_0_-01bd1194-b9a4-4d31-b564-f2642823f9fe_3214_8534 5320 * 0 0 0
