Chain
	Aln	26	+bc34654e-c86d-485a-a828-34c6a97dd9e8 11 1347 1350 +edge_14_0_+disjointig_2_23690_31302 3668 5007 7612 -1 -1 1301 0.00619569
Chain
	Aln	27	-bc34654e-c86d-485a-a828-34c6a97dd9e8 2 1338 1350 -edge_14_0_+disjointig_2_23690_31302 2604 3943 7612 -1 -1 1301 0.00619569
Chain
	Aln	37	+6b2bc00a-671c-45f8-a19a-75e6180a2afe 9 1708 3143 -edge_19_0_+disjointig_5_0_2944 1243 2943 2944 -1 -1 1676 0
Chain
	Aln	37	+6b2bc00a-671c-45f8-a19a-75e6180a2afe 1937 3141 3143 -edge_19_0_+disjointig_5_0_2944 5 1215 2944 -1 -1 1185 0.00355158
Chain
	Aln	36	-6b2bc00a-671c-45f8-a19a-75e6180a2afe 1434 3133 3143 +edge_19_0_+disjointig_5_0_2944 0 1700 2944 -1 -1 1676 0
Chain
	Aln	36	-6b2bc00a-671c-45f8-a19a-75e6180a2afe 1 1205 3143 +edge_19_0_+disjointig_5_0_2944 1728 2938 2944 -1 -1 1185 0.00355158
Chain
	Aln	47	+ce396860-c999-4c54-905d-65a80c14c141 10 1061 1068 -edge_24_0_+disjointig_2_46632_75878 8277 9327 29246 -1 -1 1013 0.00684817
Chain
	Aln	46	-ce396860-c999-4c54-905d-65a80c14c141 6 1057 1068 +edge_24_0_+disjointig_2_46632_75878 19918 20968 29246 -1 -1 1013 0.00684817
Chain
	Aln	27	+bbf3dd4d-67b1-4126-b6ba-354fdabb244d 11 2826 2843 -edge_14_1_-disjointig_2_1052_8669 3313 6133 7617 -1 -1 2748 0.00227665
Chain
	Aln	26	-bbf3dd4d-67b1-4126-b6ba-354fdabb244d 16 2831 2843 +edge_14_1_-disjointig_2_1052_8669 1483 4303 7617 -1 -1 2748 0.00227665
Chain
	Aln	36	+4b78a3e6-ffb8-4e64-a60d-3a80d8996bbc 479 3143 3147 +edge_19_0_+disjointig_5_0_2944 0 2668 2944 -1 -1 2585 0.00157796
Chain
	Aln	37	-4b78a3e6-ffb8-4e64-a60d-3a80d8996bbc 3 2667 3147 -edge_19_0_+disjointig_5_0_2944 275 2943 2944 -1 -1 2585 0.00157796
Chain
	Aln	27	+d17f80c7-5027-42a1-9edc-5a2ed430acad 6 1013 1020 -edge_14_1_-disjointig_2_1052_8669 6609 7616 7617 -1 -1 1007 0.000970235
Chain
	Aln	26	-d17f80c7-5027-42a1-9edc-5a2ed430acad 6 1013 1020 +edge_14_1_-disjointig_2_1052_8669 0 1007 7617 -1 -1 1007 0.000970235
Chain
	Aln	34	+e4a3f990-dd97-406a-ba04-ef1a7efbe140 9 3205 3209 +edge_18_0_+disjointig_4_0_19874 16400 19591 19874 -1 -1 3051 0.00516069
Chain
	Aln	35	-e4a3f990-dd97-406a-ba04-ef1a7efbe140 3 3199 3209 -edge_18_0_+disjointig_4_0_19874 282 3473 19874 -1 -1 3051 0.00516069
Chain
	Aln	21	+bc0573b6-a512-4299-94ac-42d40cfda143 8 1321 1328 -edge_11_0_+disjointig_2_21600_23690 755 2065 2090 -1 -1 1299 0.00190424
Chain
	Aln	20	-bc0573b6-a512-4299-94ac-42d40cfda143 6 1319 1328 +edge_11_0_+disjointig_2_21600_23690 24 1334 2090 -1 -1 1299 0.00190424
Chain
	Aln	7	+847a6895-832e-473c-be72-6dfd4813b8ef 9 2327 2329 -edge_4_0_+disjointig_12_0_5053 2727 5051 5053 -1 -1 2236 0.00498587
Chain
	Aln	6	-847a6895-832e-473c-be72-6dfd4813b8ef 1 2319 2329 +edge_4_0_+disjointig_12_0_5053 1 2325 5053 -1 -1 2236 0.00498587
Chain
	Aln	37	+d93ffa64-e92f-4732-9ac8-0041d8b0ed61 1 2150 3148 -edge_19_0_+disjointig_5_0_2944 795 2943 2944 -1 -1 2119 0
Chain
	Aln	36	-d93ffa64-e92f-4732-9ac8-0041d8b0ed61 997 3146 3148 +edge_19_0_+disjointig_5_0_2944 0 2148 2944 -1 -1 2119 0
Chain
	Aln	46	+2985b6f2-abef-4259-aac6-93a4e113688e 11 9815 9841 +edge_24_0_+disjointig_2_46632_75878 5916 15742 29246 -1 -1 9624 0.00220162
Chain
	Aln	47	-2985b6f2-abef-4259-aac6-93a4e113688e 25 9829 9841 -edge_24_0_+disjointig_2_46632_75878 13503 23329 29246 -1 -1 9624 0.00220162
Chain
	Aln	37	+2c676de8-9824-4b3f-a51b-1df22eab7734 11 2942 2944 -edge_19_0_+disjointig_5_0_2944 10 2942 2944 -1 -1 2849 0.00188549
Chain
	Aln	36	-2c676de8-9824-4b3f-a51b-1df22eab7734 1 2932 2944 +edge_19_0_+disjointig_5_0_2944 1 2933 2944 -1 -1 2849 0.00188549
Chain
	Aln	33	+828e1546-8d2d-4185-b514-ad34e8c6d2e3 19 3005 3013 -edge_17_0_+disjointig_3_0_12785 18 2998 12785 -1 -1 2887 0.00353179
Chain
	Aln	32	-828e1546-8d2d-4185-b514-ad34e8c6d2e3 7 2993 3013 +edge_17_0_+disjointig_3_0_12785 9786 12766 12785 -1 -1 2887 0.00353179
Chain
	Aln	46	+7ed85e4d-6d3c-4914-8a4e-01ffc7b90a05 16 4186 4192 +edge_24_0_+disjointig_2_46632_75878 4246 8433 29246 -1 -1 3982 0.00507298
Chain
	Aln	47	-7ed85e4d-6d3c-4914-8a4e-01ffc7b90a05 5 4175 4192 -edge_24_0_+disjointig_2_46632_75878 20812 24999 29246 -1 -1 3982 0.00507298
Chain
	Aln	23	+6f587757-d57f-4a7a-822f-3e2a1fd27e6f 32 3626 3889 -edge_12_0_-disjointig_2_51773_65676 1415 5019 13903 -1 -1 3377 0.00694407
Chain
	Aln	22	-6f587757-d57f-4a7a-822f-3e2a1fd27e6f 262 3856 3889 +edge_12_0_-disjointig_2_51773_65676 8883 12487 13903 -1 -1 3377 0.00694407
Chain
	Aln	23	+088cccd3-6ccf-4a4a-a5aa-d77c46e76727 12 2378 5325 -edge_12_0_-disjointig_2_51773_65676 11530 13897 13903 -1 -1 2344 0.00224898
	Aln	46	+088cccd3-6ccf-4a4a-a5aa-d77c46e76727 2395 5323 5325 +edge_24_0_+disjointig_2_46632_75878 12 2945 29246 -1 -1 2828 0.00434961
Chain
	Aln	47	-088cccd3-6ccf-4a4a-a5aa-d77c46e76727 1 2929 5325 -edge_24_0_+disjointig_2_46632_75878 26300 29233 29246 -1 -1 2828 0.00434961
	Aln	22	-088cccd3-6ccf-4a4a-a5aa-d77c46e76727 2946 5312 5325 +edge_12_0_-disjointig_2_51773_65676 5 2372 13903 -1 -1 2344 0.00224898
Chain
	Aln	23	+e09cabdc-8348-4691-aa5a-18bad78bc47c 4 3464 3471 -edge_12_0_-disjointig_2_51773_65676 1519 4975 13903 -1 -1 3340 0.00484949
Chain
	Aln	22	-e09cabdc-8348-4691-aa5a-18bad78bc47c 6 3466 3471 +edge_12_0_-disjointig_2_51773_65676 8927 12383 13903 -1 -1 3340 0.00484949
Chain
	Aln	10	+bd923b34-8452-4dbf-a08f-2dc7c150129d 1714 2742 3046 +edge_6_0_+disjointig_14_0_2397 1368 2393 2397 -1 -1 516 0.0658363
Chain
	Aln	11	-bd923b34-8452-4dbf-a08f-2dc7c150129d 303 1331 3046 -edge_6_0_+disjointig_14_0_2397 3 1028 2397 -1 -1 516 0.0658363
Chain
	Aln	26	+f74fb116-6d74-4b02-a9f7-5a961d260605 9 1241 1243 +edge_14_1_-disjointig_2_1052_8669 5904 7137 7617 -1 -1 1200 0.000809578
Chain
	Aln	27	-f74fb116-6d74-4b02-a9f7-5a961d260605 1 1233 1243 -edge_14_1_-disjointig_2_1052_8669 479 1712 7617 -1 -1 1200 0.000809578
Chain
	Aln	3	+b1737f34-dcda-4b4a-a02a-82cafb82da6d 3 2436 2439 -edge_2_0_+disjointig_10_0_14068 11630 14065 14068 -1 -1 2327 0.00506288
Chain
	Aln	2	-b1737f34-dcda-4b4a-a02a-82cafb82da6d 2 2435 2439 +edge_2_0_+disjointig_10_0_14068 2 2437 14068 -1 -1 2327 0.00506288
Chain
	Aln	8	+988d0650-aeae-4ddb-8f58-43d5c611b1b2 5 3749 3754 +edge_5_0_+disjointig_13_0_4432 586 4330 4432 -1 -1 3696 0.000727733
Chain
	Aln	9	-988d0650-aeae-4ddb-8f58-43d5c611b1b2 4 3748 3754 -edge_5_0_+disjointig_13_0_4432 101 3845 4432 -1 -1 3696 0.000727733
Chain
	Aln	33	+e4861669-d6c1-4321-b74a-3e9bc4705e9c 10 12482 12484 -edge_17_0_+disjointig_3_0_12785 305 12783 12785 -1 -1 12384 0.000718306
Chain
	Aln	32	-e4861669-d6c1-4321-b74a-3e9bc4705e9c 1 12473 12484 +edge_17_0_+disjointig_3_0_12785 1 12479 12785 -1 -1 12384 0.000718306
Chain
	Aln	31	+41290c2c-2632-4caa-b81b-c4df6ad869a5 274 1690 2315 -edge_16_0_+disjointig_2_31302_32729 14 1426 1427 -1 -1 1360 0.0048383
	Aln	27	+41290c2c-2632-4caa-b81b-c4df6ad869a5 1695 2310 2315 -edge_14_0_+disjointig_2_23690_31302 4 620 7612 -1 -1 585 0.0072263
Chain
	Aln	26	-41290c2c-2632-4caa-b81b-c4df6ad869a5 4 619 2315 +edge_14_0_+disjointig_2_23690_31302 6991 7607 7612 -1 -1 585 0.0072263
	Aln	30	-41290c2c-2632-4caa-b81b-c4df6ad869a5 624 2040 2315 +edge_16_0_+disjointig_2_31302_32729 0 1412 1427 -1 -1 1360 0.0048383
Chain
	Aln	34	+ff699948-b4f7-4637-942c-d46f6b7fac2b 11 1333 1362 +edge_18_0_+disjointig_4_0_19874 15753 17078 19874 -1 -1 1305 0.00320835
Chain
	Aln	35	-ff699948-b4f7-4637-942c-d46f6b7fac2b 28 1350 1362 -edge_18_0_+disjointig_4_0_19874 2795 4120 19874 -1 -1 1305 0.00320835
Chain
	Aln	15	+c406c0b4-b82b-4f87-b808-974f706535b2 12 3351 3353 -edge_8_0_+disjointig_16_0_3358 11 3356 3358 -1 -1 3297 0.00450955
Chain
	Aln	14	-c406c0b4-b82b-4f87-b808-974f706535b2 1 3340 3353 +edge_8_0_+disjointig_16_0_3358 1 3346 3358 -1 -1 3297 0.00450955
Chain
	Aln	30	+ea07a846-b745-4a92-9c8f-bdc79228cd0b 16 1377 2208 +edge_16_0_+disjointig_2_31302_32729 56 1417 1427 -1 -1 1353 0.00201362
	Aln	23	+ea07a846-b745-4a92-9c8f-bdc79228cd0b 1389 2206 2208 -edge_12_1_+disjointig_2_75878_89736 17 835 13858 -1 -1 807 0.00227869
Chain
	Aln	22	-ea07a846-b745-4a92-9c8f-bdc79228cd0b 1 818 2208 +edge_12_1_+disjointig_2_75878_89736 13022 13840 13858 -1 -1 807 0.00227869
	Aln	31	-ea07a846-b745-4a92-9c8f-bdc79228cd0b 830 2191 2208 -edge_16_0_+disjointig_2_31302_32729 9 1370 1427 -1 -1 1353 0.00201362
Chain
	Aln	22	+d243ec0f-6279-41d3-a954-fb86820df620 11 3064 3067 +edge_12_0_-disjointig_2_51773_65676 8013 11068 13903 -1 -1 3018 0.00272811
Chain
	Aln	23	-d243ec0f-6279-41d3-a954-fb86820df620 2 3055 3067 -edge_12_0_-disjointig_2_51773_65676 2834 5889 13903 -1 -1 3018 0.00272811
Chain
	Aln	12	+0e974282-2c8e-42c4-a383-ca1d344d243b 1 10492 11424 +edge_7_0_+disjointig_15_0_10497 1 10486 10497 -1 -1 10417 0.000571738
Chain
	Aln	13	-0e974282-2c8e-42c4-a383-ca1d344d243b 931 11422 11424 -edge_7_0_+disjointig_15_0_10497 10 10495 10497 -1 -1 10417 0.000571738
Chain
	Aln	26	+76f819d7-dd4d-43ab-ada8-601ba563adde 6 2372 2375 +edge_14_1_-disjointig_2_1052_8669 847 3215 7617 -1 -1 2297 0.00385791
Chain
	Aln	27	-76f819d7-dd4d-43ab-ada8-601ba563adde 2 2368 2375 -edge_14_1_-disjointig_2_1052_8669 4401 6769 7617 -1 -1 2297 0.00385791
Chain
	Aln	43	+86b7143c-4249-4231-9345-30eca71c279a 1049 6161 6163 -edge_22_0_+disjointig_8_0_8239 11 5125 8239 -1 -1 5078 0.000978036
Chain
	Aln	42	-86b7143c-4249-4231-9345-30eca71c279a 1 5113 6163 +edge_22_0_+disjointig_8_0_8239 3113 8227 8239 -1 -1 5078 0.000978036
Chain
	Aln	46	+410a8563-4201-4e42-8869-978dd52c0d5b 6 1520 1523 +edge_24_0_+disjointig_2_46632_75878 10933 12456 29246 -1 -1 1458 0.00504842
Chain
	Aln	47	-410a8563-4201-4e42-8869-978dd52c0d5b 2 1516 1523 -edge_24_0_+disjointig_2_46632_75878 16789 18312 29246 -1 -1 1458 0.00504842
Chain
	Aln	23	+bd157a20-cffb-4771-aaad-3b3b77e5452a 6 3415 3422 -edge_12_1_+disjointig_2_75878_89736 464 3872 13858 -1 -1 3285 0.00531178
Chain
	Aln	22	-bd157a20-cffb-4771-aaad-3b3b77e5452a 6 3415 3422 +edge_12_1_+disjointig_2_75878_89736 9985 13393 13858 -1 -1 3285 0.00531178
Chain
	Aln	23	+15637aa3-d491-4f22-97f2-d8f134349c6c 18 11611 11625 -edge_12_0_-disjointig_2_51773_65676 1307 12900 13903 -1 -1 11335 0.00293978
Chain
	Aln	22	-15637aa3-d491-4f22-97f2-d8f134349c6c 13 11606 11625 +edge_12_0_-disjointig_2_51773_65676 1002 12595 13903 -1 -1 11335 0.00293978
Chain
	Aln	17	+c15d186e-12c1-4d2f-8872-10a9ef52821e 11 7433 8751 -edge_9_0_+disjointig_17_0_8231 637 8066 8231 -1 -1 7223 0.00336265
Chain
	Aln	16	-c15d186e-12c1-4d2f-8872-10a9ef52821e 1317 8739 8751 +edge_9_0_+disjointig_17_0_8231 164 7593 8231 -1 -1 7223 0.00336265
Chain
	Aln	42	+a77c1111-589f-4f7c-9285-ef41afa4ef12 1220 9448 9459 +edge_22_0_+disjointig_8_0_8239 1 8229 8239 -1 -1 8117 0.00270518
Chain
	Aln	43	-a77c1111-589f-4f7c-9285-ef41afa4ef12 10 8238 9459 -edge_22_0_+disjointig_8_0_8239 9 8237 8239 -1 -1 8117 0.00270518
Chain
	Aln	34	+03b6359a-9d9c-4b08-9c0e-71939c0e0d1d 163 1510 1512 +edge_18_0_+disjointig_4_0_19874 14250 15598 19874 -1 -1 1304 0.00447925
Chain
	Aln	35	-03b6359a-9d9c-4b08-9c0e-71939c0e0d1d 1 1348 1512 -edge_18_0_+disjointig_4_0_19874 4275 5623 19874 -1 -1 1304 0.00447925
Chain
	Aln	22	+5e3b17f2-0ce8-4dd8-814c-16ced23f4590 18 1415 1424 +edge_12_1_+disjointig_2_75878_89736 12444 13842 13858 -1 -1 1386 0.00359143
Chain
	Aln	23	-5e3b17f2-0ce8-4dd8-814c-16ced23f4590 8 1405 1424 -edge_12_1_+disjointig_2_75878_89736 15 1413 13858 -1 -1 1386 0.00359143
Chain
	Aln	34	+e486e1df-2d2d-42f2-b11f-1974821914e7 6 7897 7902 +edge_18_0_+disjointig_4_0_19874 6606 14503 19874 -1 -1 7554 0.00496053
Chain
	Aln	35	-e486e1df-2d2d-42f2-b11f-1974821914e7 4 7895 7902 -edge_18_0_+disjointig_4_0_19874 5370 13267 19874 -1 -1 7554 0.00496053
Chain
	Aln	26	+02def04c-f614-4293-8a9e-cec081aec691 8 4144 4155 +edge_14_0_+disjointig_2_23690_31302 3481 7609 7612 -1 -1 4038 0.00203849
Chain
	Aln	27	-02def04c-f614-4293-8a9e-cec081aec691 10 4146 4155 -edge_14_0_+disjointig_2_23690_31302 2 4130 7612 -1 -1 4038 0.00203849
Chain
	Aln	47	+284dfc30-7266-4248-8370-e3c434b86e7a 11 5543 5554 -edge_24_0_+disjointig_2_46632_75878 8456 13978 29246 -1 -1 5376 0.00192004
Chain
	Aln	46	-284dfc30-7266-4248-8370-e3c434b86e7a 10 5542 5554 +edge_24_0_+disjointig_2_46632_75878 15267 20789 29246 -1 -1 5376 0.00192004
Chain
	Aln	11	+8f0789af-a56f-48f0-8adf-27e7bce447ee 44 2407 2409 -edge_6_0_+disjointig_14_0_2397 43 2395 2397 -1 -1 2193 0.00923797
Chain
	Aln	10	-8f0789af-a56f-48f0-8adf-27e7bce447ee 1 2364 2409 +edge_6_0_+disjointig_14_0_2397 1 2353 2397 -1 -1 2193 0.00923797
Chain
	Aln	10	+793d554d-c946-4aa0-a3c0-34dd4814d9cb 241 2609 2612 +edge_6_0_+disjointig_14_0_2397 1 2375 2397 -1 -1 2284 0.00313744
Chain
	Aln	11	-793d554d-c946-4aa0-a3c0-34dd4814d9cb 2 2370 2612 -edge_6_0_+disjointig_14_0_2397 21 2395 2397 -1 -1 2284 0.00313744
Chain
	Aln	26	+dffb2cef-80d9-48fa-8351-540b8eb34812 9 1866 1889 +edge_14_0_+disjointig_2_23690_31302 2155 4030 7612 -1 -1 1764 0.00443187
Chain
	Aln	27	-dffb2cef-80d9-48fa-8351-540b8eb34812 22 1879 1889 -edge_14_0_+disjointig_2_23690_31302 3581 5456 7612 -1 -1 1764 0.00443187
Chain
	Aln	47	+f2c9fb20-0f4b-44b7-9910-3fb009983004 9 1177 1179 -edge_24_0_+disjointig_2_46632_75878 10346 11515 29246 -1 -1 1156 0
Chain
	Aln	46	-f2c9fb20-0f4b-44b7-9910-3fb009983004 1 1169 1179 +edge_24_0_+disjointig_2_46632_75878 17730 18899 29246 -1 -1 1156 0
Chain
	Aln	26	+6c45185f-e7bf-4d82-a3ba-e94f149fac7d 12 3039 3045 +edge_14_0_+disjointig_2_23690_31302 2761 5791 7612 -1 -1 2948 0.00404792
Chain
	Aln	27	-6c45185f-e7bf-4d82-a3ba-e94f149fac7d 5 3032 3045 -edge_14_0_+disjointig_2_23690_31302 1820 4850 7612 -1 -1 2948 0.00404792
Chain
	Aln	12	+1baa82d1-34c7-4df2-8001-75ae3eaa8497 4 1030 1033 +edge_7_0_+disjointig_15_0_10497 2932 3958 10497 -1 -1 997 0.00406398
Chain
	Aln	13	-1baa82d1-34c7-4df2-8001-75ae3eaa8497 2 1028 1033 -edge_7_0_+disjointig_15_0_10497 6538 7564 10497 -1 -1 997 0.00406398
Chain
	Aln	21	+4cfef609-fb41-4f3a-8aa8-3d5bd87adf37 279 2357 13859 -edge_11_0_+disjointig_2_21600_23690 10 2089 2090 -1 -1 2062 0.00075199
	Aln	47	+4cfef609-fb41-4f3a-8aa8-3d5bd87adf37 2371 13852 13859 -edge_24_0_+disjointig_2_46632_75878 13 11492 29246 -1 -1 11372 0.00155253
Chain
	Aln	46	-4cfef609-fb41-4f3a-8aa8-3d5bd87adf37 6 11487 13859 +edge_24_0_+disjointig_2_46632_75878 17753 29232 29246 -1 -1 11372 0.00155253
	Aln	20	-4cfef609-fb41-4f3a-8aa8-3d5bd87adf37 11501 13579 13859 +edge_11_0_+disjointig_2_21600_23690 0 2079 2090 -1 -1 2062 0.00075199
Chain
	Aln	20	+b5f4e20a-c56c-4caf-b84c-9801829ac64f 43 1429 7747 +edge_11_0_+disjointig_2_21600_23690 702 2088 2090 -1 -1 1370 0.00114758
	Aln	26	+b5f4e20a-c56c-4caf-b84c-9801829ac64f 1440 7738 7747 +edge_14_0_+disjointig_2_23690_31302 9 6312 7612 -1 -1 6182 0.00286183
Chain
	Aln	27	-b5f4e20a-c56c-4caf-b84c-9801829ac64f 8 6306 7747 -edge_14_0_+disjointig_2_23690_31302 1299 7602 7612 -1 -1 6182 0.00286183
	Aln	21	-b5f4e20a-c56c-4caf-b84c-9801829ac64f 6317 7703 7747 -edge_11_0_+disjointig_2_21600_23690 1 1387 2090 -1 -1 1370 0.00114758
Chain
	Aln	26	+84367eaf-50a1-40b4-a162-0f21e6d90c38 12 3566 3573 +edge_14_0_+disjointig_2_23690_31302 1477 5031 7612 -1 -1 3471 0.00335824
Chain
	Aln	27	-84367eaf-50a1-40b4-a162-0f21e6d90c38 6 3560 3573 -edge_14_0_+disjointig_2_23690_31302 2580 6134 7612 -1 -1 3471 0.00335824
Chain
	Aln	17	+dff0dbc3-fb0f-4a0f-9279-10134ff5e5a5 1233 8739 8761 -edge_9_0_+disjointig_17_0_8231 7 7511 8231 -1 -1 7379 0.00206272
Chain
	Aln	16	-dff0dbc3-fb0f-4a0f-9279-10134ff5e5a5 21 7527 8761 +edge_9_0_+disjointig_17_0_8231 719 8223 8231 -1 -1 7379 0.00206272
Chain
	Aln	35	+a36551fb-898c-46db-bff0-ef42e32ab80a 7 1086 1090 -edge_18_0_+disjointig_4_0_19874 2641 3721 19874 -1 -1 1072 0.00252908
Chain
	Aln	34	-a36551fb-898c-46db-bff0-ef42e32ab80a 3 1082 1090 +edge_18_0_+disjointig_4_0_19874 16152 17232 19874 -1 -1 1072 0.00252908
Chain
	Aln	36	+b21d0dd1-5473-4da6-9d49-59b2ee3aab2b 1072 3148 3152 +edge_19_0_+disjointig_5_0_2944 7 2082 2944 -1 -1 1949 0.00525728
Chain
	Aln	37	-b21d0dd1-5473-4da6-9d49-59b2ee3aab2b 3 2079 3152 -edge_19_0_+disjointig_5_0_2944 861 2936 2944 -1 -1 1949 0.00525728
Chain
	Aln	22	+e7a6af90-a02a-4399-b07b-dc74d72baf20 11 2757 2769 +edge_12_0_-disjointig_2_51773_65676 9363 12107 13903 -1 -1 2718 0.00402558
Chain
	Aln	23	-e7a6af90-a02a-4399-b07b-dc74d72baf20 11 2757 2769 -edge_12_0_-disjointig_2_51773_65676 1795 4539 13903 -1 -1 2718 0.00402558
Chain
	Aln	46	+5d38841f-563a-4bb2-8472-036b0969f07c 1593 3316 23072 +edge_24_0_+disjointig_2_46632_75878 27513 29238 29246 -1 -1 1617 0.00727558
	Aln	22	+5d38841f-563a-4bb2-8472-036b0969f07c 3331 17220 23072 +edge_12_0_-disjointig_2_51773_65676 15 13901 13903 -1 -1 13498 0.00372642
	Aln	31	+5d38841f-563a-4bb2-8472-036b0969f07c 17237 18649 23072 -edge_16_0_+disjointig_2_31302_32729 14 1426 1427 -1 -1 1350 0.00368739
	Aln	27	+5d38841f-563a-4bb2-8472-036b0969f07c 18654 23068 23072 -edge_14_0_+disjointig_2_23690_31302 4 4422 7612 -1 -1 4325 0.00222843
Chain
	Aln	47	+5d38841f-563a-4bb2-8472-036b0969f07c 10 1593 23072 -edge_24_0_+disjointig_2_46632_75878 27655 29245 29246 -1 -1 1531 0.00464474
Chain
	Aln	26	-5d38841f-563a-4bb2-8472-036b0969f07c 3 4417 23072 +edge_14_0_+disjointig_2_23690_31302 3189 7607 7612 -1 -1 4325 0.00222843
	Aln	30	-5d38841f-563a-4bb2-8472-036b0969f07c 4422 5834 23072 +edge_16_0_+disjointig_2_31302_32729 0 1412 1427 -1 -1 1350 0.00368739
	Aln	23	-5d38841f-563a-4bb2-8472-036b0969f07c 5851 19740 23072 -edge_12_0_-disjointig_2_51773_65676 1 13887 13903 -1 -1 13498 0.00372642
	Aln	47	-5d38841f-563a-4bb2-8472-036b0969f07c 19755 21478 23072 -edge_24_0_+disjointig_2_46632_75878 7 1732 29246 -1 -1 1617 0.00727558
Chain
	Aln	46	-5d38841f-563a-4bb2-8472-036b0969f07c 21478 23061 23072 +edge_24_0_+disjointig_2_46632_75878 0 1590 29246 -1 -1 1531 0.00464474
Chain
	Aln	3	+53053034-e8c2-4ab0-9eb1-faf6fda1d91e 28 1230 1252 -edge_2_0_+disjointig_10_0_14068 12691 13902 14068 -1 -1 1097 0.00926351
Chain
	Aln	2	-53053034-e8c2-4ab0-9eb1-faf6fda1d91e 21 1223 1252 +edge_2_0_+disjointig_10_0_14068 165 1376 14068 -1 -1 1097 0.00926351
Chain
	Aln	47	+1da3e72e-2e87-4942-a88e-27990ba154cc 4785 14103 14107 -edge_24_0_+disjointig_2_46632_75878 12109 21414 29246 -1 -1 9167 0.00155876
Chain
	Aln	47	+1da3e72e-2e87-4942-a88e-27990ba154cc 14 4166 14107 -edge_24_0_+disjointig_2_46632_75878 7927 12087 29246 -1 -1 4031 0.00221702
Chain
	Aln	46	-1da3e72e-2e87-4942-a88e-27990ba154cc 3 9321 14107 +edge_24_0_+disjointig_2_46632_75878 7831 17136 29246 -1 -1 9167 0.00155876
Chain
	Aln	46	-1da3e72e-2e87-4942-a88e-27990ba154cc 9940 14092 14107 +edge_24_0_+disjointig_2_46632_75878 17158 21318 29246 -1 -1 4031 0.00221702
Chain
	Aln	27	+919d6b96-e102-400a-a81d-55b2a071341e 24 1704 1708 -edge_14_0_+disjointig_2_23690_31302 1820 3501 7612 -1 -1 1676 0.00165482
Chain
	Aln	26	-919d6b96-e102-400a-a81d-55b2a071341e 3 1683 1708 +edge_14_0_+disjointig_2_23690_31302 4110 5791 7612 -1 -1 1676 0.00165482
Chain
	Aln	23	+929c08cc-bf1a-4ac8-a84f-0573ef0b02d9 10 1795 1798 -edge_12_0_-disjointig_2_51773_65676 4449 6234 13903 -1 -1 1785 0.000431891
Chain
	Aln	22	-929c08cc-bf1a-4ac8-a84f-0573ef0b02d9 2 1787 1798 +edge_12_0_-disjointig_2_51773_65676 7668 9453 13903 -1 -1 1785 0.000431891
Chain
	Aln	6	+16db937c-a84f-4aeb-9198-b9dc8cf36a45 6 2018 2024 +edge_4_0_+disjointig_12_0_5053 291 2303 5053 -1 -1 1996 0.00206685
Chain
	Aln	7	-16db937c-a84f-4aeb-9198-b9dc8cf36a45 5 2017 2024 -edge_4_0_+disjointig_12_0_5053 2749 4761 5053 -1 -1 1996 0.00206685
Chain
	Aln	47	+c3926524-04d7-4c46-a1a5-623de59807ae 15 13165 13168 -edge_24_0_+disjointig_2_46632_75878 381 13531 29246 -1 -1 12871 0.00304721
Chain
	Aln	46	-c3926524-04d7-4c46-a1a5-623de59807ae 2 13152 13168 +edge_24_0_+disjointig_2_46632_75878 15714 28864 29246 -1 -1 12871 0.00304721
Chain
	Aln	35	+81eebfbd-7cae-4469-b611-a4bda0d8bd5d 10 2215 2218 -edge_18_0_+disjointig_4_0_19874 10906 13109 19874 -1 -1 2102 0.00581176
Chain
	Aln	34	-81eebfbd-7cae-4469-b611-a4bda0d8bd5d 2 2207 2218 +edge_18_0_+disjointig_4_0_19874 6764 8967 19874 -1 -1 2102 0.00581176
Chain
	Aln	1	+388f44e5-50da-4fbe-a68a-3228c89503e6 6 2347 2349 -edge_1_0_+disjointig_1_0_2354 5 2352 2354 -1 -1 2315 0.00217765
Chain
	Aln	0	-388f44e5-50da-4fbe-a68a-3228c89503e6 1 2342 2349 +edge_1_0_+disjointig_1_0_2354 1 2348 2354 -1 -1 2315 0.00217765
Chain
	Aln	0	+e0074461-4407-4687-9bc6-089cad0b872d 22 2325 2359 +edge_1_0_+disjointig_1_0_2354 1 2308 2354 -1 -1 2280 0.00203154
Chain
	Aln	1	-e0074461-4407-4687-9bc6-089cad0b872d 33 2336 2359 -edge_1_0_+disjointig_1_0_2354 45 2352 2354 -1 -1 2280 0.00203154
Chain
	Aln	40	+3f45e1b9-cd6c-4e2a-82c7-792ea99ec25d 36 1173 1179 +edge_21_0_+disjointig_7_0_2211 430 1567 2211 -1 -1 1122 0.00401049
Chain
	Aln	41	-3f45e1b9-cd6c-4e2a-82c7-792ea99ec25d 5 1142 1179 -edge_21_0_+disjointig_7_0_2211 643 1780 2211 -1 -1 1122 0.00401049
Chain
	Aln	34	+fe5c7bd4-cf50-4919-8f60-648d16e243da 1 8290 8297 +edge_18_0_+disjointig_4_0_19874 1 8291 19874 -1 -1 8221 0
Chain
	Aln	35	-fe5c7bd4-cf50-4919-8f60-648d16e243da 6 8295 8297 -edge_18_0_+disjointig_4_0_19874 11582 19872 19874 -1 -1 8221 0
Chain
	Aln	0	+2ba320e9-d736-45f2-ab41-e4dbe4293557 7 1705 2403 +edge_1_0_+disjointig_1_0_2354 652 2350 2354 -1 -1 1698 0.00107021
Chain
	Aln	1	-2ba320e9-d736-45f2-ab41-e4dbe4293557 697 2395 2403 -edge_1_0_+disjointig_1_0_2354 3 1701 2354 -1 -1 1698 0.00107021
Chain
	Aln	32	+553242c8-92df-46f5-ac66-04dcb2d7d896 13 1157 1163 +edge_17_0_+disjointig_3_0_12785 6290 7434 12785 -1 -1 1139 0.0022758
Chain
	Aln	33	-553242c8-92df-46f5-ac66-04dcb2d7d896 5 1149 1163 -edge_17_0_+disjointig_3_0_12785 5350 6494 12785 -1 -1 1139 0.0022758
Chain
	Aln	34	+f57185af-3001-4c75-a023-b2c493d2ea6e 1883 4075 4077 +edge_18_0_+disjointig_4_0_19874 12476 14662 19874 -1 -1 2081 0.00546393
Chain
	Aln	35	-f57185af-3001-4c75-a023-b2c493d2ea6e 1 2193 4077 -edge_18_0_+disjointig_4_0_19874 5211 7397 19874 -1 -1 2081 0.00546393
Chain
	Aln	13	+52b1d100-1be1-45f7-9fba-1e7c718ba2fe 12 5546 5551 -edge_7_0_+disjointig_15_0_10497 11 5540 10497 -1 -1 5476 0.00169997
Chain
	Aln	12	-52b1d100-1be1-45f7-9fba-1e7c718ba2fe 4 5538 5551 +edge_7_0_+disjointig_15_0_10497 4956 10485 10497 -1 -1 5476 0.00169997
Chain
	Aln	14	+a97ed65e-6a8a-403b-a3ac-ca905bbe61c9 754 4090 5243 +edge_8_0_+disjointig_16_0_3358 16 3349 3358 -1 -1 3317 0.00331541
Chain
	Aln	15	-a97ed65e-6a8a-403b-a3ac-ca905bbe61c9 1152 4488 5243 -edge_8_0_+disjointig_16_0_3358 8 3341 3358 -1 -1 3317 0.00331541
Chain
	Aln	23	+516330f9-b776-47e4-8d97-f5e433680440 10 1653 1665 -edge_12_1_+disjointig_2_75878_89736 10824 12472 13858 -1 -1 1571 0.00587758
Chain
	Aln	22	-516330f9-b776-47e4-8d97-f5e433680440 11 1654 1665 +edge_12_1_+disjointig_2_75878_89736 1385 3033 13858 -1 -1 1571 0.00587758
Chain
	Aln	35	+f77bce26-0750-48cd-8e02-a8ccd70c645f 148 2235 2237 -edge_18_0_+disjointig_4_0_19874 2500 4550 19874 -1 -1 1945 0.00472175
Chain
	Aln	34	-f77bce26-0750-48cd-8e02-a8ccd70c645f 1 2088 2237 +edge_18_0_+disjointig_4_0_19874 15323 17373 19874 -1 -1 1945 0.00472175
Chain
	Aln	15	+c37f1eb4-f5ef-4f3b-aaf1-5d8def2dcd01 27 1994 2012 -edge_8_0_+disjointig_16_0_3358 609 2553 3358 -1 -1 1177 0.0538906
Chain
	Aln	14	-c37f1eb4-f5ef-4f3b-aaf1-5d8def2dcd01 17 1984 2012 +edge_8_0_+disjointig_16_0_3358 804 2748 3358 -1 -1 1177 0.0538906
Chain
	Aln	26	+09c4b436-84b0-45a4-94e2-82b16048a10e 16 1619 1638 +edge_14_1_-disjointig_2_1052_8669 3112 4715 7617 -1 -1 1603 0.00128605
Chain
	Aln	27	-09c4b436-84b0-45a4-94e2-82b16048a10e 18 1621 1638 -edge_14_1_-disjointig_2_1052_8669 2901 4504 7617 -1 -1 1603 0.00128605
Chain
	Aln	5	+7b454fd4-8e72-4594-87ab-32ad9d4e3f1c 5 2919 2921 -edge_3_0_+disjointig_11_0_2921 4 2919 2921 -1 -1 2875 0.00246257
Chain
	Aln	4	-7b454fd4-8e72-4594-87ab-32ad9d4e3f1c 1 2915 2921 +edge_3_0_+disjointig_11_0_2921 1 2916 2921 -1 -1 2875 0.00246257
Chain
	Aln	27	+80dc1953-6011-4e81-83d3-2bb4105aa376 4 2162 2165 -edge_14_1_-disjointig_2_1052_8669 2215 4381 7617 -1 -1 2088 0.00623886
Chain
	Aln	26	-80dc1953-6011-4e81-83d3-2bb4105aa376 2 2160 2165 +edge_14_1_-disjointig_2_1052_8669 3235 5401 7617 -1 -1 2088 0.00623886
Chain
	Aln	4	+c3361341-aa32-4414-acce-a0f302d6fd38 39 2917 2925 +edge_3_0_+disjointig_11_0_2921 16 2893 2921 -1 -1 2853 0.00171115
Chain
	Aln	5	-c3361341-aa32-4414-acce-a0f302d6fd38 7 2885 2925 -edge_3_0_+disjointig_11_0_2921 27 2904 2921 -1 -1 2853 0.00171115
Chain
	Aln	36	+409b8145-5b55-4058-914e-1e583296cfab 666 3152 3154 +edge_19_0_+disjointig_5_0_2944 0 2484 2944 -1 -1 2442 0
Chain
	Aln	37	-409b8145-5b55-4058-914e-1e583296cfab 1 2487 3154 -edge_19_0_+disjointig_5_0_2944 459 2943 2944 -1 -1 2442 0
Chain
	Aln	27	+63c586d1-0277-4228-8ca8-400205b8290c 14 4312 4318 -edge_14_0_+disjointig_2_23690_31302 2991 7293 7612 -1 -1 4263 0.00173844
Chain
	Aln	26	-63c586d1-0277-4228-8ca8-400205b8290c 5 4303 4318 +edge_14_0_+disjointig_2_23690_31302 318 4620 7612 -1 -1 4263 0.00173844
Chain
	Aln	22	+b5f03868-f5d3-480d-bd4c-d1302d392e1d 2 4321 4327 +edge_12_0_-disjointig_2_51773_65676 9439 13767 13903 -1 -1 4238 0.00535949
Chain
	Aln	23	-b5f03868-f5d3-480d-bd4c-d1302d392e1d 5 4324 4327 -edge_12_0_-disjointig_2_51773_65676 135 4463 13903 -1 -1 4238 0.00535949
Chain
	Aln	7	+a0463534-5bf2-48f0-bf05-2eeac55f079a 14 5054 5935 -edge_4_0_+disjointig_12_0_5053 13 5052 5053 -1 -1 4998 0.00135633
Chain
	Aln	6	-a0463534-5bf2-48f0-bf05-2eeac55f079a 880 5920 5935 +edge_4_0_+disjointig_12_0_5053 0 5039 5053 -1 -1 4998 0.00135633
Chain
	Aln	27	+f686b889-9575-49a4-96b1-fe02136bbe83 7 4504 5892 -edge_14_0_+disjointig_2_23690_31302 3078 7583 7612 -1 -1 4430 0.00299627
	Aln	21	+f686b889-9575-49a4-96b1-fe02136bbe83 4541 5885 5892 -edge_11_0_+disjointig_2_21600_23690 10 1355 2090 -1 -1 1335 0.000341635
Chain
	Aln	20	-f686b889-9575-49a4-96b1-fe02136bbe83 6 1350 5892 +edge_11_0_+disjointig_2_21600_23690 734 2079 2090 -1 -1 1335 0.000341635
	Aln	26	-f686b889-9575-49a4-96b1-fe02136bbe83 1387 5884 5892 +edge_14_0_+disjointig_2_23690_31302 28 4533 7612 -1 -1 4430 0.00299627
Chain
	Aln	23	+62712450-9fca-4bbc-bec1-5ec5ebf2d03b 14 1581 1583 -edge_12_0_-disjointig_2_51773_65676 7698 9265 13903 -1 -1 1562 0
Chain
	Aln	22	-62712450-9fca-4bbc-bec1-5ec5ebf2d03b 1 1568 1583 +edge_12_0_-disjointig_2_51773_65676 4637 6204 13903 -1 -1 1562 0
Chain
	Aln	47	+e7a6971b-a717-4eed-bfa9-ac5421599ce8 10 1441 1444 -edge_24_0_+disjointig_2_46632_75878 8906 10340 29246 -1 -1 1398 0.00244012
Chain
	Aln	46	-e7a6971b-a717-4eed-bfa9-ac5421599ce8 2 1433 1444 +edge_24_0_+disjointig_2_46632_75878 18905 20339 29246 -1 -1 1398 0.00244012
Chain
	Aln	45	+6149ec52-bba3-49d6-b7a5-87d1772400e7 12 13513 18590 -edge_23_0_+disjointig_9_0_13515 11 13514 13515 -1 -1 13062 0.00279299
Chain
	Aln	44	-6149ec52-bba3-49d6-b7a5-87d1772400e7 5076 18577 18590 +edge_23_0_+disjointig_9_0_13515 0 13503 13515 -1 -1 13062 0.00279299
Chain
	Aln	23	+6c3e455a-a0c8-473a-b647-4fe08c8351b3 26 5953 7305 -edge_12_0_-disjointig_2_51773_65676 7957 13902 13903 -1 -1 5829 0.00274949
	Aln	46	+6c3e455a-a0c8-473a-b647-4fe08c8351b3 5954 7303 7305 +edge_24_0_+disjointig_2_46632_75878 1 1351 29246 -1 -1 1250 0.00858786
Chain
	Aln	47	-6c3e455a-a0c8-473a-b647-4fe08c8351b3 1 1350 7305 -edge_24_0_+disjointig_2_46632_75878 27894 29244 29246 -1 -1 1250 0.00858786
	Aln	22	-6c3e455a-a0c8-473a-b647-4fe08c8351b3 1351 7278 7305 +edge_12_0_-disjointig_2_51773_65676 0 5945 13903 -1 -1 5829 0.00274949
Chain
	Aln	23	+8675178c-ca4e-48ff-ad91-a667b6bed632 18 2933 10109 -edge_12_0_-disjointig_2_51773_65676 10991 13902 13903 -1 -1 2879 0.00234689
	Aln	46	+8675178c-ca4e-48ff-ad91-a667b6bed632 2934 10107 10109 +edge_24_0_+disjointig_2_46632_75878 1 7165 29246 -1 -1 6952 0.00251181
Chain
	Aln	47	-8675178c-ca4e-48ff-ad91-a667b6bed632 1 7174 10109 -edge_24_0_+disjointig_2_46632_75878 22080 29244 29246 -1 -1 6952 0.00251181
	Aln	22	-8675178c-ca4e-48ff-ad91-a667b6bed632 7175 10090 10109 +edge_12_0_-disjointig_2_51773_65676 0 2911 13903 -1 -1 2879 0.00234689
Chain
	Aln	9	+9466a663-d32d-4aa2-9449-af94cd66f60e 13 4438 4440 -edge_5_0_+disjointig_13_0_4432 12 4430 4432 -1 -1 4269 0.00339669
Chain
	Aln	8	-9466a663-d32d-4aa2-9449-af94cd66f60e 1 4426 4440 +edge_5_0_+disjointig_13_0_4432 1 4419 4432 -1 -1 4269 0.00339669
Chain
	Aln	43	+3d1fe590-13a3-4a9c-b877-cdb154f20bcf 2 2210 2212 -edge_22_0_+disjointig_8_0_8239 6016 8237 8239 -1 -1 2144 0.00511352
Chain
	Aln	42	-3d1fe590-13a3-4a9c-b877-cdb154f20bcf 1 2209 2212 +edge_22_0_+disjointig_8_0_8239 1 2222 8239 -1 -1 2144 0.00511352
Chain
	Aln	47	+179da171-13ea-4a93-a1de-18819bab83e6 8 5919 5921 -edge_24_0_+disjointig_2_46632_75878 22341 28251 29246 -1 -1 5842 0.00128194
Chain
	Aln	46	-179da171-13ea-4a93-a1de-18819bab83e6 1 5912 5921 +edge_24_0_+disjointig_2_46632_75878 994 6904 29246 -1 -1 5842 0.00128194
Chain
	Aln	46	+ce6b57e6-58f9-4a08-bf4f-d5250d75e524 160 1883 13674 +edge_24_0_+disjointig_2_46632_75878 27513 29238 29246 -1 -1 1683 0.00377191
	Aln	22	+ce6b57e6-58f9-4a08-bf4f-d5250d75e524 1891 13671 13674 +edge_12_0_-disjointig_2_51773_65676 5 11786 13903 -1 -1 11616 0.00226483
Chain
	Aln	23	-ce6b57e6-58f9-4a08-bf4f-d5250d75e524 2 11782 13674 -edge_12_0_-disjointig_2_51773_65676 2116 13897 13903 -1 -1 11616 0.00226483
	Aln	47	-ce6b57e6-58f9-4a08-bf4f-d5250d75e524 11790 13513 13674 -edge_24_0_+disjointig_2_46632_75878 7 1732 29246 -1 -1 1683 0.00377191
Chain
	Aln	23	+64367ac0-eb61-42f6-a77a-05538bcef65d 7 11719 13565 -edge_12_1_+disjointig_2_75878_89736 2117 13857 13858 -1 -1 10730 0.010291
	Aln	47	+64367ac0-eb61-42f6-a77a-05538bcef65d 11736 13398 13565 -edge_24_0_+disjointig_2_46632_75878 16 1702 29246 -1 -1 1390 0.0168679
Chain
	Aln	46	-64367ac0-eb61-42f6-a77a-05538bcef65d 166 1828 13565 +edge_24_0_+disjointig_2_46632_75878 27543 29229 29246 -1 -1 1390 0.0168679
	Aln	22	-64367ac0-eb61-42f6-a77a-05538bcef65d 1845 13557 13565 +edge_12_1_+disjointig_2_75878_89736 0 11740 13858 -1 -1 10730 0.010291
Chain
	Aln	23	+82c60487-c232-40b1-a709-883b2029bca6 34 2787 2797 -edge_12_1_+disjointig_2_75878_89736 3412 6168 13858 -1 -1 2741 0.00323813
Chain
	Aln	22	-82c60487-c232-40b1-a709-883b2029bca6 9 2762 2797 +edge_12_1_+disjointig_2_75878_89736 7689 10445 13858 -1 -1 2741 0.00323813
Chain
	Aln	35	+a35c144c-3079-4d1b-9268-2380780cd300 9 4374 4376 -edge_18_0_+disjointig_4_0_19874 8 4365 19874 -1 -1 4215 0.00321693
Chain
	Aln	34	-a35c144c-3079-4d1b-9268-2380780cd300 1 4366 4376 +edge_18_0_+disjointig_4_0_19874 15508 19865 19874 -1 -1 4215 0.00321693
Chain
	Aln	17	+94b542af-e47b-408b-94e0-50b6f6b4479b 15 8207 8214 -edge_9_0_+disjointig_17_0_8231 14 8224 8231 -1 -1 7805 0.004545
Chain
	Aln	16	-94b542af-e47b-408b-94e0-50b6f6b4479b 6 8198 8214 +edge_9_0_+disjointig_17_0_8231 6 8216 8231 -1 -1 7805 0.004545
Chain
	Aln	2	+d1331294-44e6-4a46-9222-285e46ce7cf7 1729 15791 15796 +edge_2_0_+disjointig_10_0_14068 2 14064 14068 -1 -1 13854 0.00209404
Chain
	Aln	3	-d1331294-44e6-4a46-9222-285e46ce7cf7 4 14066 15796 -edge_2_0_+disjointig_10_0_14068 3 14065 14068 -1 -1 13854 0.00209404
Chain
	Aln	37	+dc9c5336-f9d6-4ae2-9bc4-cfee38cc4abf 1054 3148 3356 -edge_19_0_+disjointig_5_0_2944 5 2099 2944 -1 -1 2051 0.00342524
Chain
	Aln	36	-dc9c5336-f9d6-4ae2-9bc4-cfee38cc4abf 207 2301 3356 +edge_19_0_+disjointig_5_0_2944 844 2938 2944 -1 -1 2051 0.00342524
Chain
	Aln	39	+398d5444-57a6-4dd0-aa42-d5a4681ebeaa 4 4626 4628 -edge_20_0_+disjointig_6_0_15289 10665 15287 15289 -1 -1 4551 0.00235172
Chain
	Aln	38	-398d5444-57a6-4dd0-aa42-d5a4681ebeaa 1 4623 4628 +edge_20_0_+disjointig_6_0_15289 1 4623 15289 -1 -1 4551 0.00235172
Chain
	Aln	41	+1c1142a6-1e29-4808-99f2-c906c9e77958 12 2209 2211 -edge_21_0_+disjointig_7_0_2211 11 2209 2211 -1 -1 2161 0.00293246
Chain
	Aln	40	-1c1142a6-1e29-4808-99f2-c906c9e77958 1 2198 2211 +edge_21_0_+disjointig_7_0_2211 1 2199 2211 -1 -1 2161 0.00293246
Chain
	Aln	23	+7427a99f-082b-412c-a56d-24aab6eaee5b 450 14348 15324 -edge_12_0_-disjointig_2_51773_65676 6 13902 13903 -1 -1 13625 0.00275519
	Aln	46	+7427a99f-082b-412c-a56d-24aab6eaee5b 14349 15316 15324 +edge_24_0_+disjointig_2_46632_75878 1 967 29246 -1 -1 930 0.0055144
Chain
	Aln	47	-7427a99f-082b-412c-a56d-24aab6eaee5b 7 974 15324 -edge_24_0_+disjointig_2_46632_75878 28278 29244 29246 -1 -1 930 0.0055144
	Aln	22	-7427a99f-082b-412c-a56d-24aab6eaee5b 975 14873 15324 +edge_12_0_-disjointig_2_51773_65676 0 13896 13903 -1 -1 13625 0.00275519
Chain
	Aln	22	+76eedcb6-b278-4340-b0c1-ac9845ab05be 13 2723 2726 +edge_12_0_-disjointig_2_51773_65676 1573 4269 13903 -1 -1 2621 0.00401161
Chain
	Aln	23	-76eedcb6-b278-4340-b0c1-ac9845ab05be 2 2712 2726 -edge_12_0_-disjointig_2_51773_65676 9633 12329 13903 -1 -1 2621 0.00401161
Chain
	Aln	2	+950e82c7-522b-48b8-9370-49aba657b44f 550 1791 1796 +edge_2_0_+disjointig_10_0_14068 2 1242 14068 -1 -1 675 0.0587972
Chain
	Aln	3	-950e82c7-522b-48b8-9370-49aba657b44f 4 1245 1796 -edge_2_0_+disjointig_10_0_14068 12825 14065 14068 -1 -1 675 0.0587972
Chain
	Aln	26	+0351e31c-c2da-4b59-9513-e893a4101b23 8 1650 3263 +edge_14_0_+disjointig_2_23690_31302 5969 7609 7612 -1 -1 1597 0.00127274
	Aln	30	+0351e31c-c2da-4b59-9513-e893a4101b23 1654 3071 3263 +edge_16_0_+disjointig_2_31302_32729 1 1417 1427 -1 -1 1402 0.0012699
Chain
	Aln	31	-0351e31c-c2da-4b59-9513-e893a4101b23 191 1608 3263 -edge_16_0_+disjointig_2_31302_32729 9 1425 1427 -1 -1 1402 0.0012699
	Aln	27	-0351e31c-c2da-4b59-9513-e893a4101b23 1612 3254 3263 -edge_14_0_+disjointig_2_23690_31302 2 1642 7612 -1 -1 1597 0.00127274
Chain
	Aln	45	+cbd19505-83a2-481c-a3ce-e95b5b3b2184 14 4202 4205 -edge_23_0_+disjointig_9_0_13515 9324 13512 13515 -1 -1 4184 0
Chain
	Aln	44	-cbd19505-83a2-481c-a3ce-e95b5b3b2184 2 4190 4205 +edge_23_0_+disjointig_9_0_13515 2 4190 13515 -1 -1 4184 0
Chain
	Aln	47	+bf22d1e0-1ce2-4a9d-bdce-8aa38f6ecb68 8 5677 5708 -edge_24_0_+disjointig_2_46632_75878 17251 23157 29246 -1 -1 4831 0.00792318
Chain
	Aln	46	-bf22d1e0-1ce2-4a9d-bdce-8aa38f6ecb68 30 5699 5708 +edge_24_0_+disjointig_2_46632_75878 6088 11994 29246 -1 -1 4831 0.00792318
Chain
	Aln	35	+a1cfba2b-3334-4d13-a7f1-66a1b0aaeb4d 44 4177 4180 -edge_18_0_+disjointig_4_0_19874 2500 6590 19874 -1 -1 4005 0.00314123
Chain
	Aln	34	-a1cfba2b-3334-4d13-a7f1-66a1b0aaeb4d 2 4135 4180 +edge_18_0_+disjointig_4_0_19874 13283 17373 19874 -1 -1 4005 0.00314123
Chain
	Aln	36	+cded6b3d-7103-473a-a015-a90223ec6650 59 1987 3131 +edge_19_0_+disjointig_5_0_2944 1006 2938 2944 -1 -1 1303 0.0392985
Chain
	Aln	37	-cded6b3d-7103-473a-a015-a90223ec6650 1143 3071 3131 -edge_19_0_+disjointig_5_0_2944 5 1937 2944 -1 -1 1303 0.0392985
Chain
	Aln	36	+b1288838-02dc-4d44-8501-290e0ace90e2 5 2602 3153 +edge_19_0_+disjointig_5_0_2944 345 2938 2944 -1 -1 2571 0.000116121
Chain
	Aln	37	-b1288838-02dc-4d44-8501-290e0ace90e2 550 3147 3153 -edge_19_0_+disjointig_5_0_2944 5 2598 2944 -1 -1 2571 0.000116121
Chain
	Aln	36	+aff3d662-569f-4c68-b7b1-ea2d7fd638da 9 2120 3157 +edge_19_0_+disjointig_5_0_2944 831 2938 2944 -1 -1 2053 0.00341134
Chain
	Aln	37	-aff3d662-569f-4c68-b7b1-ea2d7fd638da 1036 3147 3157 -edge_19_0_+disjointig_5_0_2944 5 2112 2944 -1 -1 2053 0.00341134
Chain
	Aln	34	+33b6b77c-3a76-4ff4-933c-57dae5d66add 5 4403 5648 +edge_18_0_+disjointig_4_0_19874 12988 17384 19874 -1 -1 4367 0.00165792
Chain
	Aln	35	-33b6b77c-3a76-4ff4-933c-57dae5d66add 1244 5642 5648 -edge_18_0_+disjointig_4_0_19874 2489 6885 19874 -1 -1 4367 0.00165792
Chain
	Aln	23	+514084f0-62ea-4113-9d76-6fbe1e080ee5 26 3516 21734 -edge_12_0_-disjointig_2_51773_65676 10416 13902 13903 -1 -1 3466 0.00171353
	Aln	46	+514084f0-62ea-4113-9d76-6fbe1e080ee5 3517 21732 21734 +edge_24_0_+disjointig_2_46632_75878 1 18250 29246 -1 -1 17790 0.00206203
Chain
	Aln	47	-514084f0-62ea-4113-9d76-6fbe1e080ee5 1 18216 21734 -edge_24_0_+disjointig_2_46632_75878 10995 29244 29246 -1 -1 17790 0.00206203
	Aln	22	-514084f0-62ea-4113-9d76-6fbe1e080ee5 18217 21707 21734 +edge_12_0_-disjointig_2_51773_65676 0 3486 13903 -1 -1 3466 0.00171353
Chain
	Aln	46	+b1fd9305-b0d7-4ce3-9a29-bdb0030cf64c 13 21595 54253 +edge_24_0_+disjointig_2_46632_75878 7644 29238 29246 -1 -1 20757 0.00398598
	Aln	20	+b1fd9305-b0d7-4ce3-9a29-bdb0030cf64c 21604 23685 54253 +edge_11_0_+disjointig_2_21600_23690 1 2088 2090 -1 -1 1912 0.00694823
	Aln	26	+b1fd9305-b0d7-4ce3-9a29-bdb0030cf64c 23696 31313 54253 +edge_14_0_+disjointig_2_23690_31302 9 7609 7612 -1 -1 7495 0.00164502
	Aln	30	+b1fd9305-b0d7-4ce3-9a29-bdb0030cf64c 31317 32732 54253 +edge_16_0_+disjointig_2_31302_32729 1 1417 1427 -1 -1 1388 0.00216956
	Aln	23	+b1fd9305-b0d7-4ce3-9a29-bdb0030cf64c 32749 46632 54253 -edge_12_0_-disjointig_2_51773_65676 6 13902 13903 -1 -1 13635 0.00286889
	Aln	46	+b1fd9305-b0d7-4ce3-9a29-bdb0030cf64c 46632 54246 54253 +edge_24_0_+disjointig_2_46632_75878 0 7609 29246 -1 -1 7353 0.00384859
Chain
	Aln	47	-b1fd9305-b0d7-4ce3-9a29-bdb0030cf64c 6 7620 54253 -edge_24_0_+disjointig_2_46632_75878 21636 29245 29246 -1 -1 7353 0.00384859
	Aln	22	-b1fd9305-b0d7-4ce3-9a29-bdb0030cf64c 7620 21503 54253 +edge_12_0_-disjointig_2_51773_65676 0 13896 13903 -1 -1 13635 0.00286889
	Aln	31	-b1fd9305-b0d7-4ce3-9a29-bdb0030cf64c 21520 22935 54253 -edge_16_0_+disjointig_2_31302_32729 9 1425 1427 -1 -1 1388 0.00216956
	Aln	27	-b1fd9305-b0d7-4ce3-9a29-bdb0030cf64c 22939 30556 54253 -edge_14_0_+disjointig_2_23690_31302 2 7602 7612 -1 -1 7495 0.00164502
	Aln	21	-b1fd9305-b0d7-4ce3-9a29-bdb0030cf64c 30567 32648 54253 -edge_11_0_+disjointig_2_21600_23690 1 2088 2090 -1 -1 1912 0.00694823
	Aln	47	-b1fd9305-b0d7-4ce3-9a29-bdb0030cf64c 32657 54239 54253 -edge_24_0_+disjointig_2_46632_75878 7 21601 29246 -1 -1 20757 0.00398598
Chain
	Aln	39	+ee6b98bb-d38e-4b0c-b37c-a9be4c830fc0 18 15275 18055 -edge_20_0_+disjointig_6_0_15289 17 15288 15289 -1 -1 14999 0.00229245
Chain
	Aln	38	-ee6b98bb-d38e-4b0c-b37c-a9be4c830fc0 2779 18036 18055 +edge_20_0_+disjointig_6_0_15289 0 15271 15289 -1 -1 14999 0.00229245
