Edge	8	4	166	0	0	0	15	-1
	Sequence	+edge_5_0_+disjointig_10_340155_356810 16655 2 438227 340155 356810
Edge	9	10	130	0	0	0	15	-1
	Sequence	-edge_5_0_+disjointig_10_340155_356810 16655 -2 438227 81416 98071
Edge	10	61	73	0	0	0	12	-1
	Sequence	+edge_6_0_+disjointig_10_361894_416838 54944 2 438227 361894 416838
Edge	11	13	11	0	0	0	12	-1
	Sequence	-edge_6_0_+disjointig_10_361894_416838 54944 -2 438227 21388 76332
Edge	12	341	73	1	0	1	29	-1
	Sequence	+edge_7_0_+disjointig_10_421736_422662 926 2 438227 421736 422662
	Sequence	+edge_7_1_-disjointig_11_774296_775157 861 -12 979136 774296 775157
	Sequence	+edge_7_2_+disjointig_8_123341_124287 946 218 141510 123341 124287
Edge	13	13	14	1	0	1	29	-1
	Sequence	-edge_7_0_+disjointig_10_421736_422662 926 -2 438227 15564 16490
	Sequence	-edge_7_1_-disjointig_11_774296_775157 861 12 979136 203978 204839
	Sequence	-edge_7_2_+disjointig_8_123341_124287 946 -218 141510 17222 18168
Edge	14	3	6	0	0	0	16	-1
	Sequence	+edge_8_0_+disjointig_8_65083_118454 53371 218 141510 65083 118454
	Sequence	+edge_8_1_-disjointig_9_22799_75866 53067 -228 616543 22799 75866
Edge	15	112	42	0	0	0	16	-1
	Sequence	-edge_8_0_+disjointig_8_65083_118454 53371 -218 141510 23055 76426
	Sequence	-edge_8_1_-disjointig_9_22799_75866 53067 228 616543 540676 593743
Edge	20	9	207	0	0	0	11	-1
	Sequence	+edge_11_0_-disjointig_11_775157_837861 62704 -12 979136 775157 837861
Edge	21	148	8	0	0	0	11	-1
	Sequence	-edge_11_0_-disjointig_11_775157_837861 62704 12 979136 141274 203978
Edge	22	48	222	0	0	0	9	-1
	Sequence	+edge_12_0_+disjointig_4_70962_115395 44433 178 116993 70962 115395
Edge	23	164	2	0	0	0	9	-1
	Sequence	-edge_12_0_+disjointig_4_70962_115395 44433 -178 116993 1597 46030
Edge	26	85	97	0	0	0	12	-1
	Sequence	+edge_14_0_-disjointig_9_80775_248380 167605 -228 616543 80775 248380
Edge	27	19	75	0	0	0	12	-1
	Sequence	-edge_14_0_-disjointig_9_80775_248380 167605 228 616543 368162 535767
Edge	30	1	36	0	0	0	12	-1
	Sequence	+edge_16_0_+disjointig_9_113294_339237 225943 228 616543 113294 339237
Edge	31	202	238	0	0	0	12	-1
	Sequence	-edge_16_0_+disjointig_9_113294_339237 225943 -228 616543 277305 503248
Edge	32	7	28	0	0	0	10	-1
	Sequence	+edge_17_0_+disjointig_11_209797_690581 480784 12 979136 209797 690581
Edge	33	90	160	0	0	0	10	-1
	Sequence	-edge_17_0_+disjointig_11_209797_690581 480784 -12 979136 288554 769338
Edge	58	206	349	0	0	0	9	-1
	Sequence	+edge_30_0_+disjointig_11_0_139993 139993 12 979136 0 139993
Edge	59	34	195	0	0	0	9	-1
	Sequence	-edge_30_0_+disjointig_11_0_139993 139993 -12 979136 839142 979135
Edge	62	285	29	0	0	0	10	-1
	Sequence	+edge_32_0_+disjointig_25_113028_342049 229021 157 688814 113028 342049
Edge	63	30	241	0	0	0	10	-1
	Sequence	-edge_32_0_+disjointig_25_113028_342049 229021 -157 688814 346764 575785
Edge	64	127	139	0	0	0	9	-1
	Sequence	+edge_33_0_+disjointig_25_343330_688813 345483 157 688814 343330 688813
Edge	65	138	31	0	0	0	9	-1
	Sequence	-edge_33_0_+disjointig_25_343330_688813 345483 -157 688814 0 345483
Edge	66	33	140	0	0	0	6	-1
	Sequence	+edge_34_0_-disjointig_25_577055_688813 111758 -157 688814 577055 688813
Edge	67	141	32	0	0	0	6	-1
	Sequence	-edge_34_0_-disjointig_25_577055_688813 111758 157 688814 0 111758
Edge	68	35	337	0	0	0	12	-1
	Sequence	+edge_35_0_+disjointig_9_340518_355512 14994 228 616543 340518 355512
Edge	69	272	43	0	0	0	12	-1
	Sequence	-edge_35_0_+disjointig_9_340518_355512 14994 -228 616543 261030 276024
Edge	72	176	27	0	0	0	9	-1
	Sequence	+edge_37_0_-disjointig_11_285471_287245 1774 -12 979136 285471 287245
Edge	73	92	26	0	0	0	9	-1
	Sequence	-edge_37_0_-disjointig_11_285471_287245 1774 12 979136 691890 693664
Edge	84	245	247	0	0	0	3	-1
	Sequence	+edge_43_0_+disjointig_115_0_16909 16909 18 16910 0 16909
Edge	85	211	249	0	0	0	3	-1
	Sequence	-edge_43_0_+disjointig_115_0_16909 16909 -18 16910 0 16909
Edge	88	344	259	0	0	0	3	-1
	Sequence	+edge_45_0_+disjointig_117_0_2430 2430 20 2431 0 2430
Edge	89	233	194	0	0	0	3	-1
	Sequence	-edge_45_0_+disjointig_117_0_2430 2430 -20 2431 0 2430
Edge	96	227	205	0	0	0	3	-1
	Sequence	+edge_49_0_+disjointig_121_0_2627 2627 24 2628 0 2627
Edge	97	261	219	0	0	0	3	-1
	Sequence	-edge_49_0_+disjointig_121_0_2627 2627 -24 2628 0 2627
Edge	110	286	223	0	0	0	3	-1
	Sequence	+edge_56_0_+disjointig_128_0_9282 9282 31 9283 0 9282
Edge	111	191	190	0	0	0	3	-1
	Sequence	-edge_56_0_+disjointig_128_0_9282 9282 -31 9283 0 9282
Edge	114	188	24	0	0	0	9	-1
	Sequence	+edge_58_0_+disjointig_13_0_278422 278422 33 299591 0 278422
Edge	115	296	186	0	0	0	9	-1
	Sequence	-edge_58_0_+disjointig_13_0_278422 278422 -33 299591 21168 299590
Edge	118	277	23	0	0	0	3	-1
	Sequence	+edge_60_0_-disjointig_13_10439_19904 9465 -33 299591 10439 19904
Edge	119	185	108	0	0	0	3	-1
	Sequence	-edge_60_0_-disjointig_13_10439_19904 9465 33 299591 279686 289151
Edge	122	266	184	0	0	0	11	-1
	Sequence	+edge_62_0_+disjointig_13_290414_291889 1475 33 299591 290414 291889
	Sequence	+edge_62_1_-disjointig_5_4152_5666 1514 -188 392993 4152 5666
Edge	123	235	105	0	0	0	11	-1
	Sequence	-edge_62_0_+disjointig_13_290414_291889 1475 -33 299591 7701 9176
	Sequence	-edge_62_1_-disjointig_5_4152_5666 1514 188 392993 387326 388840
Edge	124	216	174	0	0	0	7	-1
	Sequence	+edge_63_0_+disjointig_13_291889_299590 7701 33 299591 291889 299590
Edge	125	251	256	0	0	0	7	-1
	Sequence	-edge_63_0_+disjointig_13_291889_299590 7701 -33 299591 0 7701
Edge	126	184	243	0	0	0	9	-1
	Sequence	+edge_64_0_-disjointig_5_5666_392992 387326 -188 392993 5666 392992
Edge	127	89	235	0	0	0	9	-1
	Sequence	-edge_64_0_-disjointig_5_5666_392992 387326 188 392993 0 387326
Edge	130	182	200	0	0	0	3	-1
	Sequence	+edge_66_0_+disjointig_131_0_5167 5167 35 5168 0 5167
Edge	131	196	240	0	0	0	3	-1
	Sequence	-edge_66_0_+disjointig_131_0_5167 5167 -35 5168 0 5167
Edge	132	181	333	0	0	0	3	-1
	Sequence	+edge_67_0_+disjointig_132_0_2256 2256 36 2257 0 2256
Edge	133	334	180	0	0	0	3	-1
	Sequence	-edge_67_0_+disjointig_132_0_2256 2256 -36 2257 0 2256
Edge	140	103	15	0	0	0	853	-1
	Sequence	+edge_71_0_-disjointig_135_11113_12420 1307 -38 16564 11113 12420
	Sequence	+edge_71_1_-disjointig_135_5489_6789 1300 -38 16564 5489 6789
	Sequence	+edge_71_2_-disjointig_135_3_1144 1141 -38 16564 3 1144
	Sequence	+edge_71_3_-disjointig_2_3447_4759 1312 -103 13007 3447 4759
Edge	141	16	17	0	0	0	853	-1
	Sequence	-edge_71_0_-disjointig_135_11113_12420 1307 38 16564 4143 5450
	Sequence	-edge_71_1_-disjointig_135_5489_6789 1300 38 16564 9774 11074
	Sequence	-edge_71_2_-disjointig_135_3_1144 1141 38 16564 15419 16560
	Sequence	-edge_71_3_-disjointig_2_3447_4759 1312 103 13007 8247 9559
Edge	142	262	178	0	0	0	0	-1
	Sequence	+edge_72_0_-disjointig_2_8789_10096 1307 -103 13007 8789 10096
Edge	143	214	179	0	0	0	0	-1
	Sequence	-edge_72_0_-disjointig_2_8789_10096 1307 103 13007 2910 4217
Edge	162	193	284	0	0	0	3	-1
	Sequence	+edge_82_0_+disjointig_144_0_2370 2370 47 2371 0 2370
Edge	163	201	230	0	0	0	3	-1
	Sequence	-edge_82_0_+disjointig_144_0_2370 2370 -47 2371 0 2370
Edge	200	248	250	0	0	0	3	-1
	Sequence	+edge_101_0_+disjointig_159_0_7316 7316 62 7317 0 7316
Edge	201	267	314	0	0	0	3	-1
	Sequence	-edge_101_0_+disjointig_159_0_7316 7316 -62 7317 0 7316
Edge	204	269	292	0	0	0	3	-1
	Sequence	+edge_103_0_+disjointig_161_0_3295 3295 64 3296 0 3295
Edge	205	294	321	0	0	0	3	-1
	Sequence	-edge_103_0_+disjointig_161_0_3295 3295 -64 3296 0 3295
Edge	218	280	281	0	0	0	3	-1
	Sequence	+edge_110_0_+disjointig_17_0_17336 17336 71 17337 0 17336
Edge	219	282	283	0	0	0	3	-1
	Sequence	-edge_110_0_+disjointig_17_0_17336 17336 -71 17337 0 17336
Edge	236	289	290	0	0	0	3	-1
	Sequence	+edge_119_0_+disjointig_178_0_6418 6418 80 6419 0 6418
Edge	237	237	291	0	0	0	3	-1
	Sequence	-edge_119_0_+disjointig_178_0_6418 6418 -80 6419 0 6418
Edge	240	293	295	0	0	0	3	-1
	Sequence	+edge_121_0_+disjointig_18_0_5948 5948 82 5949 0 5948
Edge	241	326	297	0	0	0	3	-1
	Sequence	-edge_121_0_+disjointig_18_0_5948 5948 -82 5949 0 5948
Edge	242	198	298	0	0	0	3	-1
	Sequence	+edge_122_0_+disjointig_180_0_7499 7499 83 7500 0 7499
Edge	243	299	300	0	0	0	3	-1
	Sequence	-edge_122_0_+disjointig_180_0_7499 7499 -83 7500 0 7499
Edge	244	301	302	0	0	0	3	-1
	Sequence	+edge_123_0_+disjointig_181_0_7503 7503 84 7504 0 7503
Edge	245	303	305	0	0	0	3	-1
	Sequence	-edge_123_0_+disjointig_181_0_7503 7503 -84 7504 0 7503
Edge	262	254	308	0	0	0	8	-1
	Sequence	+edge_132_0_+disjointig_19_0_5578 5578 93 5579 0 5578
Edge	263	309	348	0	0	0	8	-1
	Sequence	-edge_132_0_+disjointig_19_0_5578 5578 -93 5579 0 5578
Edge	266	252	310	0	0	0	3	-1
	Sequence	+edge_134_0_+disjointig_191_0_8678 8678 95 8679 0 8678
Edge	267	311	244	0	0	0	3	-1
	Sequence	-edge_134_0_+disjointig_191_0_8678 8678 -95 8679 0 8678
Edge	274	318	208	0	0	0	3	-1
	Sequence	+edge_138_0_+disjointig_195_0_5656 5656 99 5657 0 5656
Edge	275	189	209	0	0	0	3	-1
	Sequence	-edge_138_0_+disjointig_195_0_5656 5656 -99 5657 0 5656
Edge	282	288	332	0	0	0	9	-1
	Sequence	+edge_142_0_+disjointig_20_0_91557 91557 104 102544 0 91557
Edge	283	320	215	0	0	0	9	-1
	Sequence	-edge_142_0_+disjointig_20_0_91557 91557 -104 102544 10986 102543
Edge	294	212	324	0	0	0	4	-1
	Sequence	+edge_148_0_+disjointig_202_0_4008 4008 107 4009 0 4008
Edge	295	328	271	0	0	0	4	-1
	Sequence	-edge_148_0_+disjointig_202_0_4008 4008 -107 4009 0 4008
Edge	298	331	225	0	0	0	3	-1
	Sequence	+edge_150_0_+disjointig_204_0_2430 2430 109 2431 0 2430
Edge	299	327	329	0	0	0	3	-1
	Sequence	-edge_150_0_+disjointig_204_0_2430 2430 -109 2431 0 2430
Edge	304	203	287	0	0	0	4	-1
	Sequence	+edge_153_0_+disjointig_207_0_5909 5909 112 5910 0 5909
Edge	305	242	268	0	0	0	4	-1
	Sequence	-edge_153_0_+disjointig_207_0_5909 5909 -112 5910 0 5909
Edge	308	197	276	0	0	0	3	-1
	Sequence	+edge_155_0_+disjointig_209_0_10430 10430 114 10431 0 10430
Edge	309	335	336	0	0	0	3	-1
	Sequence	-edge_155_0_+disjointig_209_0_10430 10430 -114 10431 0 10430
Edge	318	270	210	0	0	0	3	-1
	Sequence	+edge_160_0_+disjointig_213_0_3849 3849 119 3850 0 3849
Edge	319	342	343	0	0	0	3	-1
	Sequence	-edge_160_0_+disjointig_213_0_3849 3849 -119 3850 0 3849
Edge	328	345	346	0	0	0	3	-1
	Sequence	+edge_165_0_+disjointig_218_0_2193 2193 124 2194 0 2193
Edge	329	347	275	0	0	0	3	-1
	Sequence	-edge_165_0_+disjointig_218_0_2193 2193 -124 2194 0 2193
Edge	342	163	161	0	0	0	3	-1
	Sequence	+edge_172_0_+disjointig_225_0_2345 2345 131 2346 0 2345
Edge	343	159	158	0	0	0	3	-1
	Sequence	-edge_172_0_+disjointig_225_0_2345 2345 -131 2346 0 2345
Edge	346	307	231	0	0	0	3	-1
	Sequence	+edge_174_0_+disjointig_228_0_3339 3339 133 3340 0 3339
Edge	347	338	340	0	0	0	3	-1
	Sequence	-edge_174_0_+disjointig_228_0_3339 3339 -133 3340 0 3339
Edge	364	153	152	0	0	0	3	-1
	Sequence	+edge_183_0_+disjointig_236_0_3866 3866 142 3867 0 3866
Edge	365	151	150	0	0	0	3	-1
	Sequence	-edge_183_0_+disjointig_236_0_3866 3866 -142 3867 0 3866
Edge	368	149	313	0	0	0	3	-1
	Sequence	+edge_185_0_+disjointig_238_0_2364 2364 144 2365 0 2364
Edge	369	315	316	0	0	0	3	-1
	Sequence	-edge_185_0_+disjointig_238_0_2364 2364 -144 2365 0 2364
Edge	382	146	145	0	0	0	3	-1
	Sequence	+edge_192_0_+disjointig_244_0_5752 5752 151 5753 0 5752
Edge	383	144	143	0	0	0	3	-1
	Sequence	-edge_192_0_+disjointig_244_0_5752 5752 -151 5753 0 5752
Edge	392	142	319	0	0	0	3	-1
	Sequence	+edge_197_0_+disjointig_249_0_7368 7368 156 7369 0 7368
Edge	393	312	317	0	0	0	3	-1
	Sequence	-edge_197_0_+disjointig_249_0_7368 7368 -156 7369 0 7368
Edge	412	134	133	0	0	0	3	-1
	Sequence	+edge_207_0_+disjointig_27_0_5517 5517 164 5518 0 5517
Edge	413	132	131	0	0	0	3	-1
	Sequence	-edge_207_0_+disjointig_27_0_5517 5517 -164 5518 0 5517
Edge	416	322	177	0	0	0	3	-1
	Sequence	+edge_209_0_+disjointig_29_0_6330 6330 166 6331 0 6330
Edge	417	246	323	0	0	0	3	-1
	Sequence	-edge_209_0_+disjointig_29_0_6330 6330 -166 6331 0 6330
Edge	428	232	234	0	0	0	3	-1
	Sequence	+edge_215_0_+disjointig_32_0_10194 10194 170 10195 0 10194
Edge	429	170	168	0	0	0	3	-1
	Sequence	-edge_215_0_+disjointig_32_0_10194 10194 -170 10195 0 10194
Edge	430	116	115	0	0	0	3	-1
	Sequence	+edge_216_0_+disjointig_33_0_4861 4861 171 4862 0 4861
Edge	431	114	113	0	0	0	3	-1
	Sequence	-edge_216_0_+disjointig_33_0_4861 4861 -171 4862 0 4861
Edge	434	111	110	0	0	0	4	-1
	Sequence	+edge_218_0_+disjointig_35_0_18334 18334 173 18335 0 18334
Edge	435	109	107	0	0	0	4	-1
	Sequence	-edge_218_0_+disjointig_35_0_18334 18334 -173 18335 0 18334
Edge	444	102	101	0	0	0	3	-1
	Sequence	+edge_223_0_+disjointig_40_0_6939 6939 179 6940 0 6939
Edge	445	128	125	0	0	0	3	-1
	Sequence	-edge_223_0_+disjointig_40_0_6939 6939 -179 6940 0 6939
Edge	450	99	155	0	0	0	3	-1
	Sequence	+edge_226_0_+disjointig_42_0_5269 5269 181 5270 0 5269
Edge	451	273	98	0	0	0	3	-1
	Sequence	-edge_226_0_+disjointig_42_0_5269 5269 -181 5270 0 5269
Edge	460	236	147	0	0	0	3	-1
	Sequence	+edge_231_0_+disjointig_48_0_7717 7717 186 7718 0 7717
Edge	461	253	96	0	0	0	3	-1
	Sequence	-edge_231_0_+disjointig_48_0_7717 7717 -186 7718 0 7717
Edge	462	95	94	0	0	0	3	-1
	Sequence	+edge_232_0_+disjointig_49_0_8632 8632 187 8633 0 8632
Edge	463	93	91	0	0	0	3	-1
	Sequence	-edge_232_0_+disjointig_49_0_8632 8632 -187 8633 0 8632
Edge	474	263	264	0	0	0	3	-1
	Sequence	+edge_238_0_+disjointig_55_0_9997 9997 194 9998 0 9997
Edge	475	260	162	0	0	0	3	-1
	Sequence	-edge_238_0_+disjointig_55_0_9997 9997 -194 9998 0 9997
Edge	476	330	224	0	0	0	3	-1
	Sequence	+edge_239_0_+disjointig_56_0_16370 16370 195 16371 0 16370
Edge	477	87	86	0	0	0	3	-1
	Sequence	-edge_239_0_+disjointig_56_0_16370 16370 -195 16371 0 16370
Edge	480	82	81	0	0	0	11	-1
	Sequence	+edge_241_0_+disjointig_58_0_84225 84225 197 84226 0 84225
Edge	481	80	79	0	0	0	11	-1
	Sequence	-edge_241_0_+disjointig_58_0_84225 84225 -197 84226 0 84225
Edge	482	78	77	0	0	0	3	-1
	Sequence	+edge_242_0_+disjointig_59_0_9302 9302 198 9303 0 9302
Edge	483	258	76	0	0	0	3	-1
	Sequence	-edge_242_0_+disjointig_59_0_9302 9302 -198 9303 0 9302
Edge	486	183	21	0	0	0	8	-1
	Sequence	+edge_244_0_-disjointig_6_71649_95178 23529 -199 150857 71649 95178
Edge	487	229	22	0	0	0	8	-1
	Sequence	-edge_244_0_-disjointig_6_71649_95178 23529 199 150857 55678 79207
Edge	490	74	72	0	0	0	3	-1
	Sequence	+edge_246_0_+disjointig_61_0_6756 6756 201 6757 0 6756
Edge	491	71	70	0	0	0	3	-1
	Sequence	-edge_246_0_+disjointig_61_0_6756 6756 -201 6757 0 6756
Edge	496	165	68	0	0	0	3	-1
	Sequence	+edge_249_0_+disjointig_64_0_9152 9152 204 9153 0 9152
Edge	497	67	66	0	0	0	3	-1
	Sequence	-edge_249_0_+disjointig_64_0_9152 9152 -204 9153 0 9152
Edge	498	157	156	0	0	0	3	-1
	Sequence	+edge_250_0_+disjointig_65_0_12561 12561 205 12562 0 12561
Edge	499	137	136	0	0	0	3	-1
	Sequence	-edge_250_0_+disjointig_65_0_12561 12561 -205 12562 0 12561
Edge	502	84	83	0	0	0	3	-1
	Sequence	+edge_252_0_+disjointig_67_0_15088 15088 207 15089 0 15088
Edge	503	65	64	0	0	0	3	-1
	Sequence	-edge_252_0_+disjointig_67_0_15088 15088 -207 15089 0 15088
Edge	506	60	59	0	0	0	3	-1
	Sequence	+edge_254_0_+disjointig_71_0_2489 2489 210 2490 0 2489
Edge	507	58	306	0	0	0	3	-1
	Sequence	-edge_254_0_+disjointig_71_0_2489 2489 -210 2490 0 2489
Edge	512	119	118	0	0	0	3	-1
	Sequence	+edge_257_0_+disjointig_74_0_5768 5768 213 5769 0 5768
Edge	513	117	226	0	0	0	3	-1
	Sequence	-edge_257_0_+disjointig_74_0_5768 5768 -213 5769 0 5768
Edge	516	57	56	0	0	0	3	-1
	Sequence	+edge_259_0_+disjointig_77_0_5954 5954 215 5955 0 5954
Edge	517	55	53	0	0	0	3	-1
	Sequence	-edge_259_0_+disjointig_77_0_5954 5954 -215 5955 0 5954
Edge	518	52	51	0	0	0	3	-1
	Sequence	+edge_260_0_+disjointig_78_0_10242 10242 216 10243 0 10242
Edge	519	49	171	0	0	0	3	-1
	Sequence	-edge_260_0_+disjointig_78_0_10242 10242 -216 10243 0 10242
Edge	526	46	45	0	0	0	3	-1
	Sequence	+edge_264_0_+disjointig_81_0_4092 4092 220 4093 0 4092
Edge	527	44	213	0	0	0	3	-1
	Sequence	-edge_264_0_+disjointig_81_0_4092 4092 -220 4093 0 4092
Edge	544	47	41	0	0	0	7	-1
	Sequence	+edge_273_0_-disjointig_95_25223_27223 2000 -234 27224 25223 27223
Edge	545	217	12	0	0	0	7	-1
	Sequence	-edge_273_0_-disjointig_95_25223_27223 2000 234 27224 0 2000
Edge	550	18	339	0	0	0	8	-1
	Sequence	+edge_276_0_-disjointig_9_250263_259147 8884 -228 616543 250263 259147
Edge	551	20	69	0	0	0	8	-1
	Sequence	-edge_276_0_-disjointig_9_250263_259147 8884 228 616543 357395 366279
Edge	562	239	154	0	0	0	3	-1
	Sequence	+edge_282_0_+disjointig_96_0_3428 3428 235 3429 0 3428
Edge	563	40	39	0	0	0	3	-1
	Sequence	-edge_282_0_+disjointig_96_0_3428 3428 -235 3429 0 3428
Edge	564	175	38	0	0	0	3	-1
	Sequence	+edge_283_0_+disjointig_97_0_2229 2229 236 2230 0 2229
Edge	565	37	204	0	0	0	3	-1
	Sequence	-edge_283_0_+disjointig_97_0_2229 2229 -236 2230 0 2229
Edge	570	129	257	0	0	0	12	-1
	Sequence	+edge_286_0_+disjointig_11_694968_979134 284166 12 979136 694968 979134
Edge	571	228	25	0	0	0	12	-1
	Sequence	-edge_286_0_+disjointig_11_694968_979134 284166 -12 979136 1 284167
Edge	572	257	5	0	0	0	13	-1
	Sequence	+edge_287_0_+disjointig_10_2337_335073 332736 2 438227 2337 335073
Edge	573	325	228	0	0	0	13	-1
	Sequence	-edge_287_0_+disjointig_10_2337_335073 332736 -2 438227 103153 435889
Edge	574	73	341	1	0	1	127	-1
	Sequence	+edge_288_0_+disjointig_10_335073_340155 5082 2 438227 335073 340155
	Sequence	+edge_288_1_+disjointig_10_356810_361894 5084 2 438227 356810 361894
	Sequence	+edge_288_2_+disjointig_10_416838_421736 4898 2 438227 416838 421736
	Sequence	+edge_288_3_+disjointig_10_422662_427565 4903 2 438227 422662 427565
	Sequence	+edge_288_4_-disjointig_11_769338_774296 4958 -12 979136 769338 774296
	Sequence	+edge_288_5_+disjointig_4_65959_70962 5003 178 116993 65959 70962
	Sequence	+edge_288_6_+disjointig_8_60180_65083 4903 218 141510 60180 65083
	Sequence	+edge_288_7_+disjointig_8_118454_123341 4887 218 141510 118454 123341
	Sequence	+edge_288_8_+disjointig_8_124287_129187 4900 218 141510 124287 129187
	Sequence	+edge_288_9_-disjointig_9_503248_508152 4904 -228 616543 503248 508152
	Sequence	+edge_288_10_-disjointig_9_75866_80775 4909 -228 616543 75866 80775
	Sequence	+edge_288_11_-disjointig_9_17895_22799 4904 -228 616543 17895 22799
Edge	575	14	13	1	0	1	127	-1
	Sequence	-edge_288_0_+disjointig_10_335073_340155 5082 -2 438227 98071 103153
	Sequence	-edge_288_1_+disjointig_10_356810_361894 5084 -2 438227 76332 81416
	Sequence	-edge_288_2_+disjointig_10_416838_421736 4898 -2 438227 16490 21388
	Sequence	-edge_288_3_+disjointig_10_422662_427565 4903 -2 438227 10661 15564
	Sequence	-edge_288_4_-disjointig_11_769338_774296 4958 12 979136 204839 209797
	Sequence	-edge_288_5_+disjointig_4_65959_70962 5003 -178 116993 46030 51033
	Sequence	-edge_288_6_+disjointig_8_60180_65083 4903 -218 141510 76426 81329
	Sequence	-edge_288_7_+disjointig_8_118454_123341 4887 -218 141510 18168 23055
	Sequence	-edge_288_8_+disjointig_8_124287_129187 4900 -218 141510 12322 17222
	Sequence	-edge_288_9_-disjointig_9_503248_508152 4904 228 616543 108390 113294
	Sequence	-edge_288_10_-disjointig_9_75866_80775 4909 228 616543 535767 540676
	Sequence	-edge_288_11_-disjointig_9_17895_22799 4904 228 616543 593743 598647
Edge	576	104	54	0	0	0	15	-1
	Sequence	+edge_289_0_+disjointig_8_37_60180 60143 218 141510 37 60180
Edge	577	120	279	0	0	0	15	-1
	Sequence	-edge_289_0_+disjointig_8_37_60180 60143 -218 141510 81329 141472
Edge	578	0	278	0	0	0	12	-1
	Sequence	+edge_290_0_-disjointig_9_508152_534451 26299 -228 616543 508152 534451
Edge	579	106	255	0	0	0	12	-1
	Sequence	-edge_290_0_-disjointig_9_508152_534451 26299 228 616543 82091 108390
Edge	580	192	135	0	0	0	8	-1
	Sequence	+edge_291_0_-disjointig_4_51033_116992 65959 -178 116993 51033 116992
Edge	581	199	50	0	0	0	8	-1
	Sequence	-edge_291_0_-disjointig_4_51033_116992 65959 178 116993 0 65959
Edge	582	135	173	0	0	0	12	-1
	Sequence	+edge_292_0_+disjointig_26_3312_120516 117204 163 120524 3312 120516
Edge	583	172	199	0	0	0	12	-1
	Sequence	-edge_292_0_+disjointig_26_3312_120516 117204 -163 120524 7 117211
Edge	584	173	106	0	0	0	10	-1
	Sequence	+edge_293_0_+disjointig_9_14927_82091 67164 228 616543 14927 82091
Edge	585	278	172	0	0	0	10	-1
	Sequence	-edge_293_0_+disjointig_9_14927_82091 67164 -228 616543 534451 601615
Edge	586	179	214	0	0	1	875	-1
	Sequence	+edge_294_0_+disjointig_135_146_4143 3997 38 16564 146 4143
	Sequence	+edge_294_1_+disjointig_135_5450_9774 4324 38 16564 5450 9774
	Sequence	+edge_294_2_+disjointig_135_11074_15419 4345 38 16564 11074 15419
	Sequence	+edge_294_3_+disjointig_2_4217_8247 4030 103 13007 4217 8247
Edge	587	178	262	0	0	1	875	-1
	Sequence	-edge_294_0_+disjointig_135_146_4143 3997 -38 16564 12420 16417
	Sequence	-edge_294_1_+disjointig_135_5450_9774 4324 -38 16564 6789 11113
	Sequence	-edge_294_2_+disjointig_135_11074_15419 4345 -38 16564 1144 5489
	Sequence	-edge_294_3_+disjointig_2_4217_8247 4030 -103 13007 4759 8789
Edge	588	187	167	0	0	0	8	-1
	Sequence	+edge_295_0_+disjointig_15_0_286534 286534 52 286539 0 286534
Edge	589	220	169	0	0	0	8	-1
	Sequence	-edge_295_0_+disjointig_15_0_286534 286534 -52 286539 4 286538
Edge	590	167	265	0	0	0	8	-1
	Sequence	+edge_296_0_+disjointig_6_9602_54542 44940 199 150857 9602 54542
Edge	591	304	220	0	0	0	8	-1
	Sequence	-edge_296_0_+disjointig_6_9602_54542 44940 -199 150857 96314 141254
Edge	592	221	164	0	0	0	4	-1
	Sequence	+edge_297_0_+disjointig_153_0_9162 9162 56 10984 0 9162
Edge	593	222	218	0	0	0	4	-1
	Sequence	-edge_297_0_+disjointig_153_0_9162 9162 -56 10984 1821 10983
Edge	594	332	88	0	0	0	7	-1
	Sequence	+edge_298_0_-disjointig_6_2054_70512 68458 -199 150857 2054 70512
Edge	595	274	320	0	0	0	7	-1
	Sequence	-edge_298_0_-disjointig_6_2054_70512 68458 199 150857 80344 148802
Edge	596	62	126	0	0	0	8	-1
	Sequence	+edge_299_0_-disjointig_69_0_13360 13360 -209 13361 0 13360
Edge	597	124	63	0	0	0	8	-1
	Sequence	-edge_299_0_-disjointig_69_0_13360 13360 209 13361 0 13360
Edge	598	126	123	0	0	0	8	-1
	Sequence	+edge_300_0_+disjointig_3_10255_57759 47504 167 57760 10255 57759
Edge	599	121	124	0	0	0	8	-1
	Sequence	-edge_300_0_+disjointig_3_10255_57759 47504 -167 57760 0 47504
Edge	600	100	100	1	0	0	61	-1
	Sequence	+edge_301_0_+disjointig_41_3210_7292 4082 180 11397 3210 7292
	Sequence	+edge_301_1_+disjointig_41_7292_11370 4078 180 11397 7292 11370
Edge	601	122	122	1	0	0	61	-1
	Sequence	-edge_301_0_+disjointig_41_3210_7292 4082 -180 11397 4104 8186
	Sequence	-edge_301_1_+disjointig_41_7292_11370 4078 -180 11397 26 4104
Edge	602	36	35	0	0	0	12	-1
	Sequence	+edge_302_0_-589df9e8-3349-43e9-b95e-46dd07335674_1516_2817 1301 * 0 0 0
Edge	603	43	202	0	0	0	12	-1
	Sequence	-edge_302_0_-589df9e8-3349-43e9-b95e-46dd07335674_1516_2817 1301 * 0 0 0
Edge	604	349	148	0	0	0	10	-1
	Sequence	+edge_303_0_-711b34ab-528f-48d4-bf08-fc79b385e523_1554_2853 1299 * 0 0 0
Edge	605	207	34	0	0	0	10	-1
	Sequence	-edge_303_0_-711b34ab-528f-48d4-bf08-fc79b385e523_1554_2853 1299 * 0 0 0
Edge	606	241	33	0	0	0	8	-1
	Sequence	+edge_304_0_+218e94e8-131a-499d-a52f-528592f8472b_15825_17097 1272 * 0 0 0
Edge	607	32	285	0	0	0	8	-1
	Sequence	-edge_304_0_+218e94e8-131a-499d-a52f-528592f8472b_15825_17097 1272 * 0 0 0
Edge	608	31	30	0	0	0	9	-1
	Sequence	+edge_305_0_-7f03a670-967e-4b17-bd0e-2f53b9894881_1175_2454 1279 * 0 0 0
Edge	609	29	127	0	0	0	9	-1
	Sequence	-edge_305_0_-7f03a670-967e-4b17-bd0e-2f53b9894881_1175_2454 1279 * 0 0 0
Edge	610	28	92	0	0	0	9	-1
	Sequence	+edge_306_0_+da569a08-3f75-4cac-a8e6-2be7210ef1a6_5984_7322 1338 * 0 0 0
Edge	611	27	90	0	0	0	9	-1
	Sequence	-edge_306_0_+da569a08-3f75-4cac-a8e6-2be7210ef1a6_5984_7322 1338 * 0 0 0
Edge	612	26	129	0	0	0	10	-1
	Sequence	+edge_307_0_+50ef1d99-f26f-488f-9001-8b74a8ec5e5d_1970_3275 1305 * 0 0 0
Edge	613	25	176	0	0	0	10	-1
	Sequence	-edge_307_0_+50ef1d99-f26f-488f-9001-8b74a8ec5e5d_1970_3275 1305 * 0 0 0
Edge	614	24	185	0	0	0	6	-1
	Sequence	+edge_308_0_-c8fa6f30-daba-45cd-82de-1d5a22eb68d1_7329_8616 1287 * 0 0 0
Edge	615	23	296	0	0	0	6	-1
	Sequence	-edge_308_0_-c8fa6f30-daba-45cd-82de-1d5a22eb68d1_7329_8616 1287 * 0 0 0
Edge	616	108	266	0	0	0	7	-1
	Sequence	+edge_309_0_-c8fa6f30-daba-45cd-82de-1d5a22eb68d1_18094_19348 1254 * 0 0 0
Edge	617	105	277	0	0	0	7	-1
	Sequence	-edge_309_0_-c8fa6f30-daba-45cd-82de-1d5a22eb68d1_18094_19348 1254 * 0 0 0
Edge	618	22	274	0	0	0	7	-1
	Sequence	+edge_310_0_-11bf3ff1-3547-47d4-8aac-abce396fc92f_4773_5919 1146 * 0 0 0
Edge	619	88	183	0	0	0	7	-1
	Sequence	-edge_310_0_-11bf3ff1-3547-47d4-8aac-abce396fc92f_4773_5919 1146 * 0 0 0
Edge	620	265	229	0	0	0	8	-1
	Sequence	+edge_311_0_-3f6d3909-e1ca-4aa6-b558-e7054f8fd431_19309_20450 1141 * 0 0 0
Edge	621	21	304	0	0	0	8	-1
	Sequence	-edge_311_0_-3f6d3909-e1ca-4aa6-b558-e7054f8fd431_19309_20450 1141 * 0 0 0
Edge	622	337	20	0	0	0	10	-1
	Sequence	+edge_312_0_+65de9d25-d3c2-463b-80b0-43e693eb6b68_1923_3822 1899 * 0 0 0
Edge	623	339	272	0	0	0	10	-1
	Sequence	-edge_312_0_+65de9d25-d3c2-463b-80b0-43e693eb6b68_1923_3822 1899 * 0 0 0
Edge	624	69	19	0	0	0	10	-1
	Sequence	+edge_313_0_+65de9d25-d3c2-463b-80b0-43e693eb6b68_12682_14580 1898 * 0 0 0
Edge	625	97	18	0	0	0	10	-1
	Sequence	-edge_313_0_+65de9d25-d3c2-463b-80b0-43e693eb6b68_12682_14580 1898 * 0 0 0
Edge	626	17	16	0	0	0	853	-1
	Sequence	+edge_314_0_-e810c530-bfc0-4760-95af-7b61d1a4b760_663_4995 4332 * 0 0 0
Edge	627	15	103	0	0	0	853	-1
	Sequence	-edge_314_0_-e810c530-bfc0-4760-95af-7b61d1a4b760_663_4995 4332 * 0 0 0
Edge	628	11	10	0	0	0	13	-1
	Sequence	+edge_315_0_+3bc35e6a-e687-41f2-b695-e399beaa6b54_9357_14441 5084 * 0 0 0
Edge	629	166	61	0	0	0	13	-1
	Sequence	-edge_315_0_+3bc35e6a-e687-41f2-b695-e399beaa6b54_9357_14441 5084 * 0 0 0
Edge	630	160	9	0	0	0	10	-1
	Sequence	+edge_316_0_+04145d2a-ba61-47b7-973a-16ec05612a2a_2343_8149 5806 * 0 0 0
Edge	631	8	7	0	0	0	10	-1
	Sequence	-edge_316_0_+04145d2a-ba61-47b7-973a-16ec05612a2a_2343_8149 5806 * 0 0 0
Edge	632	6	85	0	0	0	14	-1
	Sequence	+edge_317_0_-b8f5ee93-c697-4d1a-8e85-bb8b7a86c888_10858_15762 4904 * 0 0 0
Edge	633	75	112	0	0	0	14	-1
	Sequence	-edge_317_0_-b8f5ee93-c697-4d1a-8e85-bb8b7a86c888_10858_15762 4904 * 0 0 0
Edge	634	130	325	0	0	0	14	-1
	Sequence	+edge_318_0_+a8ee3467-86df-4da0-b586-e8fa772701f8_2235_7309 5074 * 0 0 0
Edge	635	5	4	0	0	0	14	-1
	Sequence	-edge_318_0_+a8ee3467-86df-4da0-b586-e8fa772701f8_2235_7309 5074 * 0 0 0
Edge	636	42	120	0	0	0	15	-1
	Sequence	+edge_319_0_-ea3d80a0-e01d-4e46-8815-e19a249926c1_6333_11235 4902 * 0 0 0
Edge	637	54	3	0	0	0	15	-1
	Sequence	-edge_319_0_-ea3d80a0-e01d-4e46-8815-e19a249926c1_6333_11235 4902 * 0 0 0
Edge	638	50	48	0	0	0	8	-1
	Sequence	+edge_320_0_+1444a4ee-0e13-42e8-b050-7a1761969a63_1657_6660 5003 * 0 0 0
Edge	639	2	192	0	0	0	8	-1
	Sequence	-edge_320_0_+1444a4ee-0e13-42e8-b050-7a1761969a63_1657_6660 5003 * 0 0 0
Edge	640	255	1	0	0	0	12	-1
	Sequence	+edge_321_0_+6bd7781a-5d59-4735-94f1-11fb753a8657_1937_6836 4899 * 0 0 0
Edge	641	238	0	0	0	0	12	-1
	Sequence	-edge_321_0_+6bd7781a-5d59-4735-94f1-11fb753a8657_1937_6836 4899 * 0 0 0
