Edge	8	211	325	1	0	0	222	-1
	Sequence	+edge_5_0_+disjointig_1_6133_8581 2448 1 4785820 6133 8581
	Sequence	+edge_5_1_+disjointig_1_51312_53760 2448 1 4785820 51312 53760
Edge	9	144	367	1	0	0	222	-1
	Sequence	-edge_5_0_+disjointig_1_6133_8581 2448 -1 4785820 4777238 4779686
	Sequence	-edge_5_1_+disjointig_1_51312_53760 2448 -1 4785820 4732059 4734507
Edge	10	277	143	0	0	0	192	-1
	Sequence	+edge_6_0_+disjointig_1_4491000_4493516 2516 1 4785820 4491000 4493516
Edge	11	180	221	0	0	0	192	-1
	Sequence	-edge_6_0_+disjointig_1_4491000_4493516 2516 -1 4785820 292303 294819
Edge	14	147	321	1	0	0	234	-1
	Sequence	+edge_8_0_+disjointig_1_26898_33603 6705 1 4785820 26898 33603
	Sequence	+edge_8_1_+disjointig_1_72077_78782 6705 1 4785820 72077 78782
Edge	15	233	146	1	0	0	234	-1
	Sequence	-edge_8_0_+disjointig_1_26898_33603 6705 -1 4785820 4752216 4758921
	Sequence	-edge_8_1_+disjointig_1_72077_78782 6705 -1 4785820 4707037 4713742
Edge	18	321	380	1	0	0	259	-1
	Sequence	+edge_10_0_+disjointig_1_33603_35935 2332 1 4785820 33603 35935
	Sequence	+edge_10_1_+disjointig_1_78782_81114 2332 1 4785820 78782 81114
	Sequence	+edge_10_2_+disjointig_77_13391_15722 2331 69 32068 13391 15722
Edge	19	267	233	1	0	0	259	-1
	Sequence	-edge_10_0_+disjointig_1_33603_35935 2332 -1 4785820 4749884 4752216
	Sequence	-edge_10_1_+disjointig_1_78782_81114 2332 -1 4785820 4704705 4707037
	Sequence	-edge_10_2_+disjointig_77_13391_15722 2331 -69 32068 16345 18676
Edge	22	380	274	1	0	0	258	-1
	Sequence	+edge_12_0_+disjointig_1_35935_43793 7858 1 4785820 35935 43793
	Sequence	+edge_12_1_+disjointig_1_81114_88972 7858 1 4785820 81114 88972
Edge	23	250	267	1	0	0	258	-1
	Sequence	-edge_12_0_+disjointig_1_35935_43793 7858 -1 4785820 4742026 4749884
	Sequence	-edge_12_1_+disjointig_1_81114_88972 7858 -1 4785820 4696847 4704705
Edge	24	226	71	0	0	0	5	-1
	Sequence	+edge_13_0_+disjointig_77_15722_21807 6085 69 32068 15722 21807
Edge	25	72	70	0	0	0	5	-1
	Sequence	-edge_13_0_+disjointig_77_15722_21807 6085 -69 32068 10260 16345
Edge	36	139	459	0	0	0	191	-1
	Sequence	+edge_19_0_+disjointig_1_136491_139323 2832 1 4785820 136491 139323
Edge	37	279	138	0	0	0	191	-1
	Sequence	-edge_19_0_+disjointig_1_136491_139323 2832 -1 4785820 4646496 4649328
Edge	46	365	291	0	0	0	197	-1
	Sequence	+edge_24_0_+disjointig_1_353215_367896 14681 1 4785820 353215 367896
Edge	47	238	263	0	0	0	197	-1
	Sequence	-edge_24_0_+disjointig_1_353215_367896 14681 -1 4785820 4417923 4432604
Edge	48	104	432	0	0	0	6	-1
	Sequence	+edge_25_0_-disjointig_45_8099_13068 4969 -38 13069 8099 13068
Edge	49	430	45	0	0	0	6	-1
	Sequence	-edge_25_0_-disjointig_45_8099_13068 4969 38 13069 0 4969
Edge	58	386	88	0	0	0	207	-1
	Sequence	+edge_30_0_-disjointig_1_3487468_3612525 125057 -1 4785820 3487468 3612525
Edge	59	391	80	0	0	0	207	-1
	Sequence	-edge_30_0_-disjointig_1_3487468_3612525 125057 1 4785820 1173294 1298351
Edge	60	21	215	0	0	0	211	-1
	Sequence	+edge_31_0_-disjointig_1_3658333_3665459 7126 -1 4785820 3658333 3665459
	Sequence	+edge_31_1_-disjointig_57_6587_13575 6988 -49 19993 6587 13575
Edge	61	300	20	0	0	0	211	-1
	Sequence	-edge_31_0_-disjointig_1_3658333_3665459 7126 1 4785820 1120360 1127486
	Sequence	-edge_31_1_-disjointig_57_6587_13575 6988 49 19993 6417 13405
Edge	76	467	220	0	0	0	193	-1
	Sequence	+edge_39_0_+disjointig_1_1303786_1355462 51676 1 4785820 1303786 1355462
Edge	77	303	384	0	0	0	193	-1
	Sequence	-edge_39_0_+disjointig_1_1303786_1355462 51676 -1 4785820 3430357 3482033
Edge	78	369	305	0	0	0	194	-1
	Sequence	+edge_40_0_+disjointig_1_1398226_1428097 29871 1 4785820 1398226 1428097
Edge	79	243	29	0	0	0	194	-1
	Sequence	-edge_40_0_+disjointig_1_1398226_1428097 29871 -1 4785820 3357722 3387593
Edge	82	426	74	0	0	0	205	-1
	Sequence	+edge_42_0_-disjointig_1_2172789_2207440 34651 -1 4785820 2172789 2207440
Edge	83	252	168	0	0	0	205	-1
	Sequence	-edge_42_0_-disjointig_1_2172789_2207440 34651 1 4785820 2578379 2613030
Edge	86	174	136	0	0	0	200	-1
	Sequence	+edge_44_0_+disjointig_1_485696_486457 761 1 4785820 485696 486457
Edge	87	134	235	0	0	0	200	-1
	Sequence	-edge_44_0_+disjointig_1_485696_486457 761 -1 4785820 4299362 4300123
Edge	88	268	133	0	0	0	6	-1
	Sequence	+edge_45_0_-disjointig_30_15477_16144 667 -23 30892 15477 16144
Edge	89	345	44	0	0	0	6	-1
	Sequence	-edge_45_0_-disjointig_30_15477_16144 667 23 30892 14747 15414
Edge	92	230	249	0	0	0	197	-1
	Sequence	+edge_47_0_+disjointig_1_490249_572556 82307 1 4785820 490249 572556
Edge	93	218	135	0	0	0	197	-1
	Sequence	-edge_47_0_+disjointig_1_490249_572556 82307 -1 4785820 4213263 4295570
Edge	94	132	225	0	0	0	5	-1
	Sequence	+edge_48_0_-disjointig_30_19935_30891 10956 -23 30892 19935 30891
Edge	95	410	324	0	0	0	5	-1
	Sequence	-edge_48_0_-disjointig_30_19935_30891 10956 23 30892 0 10956
Edge	104	320	18	0	0	0	213	-1
	Sequence	+edge_53_0_+disjointig_1_694671_962756 268085 1 4785820 694671 962756
Edge	105	166	212	0	0	0	213	-1
	Sequence	-edge_53_0_+disjointig_1_694671_962756 268085 -1 4785820 3823063 4091148
Edge	106	219	232	0	0	0	5	-1
	Sequence	+edge_54_0_+disjointig_86_8650_12360 3710 76 12361 8650 12360
Edge	107	248	43	0	0	0	5	-1
	Sequence	-edge_54_0_+disjointig_86_8650_12360 3710 -76 12361 0 3710
Edge	110	224	78	0	0	0	4	-1
	Sequence	+edge_56_0_+disjointig_3_6204_43557 37353 22 54961 6204 43557
Edge	111	75	254	0	0	0	4	-1
	Sequence	-edge_56_0_+disjointig_3_6204_43557 37353 -22 54961 11403 48756
Edge	132	465	300	0	0	0	205	-1
	Sequence	+edge_67_0_+disjointig_1_1118248_1120360 2112 1 4785820 1118248 1120360
Edge	133	215	317	0	0	0	205	-1
	Sequence	-edge_67_0_+disjointig_1_1118248_1120360 2112 -1 4785820 3665459 3667571
Edge	134	69	394	0	0	0	5	-1
	Sequence	+edge_68_0_+disjointig_57_3695_6417 2722 49 19993 3695 6417
Edge	135	68	290	0	0	0	5	-1
	Sequence	-edge_68_0_+disjointig_57_3695_6417 2722 -49 19993 13575 16297
Edge	138	42	155	0	0	0	3	-1
	Sequence	+edge_70_0_-disjointig_92_9695_12686 2991 -83 12687 9695 12686
Edge	139	156	41	0	0	0	3	-1
	Sequence	-edge_70_0_-disjointig_92_9695_12686 2991 83 12687 0 2991
Edge	142	40	428	0	0	0	4	-1
	Sequence	+edge_72_0_-disjointig_59_4870_10314 5444 -51 10315 4870 10314
Edge	143	311	207	0	0	0	4	-1
	Sequence	-edge_72_0_-disjointig_59_4870_10314 5444 51 10315 0 5444
Edge	148	309	460	0	0	0	202	-1
	Sequence	+edge_75_0_+disjointig_1_1497112_1498951 1839 1 4785820 1497112 1498951
Edge	149	462	202	0	0	0	202	-1
	Sequence	-edge_75_0_+disjointig_1_1497112_1498951 1839 -1 4785820 3286868 3288707
Edge	150	298	160	0	0	0	6	-1
	Sequence	+edge_76_0_-disjointig_8_5406_25778 20372 -72 31647 5406 25778
Edge	151	178	356	0	0	0	6	-1
	Sequence	-edge_76_0_-disjointig_8_5406_25778 20372 72 31647 5868 26240
Edge	158	39	389	0	0	0	3	-1
	Sequence	+edge_80_0_-disjointig_29_8051_15499 7448 -21 15500 8051 15499
Edge	159	398	38	0	0	0	3	-1
	Sequence	-edge_80_0_-disjointig_29_8051_15499 7448 21 15500 0 7448
Edge	164	161	322	0	0	0	226	-1
	Sequence	+edge_83_0_+disjointig_1_1683629_1690401 6772 1 4785820 1683629 1690401
Edge	165	302	318	0	0	0	226	-1
	Sequence	-edge_83_0_+disjointig_1_1683629_1690401 6772 -1 4785820 3095418 3102190
Edge	166	173	206	0	0	0	5	-1
	Sequence	+edge_84_0_+disjointig_15_15876_33836 17960 7 49043 15876 33836
Edge	167	67	66	0	0	0	5	-1
	Sequence	-edge_84_0_+disjointig_15_15876_33836 17960 -7 49043 15206 33166
Edge	174	242	415	0	0	0	3	-1
	Sequence	+edge_88_0_-disjointig_34_28110_31977 3867 -27 31978 28110 31977
Edge	175	171	131	0	0	0	3	-1
	Sequence	-edge_88_0_-disjointig_34_28110_31977 3867 27 31978 0 3867
Edge	176	128	126	0	0	0	209	-1
	Sequence	+edge_89_0_+disjointig_1_1712822_1717705 4883 1 4785820 1712822 1717705
Edge	177	124	227	0	0	0	209	-1
	Sequence	-edge_89_0_+disjointig_1_1712822_1717705 4883 -1 4785820 3068114 3072997
Edge	178	130	123	0	0	0	5	-1
	Sequence	+edge_90_0_+disjointig_34_7699_17660 9961 27 31978 7699 17660
Edge	179	340	129	0	0	0	5	-1
	Sequence	-edge_90_0_+disjointig_34_7699_17660 9961 -27 31978 14317 24278
Edge	182	125	326	0	0	0	200	-1
	Sequence	+edge_92_0_+disjointig_1_1720166_1777256 57090 1 4785820 1720166 1777256
Edge	183	378	319	0	0	0	200	-1
	Sequence	-edge_92_0_+disjointig_1_1720166_1777256 57090 -1 4785820 3008563 3065653
Edge	184	145	411	0	0	0	4	-1
	Sequence	+edge_93_0_+disjointig_34_20121_31977 11856 27 31978 20121 31977
Edge	185	452	122	0	0	0	4	-1
	Sequence	-edge_93_0_+disjointig_34_20121_31977 11856 -27 31978 0 11856
Edge	196	37	231	0	0	0	4	-1
	Sequence	+edge_99_0_-disjointig_62_6965_13527 6562 -54 13528 6965 13527
Edge	197	435	36	0	0	0	4	-1
	Sequence	-edge_99_0_-disjointig_62_6965_13527 6562 54 13528 0 6562
Edge	212	164	463	0	0	0	3	-1
	Sequence	+edge_107_0_-disjointig_79_18320_22996 4676 -71 22997 18320 22996
Edge	213	461	193	0	0	0	3	-1
	Sequence	-edge_107_0_-disjointig_79_18320_22996 4676 71 22997 0 4676
Edge	220	118	307	0	0	0	3	-1
	Sequence	+edge_111_0_-disjointig_90_18279_29603 11324 -81 29604 18279 29603
Edge	221	469	121	0	0	0	3	-1
	Sequence	-edge_111_0_-disjointig_90_18279_29603 11324 81 29604 0 11324
Edge	224	120	471	0	0	0	6	-1
	Sequence	+edge_113_0_+disjointig_90_22542_29603 7061 81 29604 22542 29603
Edge	225	473	119	0	0	0	6	-1
	Sequence	-edge_113_0_+disjointig_90_22542_29603 7061 -81 29604 0 7061
Edge	230	198	387	0	0	0	3	-1
	Sequence	+edge_116_0_+disjointig_25_14300_17660 3360 18 17661 14300 17660
Edge	231	385	286	0	0	0	3	-1
	Sequence	-edge_116_0_+disjointig_25_14300_17660 3360 -18 17661 0 3360
Edge	238	288	228	0	0	0	193	-1
	Sequence	+edge_120_0_+disjointig_1_2707695_2709184 1489 1 4785820 2707695 2709184
Edge	239	312	181	0	0	0	193	-1
	Sequence	-edge_120_0_+disjointig_1_2707695_2709184 1489 -1 4785820 2076635 2078124
Edge	240	65	63	0	0	0	3	-1
	Sequence	+edge_121_0_+disjointig_84_4809_17926 13117 75 27240 4809 17926
Edge	241	64	62	0	0	0	3	-1
	Sequence	-edge_121_0_+disjointig_84_4809_17926 13117 -75 27240 9313 22430
Edge	248	195	246	0	0	0	185	-1
	Sequence	+edge_125_0_+disjointig_1_2867419_2869856 2437 1 4785820 2867419 2869856
	Sequence	+edge_125_1_+disjointig_24_13584_16013 2429 17 64345 13584 16013
Edge	249	192	189	0	0	0	185	-1
	Sequence	-edge_125_0_+disjointig_1_2867419_2869856 2437 -1 4785820 1915963 1918400
	Sequence	-edge_125_1_+disjointig_24_13584_16013 2429 -17 64345 48331 50760
Edge	252	246	445	0	0	0	184	-1
	Sequence	+edge_127_0_+disjointig_1_2869856_2871153 1297 1 4785820 2869856 2871153
Edge	253	251	192	0	0	0	184	-1
	Sequence	-edge_127_0_+disjointig_1_2869856_2871153 1297 -1 4785820 1914666 1915963
Edge	254	61	113	0	0	0	4	-1
	Sequence	+edge_128_0_+disjointig_24_16013_17503 1490 17 64345 16013 17503
Edge	255	111	58	0	0	0	4	-1
	Sequence	-edge_128_0_+disjointig_24_16013_17503 1490 -17 64345 46841 48331
Edge	258	332	208	0	0	0	187	-1
	Sequence	+edge_130_0_+disjointig_1_2874560_2880966 6406 1 4785820 2874560 2880966
Edge	259	190	114	0	0	0	187	-1
	Sequence	-edge_130_0_+disjointig_1_2874560_2880966 6406 -1 4785820 1904853 1911259
Edge	260	112	59	0	0	0	3	-1
	Sequence	+edge_131_0_+disjointig_24_20911_27299 6388 17 64345 20911 27299
Edge	261	60	151	0	0	0	3	-1
	Sequence	-edge_131_0_+disjointig_24_20911_27299 6388 -17 64345 37045 43433
Edge	268	186	341	0	0	0	196	-1
	Sequence	+edge_135_0_+disjointig_1_2971507_2985741 14234 1 4785820 2971507 2985741
Edge	269	264	201	0	0	0	196	-1
	Sequence	-edge_135_0_+disjointig_1_2971507_2985741 14234 -1 4785820 1800078 1814312
Edge	280	184	183	0	0	0	129	-1
	Sequence	+edge_141_0_+disjointig_1_3213935_3221372 7437 1 4785820 3213935 3221372
Edge	281	330	441	0	0	0	129	-1
	Sequence	-edge_141_0_+disjointig_1_3213935_3221372 7437 -1 4785820 1564447 1571884
Edge	282	57	127	0	0	0	4	-1
	Sequence	+edge_142_0_-disjointig_26_21285_31773 10488 -19 48928 21285 31773
Edge	283	213	56	0	0	0	4	-1
	Sequence	-edge_142_0_-disjointig_26_21285_31773 10488 19 48928 17154 27642
Edge	290	108	272	0	0	0	5	-1
	Sequence	+edge_146_0_-disjointig_14_12387_15104 2717 -6 15105 12387 15104
Edge	291	182	110	0	0	0	5	-1
	Sequence	-edge_146_0_-disjointig_14_12387_15104 2717 6 15105 0 2717
Edge	292	106	408	0	0	0	194	-1
	Sequence	+edge_147_0_+disjointig_1_3520581_3522823 2242 1 4785820 3520581 3522823
Edge	293	470	323	0	0	0	194	-1
	Sequence	-edge_147_0_+disjointig_1_3520581_3522823 2242 -1 4785820 1262996 1265238
Edge	294	443	34	0	0	0	2	-1
	Sequence	+edge_148_0_+disjointig_14_7842_10077 2235 6 15105 7842 10077
Edge	295	35	109	0	0	0	2	-1
	Sequence	-edge_148_0_+disjointig_14_7842_10077 2235 -6 15105 5027 7262
Edge	304	241	105	0	0	0	178	-1
	Sequence	+edge_153_0_+disjointig_1_3733645_3734576 931 1 4785820 3733645 3734576
Edge	305	102	172	0	0	0	178	-1
	Sequence	-edge_153_0_+disjointig_1_3733645_3734576 931 -1 4785820 1051243 1052174
Edge	310	349	449	0	0	0	211	-1
	Sequence	+edge_156_0_+disjointig_1_3736871_3746151 9280 1 4785820 3736871 3746151
Edge	311	306	103	0	0	0	211	-1
	Sequence	-edge_156_0_+disjointig_1_3736871_3746151 9280 -1 4785820 1039668 1048948
Edge	320	301	97	0	0	0	204	-1
	Sequence	+edge_161_0_+disjointig_1_3794023_4095978 301955 1 4785820 3794023 4095978
Edge	321	93	313	0	0	0	204	-1
	Sequence	-edge_161_0_+disjointig_1_3794023_4095978 301955 -1 4785820 689841 991796
Edge	326	285	440	0	0	0	3	-1
	Sequence	+edge_164_0_-disjointig_56_23785_29934 6149 -48 29935 23785 29934
Edge	327	439	269	0	0	0	3	-1
	Sequence	-edge_164_0_-disjointig_56_23785_29934 6149 48 29935 0 6149
Edge	330	91	407	0	0	0	4	-1
	Sequence	+edge_166_0_+disjointig_56_9877_29934 20057 48 29935 9877 29934
Edge	331	358	90	0	0	0	4	-1
	Sequence	-edge_166_0_+disjointig_56_9877_29934 20057 -48 29935 0 20057
Edge	336	276	163	0	0	0	3	-1
	Sequence	+edge_169_0_+disjointig_75_13601_18369 4768 67 18370 13601 18369
Edge	337	451	33	0	0	0	3	-1
	Sequence	-edge_169_0_+disjointig_75_13601_18369 4768 -67 18370 0 4768
Edge	340	170	292	0	0	0	206	-1
	Sequence	+edge_171_0_+disjointig_1_4335833_4338149 2316 1 4785820 4335833 4338149
Edge	341	284	253	0	0	0	206	-1
	Sequence	-edge_171_0_+disjointig_1_4335833_4338149 2316 -1 4785820 447670 449986
Edge	342	329	53	0	0	0	6	-1
	Sequence	+edge_172_0_+disjointig_17_8400_41501 33101 9 55247 8400 41501
Edge	343	54	52	0	0	0	6	-1
	Sequence	-edge_172_0_+disjointig_17_8400_41501 33101 -9 55247 13745 46846
Edge	356	442	400	0	0	0	3	-1
	Sequence	+edge_179_0_+disjointig_87_13922_27823 13901 77 27824 13922 27823
Edge	357	466	32	0	0	0	3	-1
	Sequence	-edge_179_0_+disjointig_87_13922_27823 13901 -77 27824 0 13901
Edge	370	158	299	0	0	0	197	-1
	Sequence	+edge_186_0_+disjointig_1_4707044_4709716 2672 1 4785820 4707044 4709716
	Sequence	+edge_186_1_-disjointig_96_12521_15193 2672 -87 27072 12521 15193
Edge	371	327	157	0	0	0	197	-1
	Sequence	-edge_186_0_+disjointig_1_4707044_4709716 2672 -1 4785820 76103 78775
	Sequence	-edge_186_1_-disjointig_96_12521_15193 2672 87 27072 11878 14550
Edge	374	299	328	0	0	0	203	-1
	Sequence	+edge_188_0_+disjointig_1_4709716_4720247 10531 1 4785820 4709716 4720247
Edge	375	421	327	0	0	0	203	-1
	Sequence	-edge_188_0_+disjointig_1_4709716_4720247 10531 -1 4785820 65572 76103
Edge	390	333	335	0	0	0	3	-1
	Sequence	+edge_196_0_+disjointig_11_0_34773 34773 3 34774 0 34773
Edge	391	336	339	0	0	0	3	-1
	Sequence	-edge_196_0_+disjointig_11_0_34773 34773 -3 34774 0 34773
Edge	392	342	203	0	0	0	4	-1
	Sequence	+edge_197_0_+disjointig_12_0_35264 35264 4 35265 0 35264
Edge	393	437	362	0	0	0	4	-1
	Sequence	-edge_197_0_+disjointig_12_0_35264 35264 -4 35265 0 35264
Edge	398	314	169	1	0	0	12	21
	Sequence	+edge_200_0_+disjointig_2_10039_12061 2022 12 106435 10039 12061
	Sequence	+edge_200_1_+disjointig_2_84430_86448 2018 12 106435 84430 86448
Edge	399	84	343	1	0	0	12	20
	Sequence	-edge_200_0_+disjointig_2_10039_12061 2022 -12 106435 94373 96395
	Sequence	-edge_200_1_+disjointig_2_84430_86448 2018 -12 106435 19986 22004
Edge	404	244	51	0	0	0	3	-1
	Sequence	+edge_203_0_+disjointig_13_5441_14555 9114 5 53621 5441 14555
Edge	405	261	423	0	0	0	3	-1
	Sequence	-edge_203_0_+disjointig_13_5441_14555 9114 -5 53621 39065 48179
Edge	406	346	366	1	0	0	11	15
	Sequence	+edge_204_0_-disjointig_2_100619_106417 5798 -12 106435 100619 106417
	Sequence	+edge_204_1_-disjointig_2_26228_31744 5516 -12 106435 26228 31744
Edge	407	310	348	1	0	0	11	14
	Sequence	-edge_204_0_-disjointig_2_100619_106417 5798 12 106435 17 5815
	Sequence	-edge_204_1_-disjointig_2_26228_31744 5516 12 106435 74690 80206
Edge	408	346	366	1	0	0	17	15
	Sequence	+edge_205_0_-disjointig_5_51084_58600 7516 -42 115024 51084 58600
Edge	409	310	348	1	0	0	17	14
	Sequence	-edge_205_0_-disjointig_5_51084_58600 7516 42 115024 56423 63939
Edge	410	247	223	0	0	0	36	-1
	Sequence	+edge_206_0_+disjointig_13_14555_18387 3832 5 53621 14555 18387
	Sequence	+edge_206_1_-disjointig_2_36468_40301 3833 -12 106435 36468 40301
	Sequence	+edge_206_2_-disjointig_5_63139_66836 3697 -42 115024 63139 66836
Edge	411	210	350	0	0	0	36	-1
	Sequence	-edge_206_0_+disjointig_13_14555_18387 3832 -5 53621 35233 39065
	Sequence	-edge_206_1_-disjointig_2_36468_40301 3833 12 106435 66133 69966
	Sequence	-edge_206_2_-disjointig_5_63139_66836 3697 42 115024 48187 51884
Edge	412	350	13	0	0	0	32	-1
	Sequence	+edge_207_0_+disjointig_2_69966_74690 4724 12 106435 69966 74690
	Sequence	+edge_207_1_+disjointig_5_51884_56423 4539 42 115024 51884 56423
Edge	413	10	247	0	0	0	32	-1
	Sequence	-edge_207_0_+disjointig_2_69966_74690 4724 -12 106435 31744 36468
	Sequence	-edge_207_1_+disjointig_5_51884_56423 4539 -42 115024 58600 63139
Edge	414	351	280	1	0	0	6	12
	Sequence	+edge_208_0_+disjointig_13_18387_22202 3815 5 53621 18387 22202
Edge	415	287	354	1	0	0	6	13
	Sequence	-edge_208_0_+disjointig_13_18387_22202 3815 -5 53621 31418 35233
Edge	416	351	282	1	0	0	12	12
	Sequence	+edge_209_0_-disjointig_2_40301_42160 1859 -12 106435 40301 42160
Edge	417	373	354	1	0	0	12	13
	Sequence	-edge_209_0_-disjointig_2_40301_42160 1859 12 106435 64274 66133
Edge	418	351	282	1	0	0	10	12
	Sequence	+edge_210_0_-disjointig_5_66836_69236 2400 -42 115024 66836 69236
Edge	419	373	354	1	0	0	10	13
	Sequence	-edge_210_0_-disjointig_5_66836_69236 2400 42 115024 45787 48187
Edge	420	304	9	0	0	0	18	-1
	Sequence	+edge_211_0_+disjointig_13_22202_24290 2088 5 53621 22202 24290
	Sequence	+edge_211_1_-disjointig_2_44491_47371 2880 -12 106435 44491 47371
	Sequence	+edge_211_2_-disjointig_5_71565_74447 2882 -42 115024 71565 74447
	Sequence	+edge_211_3_-disjointig_5_2581_5172 2591 -42 115024 2581 5172
Edge	421	6	152	0	0	0	18	-1
	Sequence	-edge_211_0_+disjointig_13_22202_24290 2088 -5 53621 29330 31418
	Sequence	-edge_211_1_-disjointig_2_44491_47371 2880 12 106435 59063 61943
	Sequence	-edge_211_2_-disjointig_5_71565_74447 2882 42 115024 40576 43458
	Sequence	-edge_211_3_-disjointig_5_2581_5172 2591 42 115024 109851 112442
Edge	422	287	373	1	0	0	19	13
	Sequence	+edge_212_0_+disjointig_2_61943_64274 2331 12 106435 61943 64274
	Sequence	+edge_212_1_+disjointig_5_43458_45787 2329 42 115024 43458 45787
	Sequence	+edge_212_2_+disjointig_5_112442_115019 2577 42 115024 112442 115019
Edge	423	282	280	1	0	0	19	12
	Sequence	-edge_212_0_+disjointig_2_61943_64274 2331 -12 106435 42160 44491
	Sequence	-edge_212_1_+disjointig_5_43458_45787 2329 -42 115024 69236 71565
	Sequence	-edge_212_2_+disjointig_5_112442_115019 2577 -42 115024 4 2581
Edge	424	353	98	1	0	0	3	16
	Sequence	+edge_213_0_+disjointig_13_24290_25173 883 5 53621 24290 25173
Edge	425	187	266	1	0	0	3	17
	Sequence	-edge_213_0_+disjointig_13_24290_25173 883 -5 53621 28447 29330
Edge	426	353	472	1	0	0	10	16
	Sequence	+edge_214_0_-disjointig_5_74447_76157 1710 -42 115024 74447 76157
	Sequence	+edge_214_1_-disjointig_5_5172_6880 1708 -42 115024 5172 6880
Edge	427	375	266	1	0	0	10	17
	Sequence	-edge_214_0_-disjointig_5_74447_76157 1710 42 115024 38866 40576
	Sequence	-edge_214_1_-disjointig_5_5172_6880 1708 42 115024 108143 109851
Edge	428	353	200	1	0	0	8	16
	Sequence	+edge_215_0_-disjointig_2_47371_59330 11959 -12 106435 47371 59330
Edge	429	205	266	1	0	0	8	17
	Sequence	-edge_215_0_-disjointig_2_47371_59330 11959 12 106435 47104 59063
Edge	432	89	355	1	0	0	2	16
	Sequence	+edge_217_0_+disjointig_13_27944_32861 4917 5 53621 27944 32861
Edge	433	271	87	1	0	0	2	17
	Sequence	-edge_217_0_+disjointig_13_27944_32861 4917 -5 53621 20759 25676
Edge	434	86	355	1	0	0	7	16
	Sequence	+edge_218_0_-disjointig_5_78927_83555 4628 -42 115024 78927 83555
	Sequence	+edge_218_1_-disjointig_5_9650_14279 4629 -42 115024 9650 14279
Edge	435	271	153	1	0	0	7	17
	Sequence	-edge_218_0_-disjointig_5_78927_83555 4628 42 115024 31468 36096
	Sequence	-edge_218_1_-disjointig_5_9650_14279 4629 42 115024 100744 105373
Edge	436	355	200	1	0	0	9	16
	Sequence	+edge_219_0_+disjointig_13_32861_34894 2033 5 53621 32861 34894
	Sequence	+edge_219_1_-disjointig_5_83555_85588 2033 -42 115024 83555 85588
	Sequence	+edge_219_2_-disjointig_5_14279_16312 2033 -42 115024 14279 16312
Edge	437	205	271	1	0	0	9	17
	Sequence	-edge_219_0_+disjointig_13_32861_34894 2033 -5 53621 18726 20759
	Sequence	-edge_219_1_-disjointig_5_83555_85588 2033 42 115024 29435 31468
	Sequence	-edge_219_2_-disjointig_5_14279_16312 2033 42 115024 98711 100744
Edge	438	8	395	0	0	0	20	-1
	Sequence	+edge_220_0_+disjointig_13_34894_35774 880 5 53621 34894 35774
	Sequence	+edge_220_1_-disjointig_2_59330_60214 884 -12 106435 59330 60214
	Sequence	+edge_220_2_-disjointig_5_85588_86472 884 -42 115024 85588 86472
	Sequence	+edge_220_3_-disjointig_5_16312_17196 884 -42 115024 16312 17196
Edge	439	199	7	0	0	0	20	-1
	Sequence	-edge_220_0_+disjointig_13_34894_35774 880 -5 53621 17846 18726
	Sequence	-edge_220_1_-disjointig_2_59330_60214 884 12 106435 46220 47104
	Sequence	-edge_220_2_-disjointig_5_85588_86472 884 42 115024 28551 29435
	Sequence	-edge_220_3_-disjointig_5_16312_17196 884 42 115024 97827 98711
Edge	442	395	5	0	0	0	18	-1
	Sequence	+edge_222_0_-disjointig_2_60214_61845 1631 -12 106435 60214 61845
	Sequence	+edge_222_1_-disjointig_5_86472_88103 1631 -42 115024 86472 88103
	Sequence	+edge_222_2_-disjointig_5_17196_18827 1631 -42 115024 17196 18827
Edge	443	433	199	0	0	0	18	-1
	Sequence	-edge_222_0_-disjointig_2_60214_61845 1631 12 106435 44589 46220
	Sequence	-edge_222_1_-disjointig_5_86472_88103 1631 42 115024 26920 28551
	Sequence	-edge_222_2_-disjointig_5_17196_18827 1631 42 115024 96196 97827
Edge	444	191	259	1	0	0	14	18
	Sequence	+edge_223_0_+disjointig_13_37834_38923 1089 5 53621 37834 38923
	Sequence	+edge_223_1_-disjointig_5_89302_90111 809 -42 115024 89302 90111
	Sequence	+edge_223_2_-disjointig_5_20026_20835 809 -42 115024 20026 20835
Edge	445	359	357	1	0	0	14	19
	Sequence	-edge_223_0_+disjointig_13_37834_38923 1089 -5 53621 14697 15786
	Sequence	-edge_223_1_-disjointig_5_89302_90111 809 42 115024 24912 25721
	Sequence	-edge_223_2_-disjointig_5_20026_20835 809 42 115024 94188 94997
Edge	446	357	338	1	0	0	9	19
	Sequence	+edge_224_0_+disjointig_5_25721_26920 1199 42 115024 25721 26920
	Sequence	+edge_224_1_+disjointig_5_94997_96196 1199 42 115024 94997 96196
Edge	447	372	191	1	0	0	9	18
	Sequence	-edge_224_0_+disjointig_5_25721_26920 1199 -42 115024 88103 89302
	Sequence	-edge_224_1_+disjointig_5_94997_96196 1199 -42 115024 18827 20026
Edge	448	4	379	0	0	0	21	-1
	Sequence	+edge_225_0_+disjointig_13_38923_42702 3779 5 53621 38923 42702
	Sequence	+edge_225_1_-disjointig_2_63871_67930 4059 -12 106435 63871 67930
	Sequence	+edge_225_2_-disjointig_5_90111_94170 4059 -42 115024 90111 94170
	Sequence	+edge_225_3_-disjointig_5_20835_24892 4057 -42 115024 20835 24892
Edge	449	165	3	0	0	0	21	-1
	Sequence	-edge_225_0_+disjointig_13_38923_42702 3779 -5 53621 10918 14697
	Sequence	-edge_225_1_-disjointig_2_63871_67930 4059 12 106435 38504 42563
	Sequence	-edge_225_2_-disjointig_5_90111_94170 4059 42 115024 20853 24912
	Sequence	-edge_225_3_-disjointig_5_20835_24892 4057 42 115024 90131 94188
Edge	450	359	338	1	0	0	7	19
	Sequence	+edge_226_0_+disjointig_2_42563_44589 2026 12 106435 42563 44589
Edge	451	372	259	1	0	0	7	18
	Sequence	-edge_226_0_+disjointig_2_42563_44589 2026 -12 106435 61845 63871
Edge	452	236	457	0	0	0	3	-1
	Sequence	+edge_227_0_+disjointig_13_42702_53620 10918 5 53621 42702 53620
Edge	453	361	334	0	0	0	3	-1
	Sequence	-edge_227_0_+disjointig_13_42702_53620 10918 -5 53621 0 10918
Edge	454	379	2	0	0	0	19	-1
	Sequence	+edge_228_0_-disjointig_2_67930_69275 1345 -12 106435 67930 69275
	Sequence	+edge_228_1_-disjointig_5_94170_95515 1345 -42 115024 94170 95515
	Sequence	+edge_228_2_-disjointig_5_24892_26237 1345 -42 115024 24892 26237
Edge	455	0	165	0	0	0	19	-1
	Sequence	-edge_228_0_-disjointig_2_67930_69275 1345 12 106435 37159 38504
	Sequence	-edge_228_1_-disjointig_5_94170_95515 1345 42 115024 19508 20853
	Sequence	-edge_228_2_-disjointig_5_24892_26237 1345 42 115024 88786 90131
Edge	456	176	363	0	0	0	5	-1
	Sequence	+edge_229_0_+disjointig_16_0_35194 35194 8 35195 0 35194
Edge	457	175	412	0	0	0	5	-1
	Sequence	-edge_229_0_+disjointig_16_0_35194 35194 -8 35195 0 35194
Edge	466	82	424	1	0	0	12	21
	Sequence	+edge_234_0_+disjointig_5_4494_7186 2692 42 115024 4494 7186
	Sequence	+edge_234_1_+disjointig_5_73754_76453 2699 42 115024 73754 76453
Edge	467	422	79	1	0	0	12	20
	Sequence	-edge_234_0_+disjointig_5_4494_7186 2692 -42 115024 107837 110529
	Sequence	-edge_234_1_+disjointig_5_73754_76453 2699 -42 115024 38570 41269
Edge	470	371	417	1	0	0	10	20
	Sequence	+edge_236_0_-disjointig_5_95515_103591 8076 -42 115024 95515 103591
	Sequence	+edge_236_1_-disjointig_5_26237_34326 8089 -42 115024 26237 34326
Edge	471	419	370	1	0	0	10	21
	Sequence	-edge_236_0_-disjointig_5_95515_103591 8076 42 115024 11432 19508
	Sequence	-edge_236_1_-disjointig_5_26237_34326 8089 42 115024 80697 88786
Edge	472	256	237	0	0	0	4	-1
	Sequence	+edge_237_0_+disjointig_20_0_37161 37161 13 37162 0 37161
Edge	473	374	368	0	0	0	4	-1
	Sequence	-edge_237_0_+disjointig_20_0_37161 37161 -13 37162 0 37161
Edge	478	388	273	0	0	0	2	-1
	Sequence	+edge_240_0_+disjointig_27_0_8465 8465 20 26065 0 8465
Edge	479	446	390	0	0	0	2	-1
	Sequence	-edge_240_0_+disjointig_27_0_8465 8465 -20 26065 17599 26064
Edge	480	273	393	0	0	0	7	-1
	Sequence	+edge_241_0_+disjointig_27_8465_12431 3966 20 26065 8465 12431
	Sequence	+edge_241_1_-disjointig_51_6350_10317 3967 -43 30778 6350 10317
Edge	481	438	446	0	0	0	7	-1
	Sequence	-edge_241_0_+disjointig_27_8465_12431 3966 -20 26065 13633 17599
	Sequence	-edge_241_1_-disjointig_51_6350_10317 3967 43 30778 20460 24427
Edge	484	31	396	0	0	0	4	-1
	Sequence	+edge_243_0_+disjointig_27_12431_26064 13633 20 26065 12431 26064
Edge	485	397	414	0	0	0	4	-1
	Sequence	-edge_243_0_+disjointig_27_12431_26064 13633 -20 26065 0 13633
Edge	486	393	434	0	0	0	3	-1
	Sequence	+edge_244_0_-disjointig_51_10317_30777 20460 -43 30778 10317 30777
Edge	487	262	438	0	0	0	3	-1
	Sequence	-edge_244_0_-disjointig_51_10317_30777 20460 43 30778 0 20460
Edge	488	401	403	0	0	1	2	-1
	Sequence	+edge_245_0_+disjointig_3_43557_45693 2136 22 54961 43557 45693
	Sequence	+edge_245_1_-disjointig_33_15799_17931 2132 -26 27914 15799 17931
Edge	489	344	402	0	0	1	2	-1
	Sequence	-edge_245_0_+disjointig_3_43557_45693 2136 -22 54961 9267 11403
	Sequence	-edge_245_1_-disjointig_33_15799_17931 2132 26 27914 9982 12114
Edge	490	402	229	0	0	0	3	-1
	Sequence	+edge_246_0_+disjointig_33_12114_27913 15799 26 27914 12114 27913
Edge	491	196	401	0	0	0	3	-1
	Sequence	-edge_246_0_+disjointig_33_12114_27913 15799 -26 27914 0 15799
Edge	492	403	404	0	0	0	6	-1
	Sequence	+edge_247_0_+disjointig_3_45693_48518 2825 22 54961 45693 48518
Edge	493	406	344	0	0	0	6	-1
	Sequence	-edge_247_0_+disjointig_3_45693_48518 2825 -22 54961 6442 9267
Edge	494	77	404	0	0	0	5	-1
	Sequence	+edge_248_0_-disjointig_33_17931_25220 7289 -26 27914 17931 25220
Edge	495	406	76	0	0	0	5	-1
	Sequence	-edge_248_0_-disjointig_33_17931_25220 7289 26 27914 2693 9982
Edge	504	316	413	0	0	0	3	-1
	Sequence	+edge_253_0_+disjointig_36_0_32322 32322 29 32323 0 32322
Edge	505	405	436	0	0	0	3	-1
	Sequence	-edge_253_0_+disjointig_36_0_32322 32322 -29 32323 0 32322
Edge	508	416	418	0	0	0	3	-1
	Sequence	+edge_255_0_+disjointig_38_0_12550 12550 31 45118 0 12550
Edge	509	30	245	0	0	0	3	-1
	Sequence	-edge_255_0_+disjointig_38_0_12550 12550 -31 45118 32567 45117
Edge	510	417	422	1	0	0	16	20
	Sequence	+edge_256_0_+disjointig_38_12550_16793 4243 31 45118 12550 16793
	Sequence	+edge_256_1_-disjointig_5_103591_107837 4246 -42 115024 103591 107837
	Sequence	+edge_256_2_-disjointig_5_34326_38570 4244 -42 115024 34326 38570
Edge	511	424	419	1	0	0	16	21
	Sequence	-edge_256_0_+disjointig_38_12550_16793 4243 -31 45118 28324 32567
	Sequence	-edge_256_1_-disjointig_5_103591_107837 4246 42 115024 7186 11432
	Sequence	-edge_256_2_-disjointig_5_34326_38570 4244 42 115024 76453 80697
Edge	518	427	234	0	0	0	4	-1
	Sequence	+edge_260_0_+disjointig_42_0_18337 18337 35 18338 0 18337
Edge	519	364	431	0	0	0	4	-1
	Sequence	-edge_260_0_+disjointig_42_0_18337 18337 -35 18338 0 18337
Edge	520	216	429	0	0	0	4	-1
	Sequence	+edge_261_0_+disjointig_43_0_3717 3717 36 3718 0 3717
Edge	521	295	209	0	0	0	4	-1
	Sequence	-edge_261_0_+disjointig_43_0_3717 3717 -36 3718 0 3717
Edge	540	447	448	0	0	0	3	-1
	Sequence	+edge_271_0_+disjointig_7_0_36517 36517 62 36518 0 36517
Edge	541	360	167	0	0	0	3	-1
	Sequence	-edge_271_0_+disjointig_7_0_36517 36517 -62 36518 0 36517
Edge	546	453	455	0	0	0	3	-1
	Sequence	+edge_274_0_+disjointig_78_0_4112 4112 70 4113 0 4112
Edge	547	456	458	0	0	0	3	-1
	Sequence	-edge_274_0_+disjointig_78_0_4112 4112 -70 4113 0 4112
Edge	562	274	150	1	0	0	254	-1
	Sequence	+edge_282_0_+disjointig_1_43793_49081 5288 1 4785820 43793 49081
Edge	563	149	250	1	0	0	254	-1
	Sequence	-edge_282_0_+disjointig_1_43793_49081 5288 -1 4785820 4736738 4742026
Edge	564	239	284	0	0	0	207	-1
	Sequence	+edge_283_0_-disjointig_1_297049_447670 150621 -1 4785820 297049 447670
Edge	565	292	148	0	0	0	207	-1
	Sequence	-edge_283_0_-disjointig_1_297049_447670 150621 1 4785820 4338149 4488770
Edge	566	217	162	0	0	0	217	-1
	Sequence	+edge_284_0_+disjointig_1_4511847_4573456 61609 1 4785820 4511847 4573456
Edge	567	257	141	0	0	0	217	-1
	Sequence	-edge_284_0_+disjointig_1_4511847_4573456 61609 -1 4785820 212363 273972
Edge	568	274	331	0	0	0	222	-1
	Sequence	+edge_285_0_+disjointig_1_88972_133204 44232 1 4785820 88972 133204
Edge	569	137	250	0	0	0	222	-1
	Sequence	-edge_285_0_+disjointig_1_88972_133204 44232 -1 4785820 4652615 4696847
Edge	570	250	188	0	0	0	225	-1
	Sequence	+edge_286_0_-disjointig_1_43737_51032 7295 -1 4785820 43737 51032
Edge	571	308	274	0	0	0	225	-1
	Sequence	-edge_286_0_-disjointig_1_43737_51032 7295 1 4785820 4734787 4742082
Edge	572	459	365	0	0	0	202	-1
	Sequence	+edge_287_0_+disjointig_1_139323_353215 213892 1 4785820 139323 353215
Edge	573	263	279	0	0	0	202	-1
	Sequence	-edge_287_0_+disjointig_1_139323_353215 213892 -1 4785820 4432604 4646496
Edge	574	291	27	0	0	0	200	-1
	Sequence	+edge_288_0_+disjointig_1_367896_422341 54445 1 4785820 367896 422341
Edge	575	24	238	0	0	0	200	-1
	Sequence	-edge_288_0_+disjointig_1_367896_422341 54445 -1 4785820 4363478 4417923
Edge	578	22	464	0	0	0	193	-1
	Sequence	+edge_290_0_-disjointig_1_3617868_3653010 35142 -1 4785820 3617868 3653010
Edge	579	19	142	0	0	0	193	-1
	Sequence	-edge_290_0_-disjointig_1_3617868_3653010 35142 1 4785820 1132809 1167951
Edge	580	154	303	0	0	0	197	-1
	Sequence	+edge_291_0_-disjointig_1_3392921_3430357 37436 -1 4785820 3392921 3430357
Edge	581	220	28	0	0	0	197	-1
	Sequence	-edge_291_0_-disjointig_1_3392921_3430357 37436 1 4785820 1355462 1392898
Edge	582	14	265	0	0	0	205	-1
	Sequence	+edge_292_0_+disjointig_1_1917754_2168049 250295 1 4785820 1917754 2168049
Edge	583	258	17	0	0	0	205	-1
	Sequence	-edge_292_0_+disjointig_1_1917754_2168049 250295 -1 4785820 2617770 2868065
Edge	584	95	288	0	0	0	198	-1
	Sequence	+edge_293_0_+disjointig_1_2618445_2707695 89250 1 4785820 2618445 2707695
Edge	585	181	23	0	0	0	198	-1
	Sequence	-edge_293_0_+disjointig_1_2618445_2707695 89250 -1 4785820 2078124 2167374
Edge	586	26	174	0	0	0	191	-1
	Sequence	+edge_294_0_+disjointig_1_427751_485696 57945 1 4785820 427751 485696
Edge	587	235	25	0	0	0	191	-1
	Sequence	-edge_294_0_+disjointig_1_427751_485696 57945 -1 4785820 4300123 4358068
Edge	588	16	378	0	0	0	211	-1
	Sequence	+edge_295_0_-disjointig_1_2873311_3008563 135252 -1 4785820 2873311 3008563
Edge	589	326	15	0	0	0	211	-1
	Sequence	-edge_295_0_-disjointig_1_2873311_3008563 135252 1 4785820 1777256 1912508
Edge	590	249	320	0	0	0	206	-1
	Sequence	+edge_296_0_+disjointig_1_572556_694671 122115 1 4785820 572556 694671
Edge	591	212	218	0	0	0	206	-1
	Sequence	-edge_296_0_+disjointig_1_572556_694671 122115 -1 4785820 4091148 4213263
Edge	592	18	289	0	0	0	214	-1
	Sequence	+edge_297_0_+disjointig_1_962756_1009114 46358 1 4785820 962756 1009114
Edge	593	179	166	0	0	0	214	-1
	Sequence	-edge_297_0_+disjointig_1_962756_1009114 46358 -1 4785820 3776705 3823063
Edge	594	289	293	0	0	0	180	-1
	Sequence	+edge_298_0_+disjointig_1_1009114_1035719 26605 1 4785820 1009114 1035719
Edge	595	294	179	0	0	0	180	-1
	Sequence	-edge_298_0_+disjointig_1_1009114_1035719 26605 -1 4785820 3750100 3776705
Edge	596	293	270	0	0	0	214	-1
	Sequence	+edge_299_0_+disjointig_1_1035719_1055896 20177 1 4785820 1035719 1055896
Edge	597	297	294	0	0	0	214	-1
	Sequence	-edge_299_0_+disjointig_1_1035719_1055896 20177 -1 4785820 3729923 3750100
Edge	598	270	465	0	0	0	215	-1
	Sequence	+edge_300_0_+disjointig_1_1055896_1118248 62352 1 4785820 1055896 1118248
Edge	599	317	297	0	0	0	215	-1
	Sequence	-edge_300_0_+disjointig_1_1055896_1118248 62352 -1 4785820 3667571 3729923
Edge	600	305	309	0	0	0	206	-1
	Sequence	+edge_301_0_+disjointig_1_1428097_1497112 69015 1 4785820 1428097 1497112
Edge	601	202	243	0	0	0	206	-1
	Sequence	-edge_301_0_+disjointig_1_1428097_1497112 69015 -1 4785820 3288707 3357722
Edge	602	460	240	0	0	0	198	-1
	Sequence	+edge_302_0_+disjointig_1_1498951_1565329 66378 1 4785820 1498951 1565329
Edge	603	315	462	0	0	0	198	-1
	Sequence	-edge_302_0_+disjointig_1_1498951_1565329 66378 -1 4785820 3220490 3286868
Edge	604	240	161	0	0	0	206	-1
	Sequence	+edge_303_0_+disjointig_1_1565329_1683629 118300 1 4785820 1565329 1683629
Edge	605	318	315	0	0	0	206	-1
	Sequence	-edge_303_0_+disjointig_1_1565329_1683629 118300 -1 4785820 3102190 3220490
Edge	606	322	420	0	0	0	223	-1
	Sequence	+edge_304_0_+disjointig_1_1690401_1708990 18589 1 4785820 1690401 1708990
Edge	607	399	302	0	0	0	223	-1
	Sequence	-edge_304_0_+disjointig_1_1690401_1708990 18589 -1 4785820 3076829 3095418
Edge	608	265	204	0	0	0	213	-1
	Sequence	+edge_305_0_+disjointig_1_2168049_2459356 291307 1 4785820 2168049 2459356
Edge	609	376	258	0	0	0	213	-1
	Sequence	-edge_305_0_+disjointig_1_2168049_2459356 291307 -1 4785820 2326463 2617770
Edge	610	204	117	0	0	0	214	-1
	Sequence	+edge_306_0_+disjointig_1_2459356_2485811 26455 1 4785820 2459356 2485811
Edge	611	115	376	0	0	0	214	-1
	Sequence	-edge_306_0_+disjointig_1_2459356_2485811 26455 -1 4785820 2300008 2326463
Edge	612	283	194	0	0	0	193	-1
	Sequence	+edge_307_0_+disjointig_1_2497033_2565254 68221 1 4785820 2497033 2565254
Edge	613	73	116	0	0	0	193	-1
	Sequence	-edge_307_0_+disjointig_1_2497033_2565254 68221 -1 4785820 2220565 2288786
Edge	614	286	185	0	0	1	27	-1
	Sequence	+edge_308_0_+disjointig_1_2565254_2578379 13125 1 4785820 2565254 2578379
	Sequence	+edge_308_1_-disjointig_25_3360_16476 13116 -18 17661 3360 16476
Edge	615	197	198	0	0	1	27	-1
	Sequence	-edge_308_0_+disjointig_1_2565254_2578379 13125 -1 4785820 2207440 2220565
	Sequence	-edge_308_1_-disjointig_25_3360_16476 13116 18 17661 1184 14300
Edge	616	185	381	0	0	0	3	-1
	Sequence	+edge_309_0_+disjointig_22_4369_9612 5243 15 9613 4369 9612
Edge	617	383	197	0	0	0	3	-1
	Sequence	-edge_309_0_+disjointig_22_4369_9612 5243 -15 9613 0 5243
Edge	618	228	195	0	0	0	201	-1
	Sequence	+edge_310_0_+disjointig_1_2709184_2867419 158235 1 4785820 2709184 2867419
Edge	619	189	312	0	0	0	201	-1
	Sequence	-edge_310_0_+disjointig_1_2709184_2867419 158235 -1 4785820 1918400 2076635
Edge	620	208	186	0	0	0	202	-1
	Sequence	+edge_311_0_+disjointig_1_2880966_2971507 90541 1 4785820 2880966 2971507
Edge	621	201	190	0	0	0	202	-1
	Sequence	-edge_311_0_+disjointig_1_2880966_2971507 90541 -1 4785820 1814312 1904853
Edge	622	341	184	0	0	0	203	-1
	Sequence	+edge_312_0_+disjointig_1_2985741_3213935 228194 1 4785820 2985741 3213935
Edge	623	441	264	0	0	0	203	-1
	Sequence	-edge_312_0_+disjointig_1_2985741_3213935 228194 -1 4785820 1571884 1800078
Edge	624	183	107	0	0	0	216	-1
	Sequence	+edge_313_0_+disjointig_1_3221372_3515452 294080 1 4785820 3221372 3515452
Edge	625	347	330	0	0	0	216	-1
	Sequence	-edge_313_0_+disjointig_1_3221372_3515452 294080 -1 4785820 1270367 1564447
Edge	626	408	241	0	0	0	207	-1
	Sequence	+edge_314_0_+disjointig_1_3522823_3733645 210822 1 4785820 3522823 3733645
Edge	627	172	470	0	0	0	207	-1
	Sequence	-edge_314_0_+disjointig_1_3522823_3733645 210822 -1 4785820 1052174 1262996
Edge	628	449	301	0	0	0	229	-1
	Sequence	+edge_315_0_+disjointig_1_3746151_3794023 47872 1 4785820 3746151 3794023
Edge	629	313	306	0	0	0	229	-1
	Sequence	-edge_315_0_+disjointig_1_3746151_3794023 47872 -1 4785820 991796 1039668
Edge	630	96	260	0	0	0	206	-1
	Sequence	+edge_316_0_+disjointig_1_4099697_4282042 182345 1 4785820 4099697 4282042
Edge	631	214	94	0	0	0	206	-1
	Sequence	-edge_316_0_+disjointig_1_4099697_4282042 182345 -1 4785820 503777 686122
Edge	632	260	170	0	0	0	199	-1
	Sequence	+edge_317_0_+disjointig_1_4282042_4335833 53791 1 4785820 4282042 4335833
Edge	633	253	214	0	0	0	199	-1
	Sequence	-edge_317_0_+disjointig_1_4282042_4335833 53791 -1 4785820 449986 503777
Edge	634	162	159	0	0	0	209	-1
	Sequence	+edge_318_0_+disjointig_1_4573456_4601492 28036 1 4785820 4573456 4601492
Edge	635	296	257	0	0	0	209	-1
	Sequence	-edge_318_0_+disjointig_1_4573456_4601492 28036 -1 4785820 184327 212363
Edge	636	159	158	0	0	0	210	-1
	Sequence	+edge_319_0_+disjointig_1_4601492_4707044 105552 1 4785820 4601492 4707044
Edge	637	157	296	0	0	0	210	-1
	Sequence	-edge_319_0_+disjointig_1_4601492_4707044 105552 -1 4785820 78775 184327
Edge	638	444	377	0	0	0	4	-1
	Sequence	+edge_320_0_-disjointig_96_15193_25994 10801 -87 27072 15193 25994
Edge	639	222	81	0	0	0	4	-1
	Sequence	-edge_320_0_-disjointig_96_15193_25994 10801 87 27072 1077 11878
Edge	640	328	308	0	0	0	195	-1
	Sequence	+edge_321_0_+disjointig_1_4720247_4734787 14540 1 4785820 4720247 4734787
	Sequence	+edge_321_1_+disjointig_41_4592_19130 14538 34 24258 4592 19130
Edge	641	188	421	0	0	0	195	-1
	Sequence	-edge_321_0_+disjointig_1_4720247_4734787 14540 -1 4785820 51032 65572
	Sequence	-edge_321_1_+disjointig_41_4592_19130 14538 -34 24258 5127 19665
Edge	642	382	343	1	0	0	10	20
	Sequence	+edge_322_0_-disjointig_5_43506_46863 3357 -42 115024 43506 46863
Edge	643	314	83	1	0	0	10	21
	Sequence	-edge_322_0_-disjointig_5_43506_46863 3357 42 115024 68160 71517
Edge	644	1	11	0	0	0	22	-1
	Sequence	+edge_323_0_+disjointig_13_1664_5441 3777 5 53621 1664 5441
	Sequence	+edge_323_1_-disjointig_2_96395_100619 4224 -12 106435 96395 100619
	Sequence	+edge_323_2_-disjointig_2_22004_26228 4224 -12 106435 22004 26228
	Sequence	+edge_323_3_-disjointig_5_46863_51084 4221 -42 115024 46863 51084
Edge	645	12	337	0	0	0	22	-1
	Sequence	-edge_323_0_+disjointig_13_1664_5441 3777 -5 53621 48179 51956
	Sequence	-edge_323_1_-disjointig_2_96395_100619 4224 12 106435 5815 10039
	Sequence	-edge_323_2_-disjointig_2_22004_26228 4224 12 106435 80206 84430
	Sequence	-edge_323_3_-disjointig_5_46863_51084 4221 42 115024 63939 68160
Edge	646	278	370	1	0	0	11	21
	Sequence	+edge_324_0_+disjointig_2_14289_37159 22870 12 106435 14289 37159
Edge	647	371	85	1	0	0	11	20
	Sequence	-edge_324_0_+disjointig_2_14289_37159 22870 -12 106435 69275 92145
Edge	648	404	450	1	0	0	4	-1
	Sequence	+edge_325_0_+disjointig_3_48518_54960 6442 22 54961 48518 54960
Edge	649	409	406	1	0	0	4	-1
	Sequence	-edge_325_0_+disjointig_3_48518_54960 6442 -22 54961 0 6442
Edge	650	150	211	1	0	0	238	-1
	Sequence	+edge_326_0_-25c1f8c3-1184-4bd9-96c8-c112a89e5005_964_3206 2242 * 0 0 0
Edge	651	367	149	1	0	0	238	-1
	Sequence	-edge_326_0_-25c1f8c3-1184-4bd9-96c8-c112a89e5005_964_3206 2242 * 0 0 0
Edge	652	148	277	0	0	0	199	-1
	Sequence	+edge_327_0_-427419e5-987a-41bd-8936-1b0e2babf7db_777_3007 2230 * 0 0 0
Edge	653	221	239	0	0	0	199	-1
	Sequence	-edge_327_0_-427419e5-987a-41bd-8936-1b0e2babf7db_777_3007 2230 * 0 0 0
Edge	654	325	147	1	0	0	228	-1
	Sequence	+edge_328_0_-41b828e4-1616-43c3-8776-da05e3723184_3608_21909 18301 * 0 0 0
Edge	655	146	144	1	0	0	228	-1
	Sequence	-edge_328_0_-41b828e4-1616-43c3-8776-da05e3723184_3608_21909 18301 * 0 0 0
Edge	656	143	217	0	0	0	204	-1
	Sequence	+edge_329_0_-ead2cd72-5ec8-46a1-8edd-005aa94d399c_2388_20719 18331 * 0 0 0
Edge	657	141	180	0	0	0	204	-1
	Sequence	-edge_329_0_-ead2cd72-5ec8-46a1-8edd-005aa94d399c_2388_20719 18331 * 0 0 0
Edge	660	331	139	0	0	0	206	-1
	Sequence	+edge_331_0_-02cf3289-d4b2-49bd-b06f-77e6efd08afc_13619_16918 3299 * 0 0 0
Edge	661	138	137	0	0	0	206	-1
	Sequence	-edge_331_0_-02cf3289-d4b2-49bd-b06f-77e6efd08afc_13619_16918 3299 * 0 0 0
Edge	662	136	230	0	0	0	198	-1
	Sequence	+edge_332_0_+7e979a81-e2bc-4f31-b382-a1335be2d261_10774_14569 3795 * 0 0 0
Edge	663	135	134	0	0	0	198	-1
	Sequence	-edge_332_0_+7e979a81-e2bc-4f31-b382-a1335be2d261_10774_14569 3795 * 0 0 0
Edge	664	133	132	0	0	0	5	-1
	Sequence	+edge_333_0_-ed6a989a-05e4-4798-9dcd-fed7688ab435_9335_13136 3801 * 0 0 0
Edge	665	324	345	0	0	0	5	-1
	Sequence	-edge_333_0_-ed6a989a-05e4-4798-9dcd-fed7688ab435_9335_13136 3801 * 0 0 0
Edge	666	131	130	0	0	0	4	-1
	Sequence	+edge_334_0_-ffa7e3f8-0665-409b-a416-e781b773f0e5_15427_19260 3833 * 0 0 0
Edge	667	129	242	0	0	0	4	-1
	Sequence	-edge_334_0_-ffa7e3f8-0665-409b-a416-e781b773f0e5_15427_19260 3833 * 0 0 0
Edge	668	420	128	0	0	0	216	-1
	Sequence	+edge_335_0_+29220a07-6fd8-4abd-89d9-3c4ca03e395e_3444_7284 3840 * 0 0 0
Edge	669	227	399	0	0	0	216	-1
	Sequence	-edge_335_0_+29220a07-6fd8-4abd-89d9-3c4ca03e395e_3444_7284 3840 * 0 0 0
Edge	670	126	125	0	0	0	204	-1
	Sequence	+edge_336_0_-a2a154eb-cd11-4a12-9a44-28c0ca0ef2db_2323_4742 2419 * 0 0 0
Edge	671	319	124	0	0	0	204	-1
	Sequence	-edge_336_0_-a2a154eb-cd11-4a12-9a44-28c0ca0ef2db_2323_4742 2419 * 0 0 0
Edge	672	123	145	0	0	0	4	-1
	Sequence	+edge_337_0_-2d0faffc-5429-44a0-8ff5-4650ebe4a047_8408_10871 2463 * 0 0 0
Edge	673	122	340	0	0	0	4	-1
	Sequence	-edge_337_0_-2d0faffc-5429-44a0-8ff5-4650ebe4a047_8408_10871 2463 * 0 0 0
Edge	674	121	120	0	0	0	4	-1
	Sequence	+edge_338_0_+576ac652-f01c-47f3-8a13-0ca8225c38a1_4117_15337 11220 * 0 0 0
Edge	675	119	118	0	0	0	4	-1
	Sequence	-edge_338_0_+576ac652-f01c-47f3-8a13-0ca8225c38a1_4117_15337 11220 * 0 0 0
Edge	676	117	283	0	0	0	203	-1
	Sequence	+edge_339_0_-08e2a734-765c-4c00-86c3-75d826c0f2b1_5582_16804 11222 * 0 0 0
Edge	677	116	115	0	0	0	203	-1
	Sequence	-edge_339_0_-08e2a734-765c-4c00-86c3-75d826c0f2b1_5582_16804 11222 * 0 0 0
Edge	678	445	332	0	0	0	185	-1
	Sequence	+edge_340_0_-3578d78c-1d3d-45fb-b67c-03b56272027f_2456_5866 3410 * 0 0 0
Edge	679	114	251	0	0	0	185	-1
	Sequence	-edge_340_0_-3578d78c-1d3d-45fb-b67c-03b56272027f_2456_5866 3410 * 0 0 0
Edge	680	113	112	0	0	0	3	-1
	Sequence	+edge_341_0_-5e5836b0-9b04-479c-a41a-1ba6652a6280_6846_10253 3407 * 0 0 0
Edge	681	151	111	0	0	0	3	-1
	Sequence	-edge_341_0_-5e5836b0-9b04-479c-a41a-1ba6652a6280_6846_10253 3407 * 0 0 0
Edge	682	110	443	0	0	0	3	-1
	Sequence	+edge_342_0_+f8f7056a-7b06-4d1f-b420-8807ef90711d_911_6053 5142 * 0 0 0
Edge	683	109	108	0	0	0	3	-1
	Sequence	-edge_342_0_+f8f7056a-7b06-4d1f-b420-8807ef90711d_911_6053 5142 * 0 0 0
Edge	684	107	106	0	0	0	205	-1
	Sequence	+edge_343_0_-ff776283-63d1-4d3a-bf34-6cfd696ebdb7_15439_20585 5146 * 0 0 0
Edge	685	323	347	0	0	0	205	-1
	Sequence	-edge_343_0_-ff776283-63d1-4d3a-bf34-6cfd696ebdb7_15439_20585 5146 * 0 0 0
Edge	686	105	349	0	0	0	194	-1
	Sequence	+edge_344_0_-88d47582-69c9-4159-a6f9-db0e4a15ed9e_3915_6222 2307 * 0 0 0
Edge	687	103	102	0	0	0	194	-1
	Sequence	-edge_344_0_-88d47582-69c9-4159-a6f9-db0e4a15ed9e_3915_6222 2307 * 0 0 0
Edge	690	97	96	0	0	0	205	-1
	Sequence	+edge_346_0_+9ea7017e-acbe-4915-9ac2-7e9236f40a2e_7291_11021 3730 * 0 0 0
Edge	691	94	93	0	0	0	205	-1
	Sequence	-edge_346_0_+9ea7017e-acbe-4915-9ac2-7e9236f40a2e_7291_11021 3730 * 0 0 0
Edge	692	269	91	0	0	0	3	-1
	Sequence	+edge_347_0_-c49a6014-b718-4a47-ad90-8a43afd39709_13153_16876 3723 * 0 0 0
Edge	693	90	285	0	0	0	3	-1
	Sequence	-edge_347_0_-c49a6014-b718-4a47-ad90-8a43afd39709_13153_16876 3723 * 0 0 0
Edge	694	98	89	1	0	0	2	16
	Sequence	+edge_348_0_+95aeb7ae-cee8-41d9-934e-430f91c01efa_5582_8357 2775 * 0 0 0
Edge	695	87	187	1	0	0	2	17
	Sequence	-edge_348_0_+95aeb7ae-cee8-41d9-934e-430f91c01efa_5582_8357 2775 * 0 0 0
Edge	696	472	86	1	0	0	8	16
	Sequence	+edge_349_0_+0d6fdf25-2868-46b9-864c-f36b49edd1c6_5696_8472 2776 * 0 0 0
Edge	697	153	375	1	0	0	8	17
	Sequence	-edge_349_0_+0d6fdf25-2868-46b9-864c-f36b49edd1c6_5696_8472 2776 * 0 0 0
Edge	698	169	278	1	0	0	11	21
	Sequence	+edge_350_0_+2a2db5d6-5bc4-4c93-ac7e-b5b27a940291_10545_12787 2242 * 0 0 0
Edge	699	85	84	1	0	0	11	20
	Sequence	-edge_350_0_+2a2db5d6-5bc4-4c93-ac7e-b5b27a940291_10545_12787 2242 * 0 0 0
Edge	700	83	82	1	0	0	11	21
	Sequence	+edge_351_0_+d59665b4-8ef0-4dad-9824-7ecc32dcc970_11801_14039 2238 * 0 0 0
Edge	701	79	382	1	0	0	11	20
	Sequence	-edge_351_0_+d59665b4-8ef0-4dad-9824-7ecc32dcc970_11801_14039 2238 * 0 0 0
Edge	702	78	77	0	0	0	4	-1
	Sequence	+edge_352_0_-ea3ac974-5722-467b-a9c1-18eb763d1784_1490_3636 2146 * 0 0 0
Edge	703	76	75	0	0	0	4	-1
	Sequence	-edge_352_0_-ea3ac974-5722-467b-a9c1-18eb763d1784_1490_3636 2146 * 0 0 0
Edge	704	194	252	0	0	0	199	-1
	Sequence	+edge_353_0_-08fcfc68-e86e-426b-9e89-71f3bf28c8f8_40730_53882 13152 * 0 0 0
Edge	705	74	73	0	0	0	199	-1
	Sequence	-edge_353_0_-08fcfc68-e86e-426b-9e89-71f3bf28c8f8_40730_53882 13152 * 0 0 0
Edge	706	29	154	0	0	0	195	-1
	Sequence	+edge_354_0_-c55a586f-7b19-4b58-a9ee-261b2d102618_2023_7346 5323 * 0 0 0
Edge	707	28	369	0	0	0	195	-1
	Sequence	-edge_354_0_-c55a586f-7b19-4b58-a9ee-261b2d102618_2023_7346 5323 * 0 0 0
Edge	708	27	26	0	0	0	195	-1
	Sequence	+edge_355_0_-663b06e0-5113-4a5f-9841-81fa566f36ed_4237_9645 5408 * 0 0 0
Edge	709	25	24	0	0	0	195	-1
	Sequence	-edge_355_0_-663b06e0-5113-4a5f-9841-81fa566f36ed_4237_9645 5408 * 0 0 0
Edge	710	80	467	0	0	0	200	-1
	Sequence	+edge_356_0_-efc8c30b-63cb-448f-81b0-45bf3a8fdcac_4228_9659 5431 * 0 0 0
Edge	711	384	386	0	0	0	200	-1
	Sequence	-edge_356_0_-efc8c30b-63cb-448f-81b0-45bf3a8fdcac_4228_9659 5431 * 0 0 0
Edge	712	23	426	0	0	0	201	-1
	Sequence	+edge_357_0_+101bb778-4f4f-4e25-b1be-e46f1d0ad70d_3129_8541 5412 * 0 0 0
Edge	713	168	95	0	0	0	201	-1
	Sequence	-edge_357_0_+101bb778-4f4f-4e25-b1be-e46f1d0ad70d_3129_8541 5412 * 0 0 0
Edge	714	88	22	0	0	0	200	-1
	Sequence	+edge_358_0_-b16c464a-1032-4847-a22a-5390250c7615_2426_7766 5340 * 0 0 0
Edge	715	142	391	0	0	0	200	-1
	Sequence	-edge_358_0_-b16c464a-1032-4847-a22a-5390250c7615_2426_7766 5340 * 0 0 0
Edge	716	464	21	0	0	0	202	-1
	Sequence	+edge_359_0_-5e60936d-df1a-44d2-8ae8-9ad867215563_679_5998 5319 * 0 0 0
Edge	717	20	19	0	0	0	202	-1
	Sequence	-edge_359_0_-5e60936d-df1a-44d2-8ae8-9ad867215563_679_5998 5319 * 0 0 0
Edge	720	17	16	0	0	0	208	-1
	Sequence	+edge_361_0_+d644f371-f8cb-4257-8e4b-331a757e26c5_11828_17070 5242 * 0 0 0
Edge	721	15	14	0	0	0	208	-1
	Sequence	-edge_361_0_+d644f371-f8cb-4257-8e4b-331a757e26c5_11828_17070 5242 * 0 0 0
Edge	722	223	304	0	0	0	27	-1
	Sequence	+edge_362_haplotype 4731 * 0 0 0
Edge	723	152	210	0	0	0	27	-1
	Sequence	-edge_362_haplotype 4731 * 0 0 0
Edge	724	13	12	0	0	0	27	-1
	Sequence	+edge_363_haplotype 5798 * 0 0 0
Edge	725	11	10	0	0	0	27	-1
	Sequence	-edge_363_haplotype 5798 * 0 0 0
Edge	726	9	8	0	0	0	19	-1
	Sequence	+edge_364_haplotype 11959 * 0 0 0
Edge	727	7	6	0	0	0	19	-1
	Sequence	-edge_364_haplotype 11959 * 0 0 0
Edge	728	5	4	0	0	0	19	-1
	Sequence	+edge_365_haplotype 2026 * 0 0 0
Edge	729	3	433	0	0	0	19	-1
	Sequence	-edge_365_haplotype 2026 * 0 0 0
Edge	730	2	1	0	0	0	20	-1
	Sequence	+edge_366_haplotype 27134 * 0 0 0
Edge	731	337	0	0	0	0	20	-1
	Sequence	-edge_366_haplotype 27134 * 0 0 0
