Edge	2	38	50	0	0	1	367	-1
	Sequence	+edge_2_0_+disjointig_1_31083_33608 2525 1 5142348 31083 33608
	Sequence	+edge_2_1_+disjointig_1_921467_923993 2526 1 5142348 921467 923993
	Sequence	+edge_2_2_-disjointig_1_3124323_3126848 2525 -1 5142348 3124323 3126848
	Sequence	+edge_2_3_-disjointig_1_1706576_1709101 2525 -1 5142348 1706576 1709101
	Sequence	+edge_2_4_-disjointig_1_1493572_1496097 2525 -1 5142348 1493572 1496097
	Sequence	+edge_2_5_+disjointig_1_5140095_5142342 2247 1 5142348 5140095 5142342
	Sequence	+edge_2_6_+disjointig_3_25600_28125 2525 3 186868 25600 28125
	Sequence	+edge_2_7_+disjointig_3_161337_163862 2525 3 186868 161337 163862
Edge	3	51	52	0	0	1	367	-1
	Sequence	-edge_2_0_+disjointig_1_31083_33608 2525 -1 5142348 5108739 5111264
	Sequence	-edge_2_1_+disjointig_1_921467_923993 2526 -1 5142348 4218354 4220880
	Sequence	-edge_2_2_-disjointig_1_3124323_3126848 2525 1 5142348 2015499 2018024
	Sequence	-edge_2_3_-disjointig_1_1706576_1709101 2525 1 5142348 3433246 3435771
	Sequence	-edge_2_4_-disjointig_1_1493572_1496097 2525 1 5142348 3646250 3648775
	Sequence	-edge_2_5_+disjointig_1_5140095_5142342 2247 -1 5142348 5 2252
	Sequence	-edge_2_6_+disjointig_3_25600_28125 2525 -3 186868 158742 161267
	Sequence	-edge_2_7_+disjointig_3_161337_163862 2525 -3 186868 23005 25530
Edge	4	5	64	0	0	0	70	-1
	Sequence	+edge_3_0_+disjointig_1_3435771_3486948 51177 1 5142348 3435771 3486948
Edge	5	70	77	0	0	0	70	-1
	Sequence	-edge_3_0_+disjointig_1_3435771_3486948 51177 -1 5142348 1655399 1706576
Edge	6	44	55	0	0	0	63	-1
	Sequence	+edge_4_0_+disjointig_1_3648775_3687732 38957 1 5142348 3648775 3687732
Edge	7	59	0	0	0	0	63	-1
	Sequence	-edge_4_0_+disjointig_1_3648775_3687732 38957 -1 5142348 1454615 1493572
Edge	8	13	56	0	0	0	57	-1
	Sequence	+edge_5_0_-disjointig_1_4220880_4981959 761079 -1 5142348 4220880 4981959
Edge	9	63	78	0	0	0	57	-1
	Sequence	-edge_5_0_-disjointig_1_4220880_4981959 761079 1 5142348 160388 921467
Edge	10	16	66	0	0	0	64	-1
	Sequence	+edge_6_0_+disjointig_1_2018024_2395736 377712 1 5142348 2018024 2395736
Edge	11	21	60	0	0	0	64	-1
	Sequence	-edge_6_0_+disjointig_1_2018024_2395736 377712 -1 5142348 2746611 3124323
Edge	16	43	62	0	0	0	55	-1
	Sequence	+edge_9_0_+disjointig_1_33608_157809 124201 1 5142348 33608 157809
Edge	17	65	12	0	0	0	55	-1
	Sequence	-edge_9_0_+disjointig_1_33608_157809 124201 -1 5142348 4984538 5108739
Edge	18	81	67	0	0	0	61	-1
	Sequence	+edge_10_0_+disjointig_1_923993_948710 24717 1 5142348 923993 948710
Edge	19	41	15	0	0	0	61	-1
	Sequence	-edge_10_0_+disjointig_1_923993_948710 24717 -1 5142348 4193637 4218354
Edge	20	33	34	0	0	0	71	-1
	Sequence	+edge_11_0_-disjointig_1_1496097_1652830 156733 -1 5142348 1496097 1652830
Edge	21	46	57	0	0	0	71	-1
	Sequence	-edge_11_0_-disjointig_1_1496097_1652830 156733 1 5142348 3489517 3646250
Edge	22	45	79	0	0	0	59	-1
	Sequence	+edge_12_0_-disjointig_1_3126848_3351092 224244 -1 5142348 3126848 3351092
Edge	23	75	32	0	0	0	59	-1
	Sequence	-edge_12_0_-disjointig_1_3126848_3351092 224244 1 5142348 1791255 2015499
Edge	24	6	36	0	0	0	63	-1
	Sequence	+edge_13_0_-disjointig_1_1709101_1936442 227341 -1 5142348 1709101 1936442
Edge	25	25	22	0	0	0	63	-1
	Sequence	-edge_13_0_-disjointig_1_1709101_1936442 227341 1 5142348 3205905 3433246
Edge	30	61	3	0	0	0	59	-1
	Sequence	+edge_16_0_+disjointig_1_3690301_4069429 379128 1 5142348 3690301 4069429
Edge	31	4	58	0	0	0	59	-1
	Sequence	-edge_16_0_+disjointig_1_3690301_4069429 379128 -1 5142348 1072918 1452046
Edge	32	37	28	0	0	0	51	-1
	Sequence	+edge_17_0_-disjointig_1_3353671_3363802 10131 -1 5142348 3353671 3363802
Edge	33	29	72	0	0	0	51	-1
	Sequence	-edge_17_0_-disjointig_1_3353671_3363802 10131 1 5142348 1778545 1788676
Edge	34	68	11	0	0	0	58	-1
	Sequence	+edge_18_0_+disjointig_1_951287_1574374 623087 1 5142348 951287 1574374
Edge	35	9	69	0	0	0	58	-1
	Sequence	-edge_18_0_+disjointig_1_951287_1574374 623087 -1 5142348 3567973 4191060
Edge	38	10	7	0	0	0	71	-1
	Sequence	+edge_20_0_+disjointig_1_2920195_3029357 109162 1 5142348 2920195 3029357
Edge	39	14	39	0	0	0	71	-1
	Sequence	-edge_20_0_+disjointig_1_2920195_3029357 109162 -1 5142348 2112990 2222152
Edge	40	73	18	0	0	0	58	-1
	Sequence	+edge_21_0_+disjointig_1_3034690_3160477 125787 1 5142348 3034690 3160477
Edge	41	19	8	0	0	0	58	-1
	Sequence	-edge_21_0_+disjointig_1_3034690_3160477 125787 -1 5142348 1981870 2107657
Edge	42	17	26	0	0	0	62	-1
	Sequence	+edge_22_0_+disjointig_1_3165728_3200576 34848 1 5142348 3165728 3200576
Edge	43	54	20	0	0	0	62	-1
	Sequence	-edge_22_0_+disjointig_1_3165728_3200576 34848 -1 5142348 1941771 1976619
Edge	46	47	76	0	0	0	70	-1
	Sequence	+edge_24_0_+disjointig_1_2400988_2914860 513872 1 5142348 2400988 2914860
Edge	47	1	23	0	0	0	70	-1
	Sequence	-edge_24_0_+disjointig_1_2400988_2914860 513872 -1 5142348 2227487 2741359
Edge	48	74	80	0	0	0	56	-1
	Sequence	+edge_25_0_+disjointig_1_1579717_1770387 190670 1 5142348 1579717 1770387
Edge	49	82	24	0	0	0	56	-1
	Sequence	-edge_25_0_+disjointig_1_1579717_1770387 190670 -1 5142348 3371960 3562630
Edge	52	27	48	0	0	0	47	-1
	Sequence	+edge_27_0_-disjointig_1_3365938_3369825 3887 -1 5142348 3365938 3369825
Edge	53	53	83	0	0	0	47	-1
	Sequence	-edge_27_0_-disjointig_1_3365938_3369825 3887 1 5142348 1772522 1776409
Edge	60	30	30	1	0	0	79	-1
	Sequence	+edge_31_0_+disjointig_5_0_1822 1822 4 5334 0 1822
	Sequence	+edge_31_1_+disjointig_5_1822_3508 1686 4 5334 1822 3508
	Sequence	+edge_31_2_+disjointig_5_3508_5330 1822 4 5334 3508 5330
Edge	61	49	49	1	0	0	79	-1
	Sequence	-edge_31_0_+disjointig_5_0_1822 1822 -4 5334 3511 5333
	Sequence	-edge_31_1_+disjointig_5_1822_3508 1686 -4 5334 1825 3511
	Sequence	-edge_31_2_+disjointig_5_3508_5330 1822 -4 5334 3 1825
Edge	64	2	71	0	0	0	56	-1
	Sequence	+edge_33_0_+disjointig_1_4074673_5140095 1065422 1 5142348 4074673 5140095
Edge	65	42	40	0	0	0	56	-1
	Sequence	-edge_33_0_+disjointig_1_4074673_5140095 1065422 -1 5142348 2252 1067674
Edge	66	52	51	0	0	0	37	-1
	Sequence	+edge_34_0_-disjointig_3_25530_158742 133212 -3 186868 25530 158742
Edge	67	50	38	0	0	0	37	-1
	Sequence	-edge_34_0_-disjointig_3_25530_158742 133212 3 186868 28125 161337
Edge	70	31	31	0	0	0	63	-1
	Sequence	+edge_36_0_+disjointig_2_16937_41033 24096 2 65132 16937 41033
	Sequence	+edge_36_1_+disjointig_2_41033_65130 24097 2 65132 41033 65130
Edge	71	35	35	0	0	0	63	-1
	Sequence	-edge_36_0_+disjointig_2_16937_41033 24096 -2 65132 24098 48194
	Sequence	-edge_36_1_+disjointig_2_41033_65130 24097 -2 65132 1 24098
Edge	72	58	59	0	0	0	61	-1
	Sequence	+edge_37_0_-423234fe-f5de-4f23-a8b0-8befbc0076f8_552_3150 2598 * 0 0 0
Edge	73	55	61	0	0	0	61	-1
	Sequence	-edge_37_0_-423234fe-f5de-4f23-a8b0-8befbc0076f8_552_3150 2598 * 0 0 0
Edge	74	62	63	0	0	0	56	-1
	Sequence	+edge_38_0_+74e70012-f2ff-4b91-9197-6f2f18b18ed7_5853_8440 2587 * 0 0 0
Edge	75	56	65	0	0	0	56	-1
	Sequence	-edge_38_0_+74e70012-f2ff-4b91-9197-6f2f18b18ed7_5853_8440 2587 * 0 0 0
Edge	76	67	68	0	0	0	59	-1
	Sequence	+edge_39_0_+e0452559-a9f4-48bf-b2a3-ac75d2a841bb_7994_10607 2613 * 0 0 0
Edge	77	69	41	0	0	0	59	-1
	Sequence	-edge_39_0_+e0452559-a9f4-48bf-b2a3-ac75d2a841bb_7994_10607 2613 * 0 0 0
Edge	78	64	46	0	0	0	70	-1
	Sequence	+edge_40_0_-ce43e779-8d74-4350-8796-aaaea2237742_1038_3622 2584 * 0 0 0
Edge	79	34	70	0	0	0	70	-1
	Sequence	-edge_40_0_-ce43e779-8d74-4350-8796-aaaea2237742_1038_3622 2584 * 0 0 0
Edge	80	72	75	0	0	0	55	-1
	Sequence	+edge_41_0_+ebde90f4-55cf-40a2-9159-21ccab7d6c8e_2516_5107 2591 * 0 0 0
Edge	81	79	37	0	0	0	55	-1
	Sequence	-edge_41_0_+ebde90f4-55cf-40a2-9159-21ccab7d6c8e_2516_5107 2591 * 0 0 0
Edge	82	80	53	0	0	0	51	-1
	Sequence	+edge_42_0_+367a3ff4-1a81-453e-b238-ac3db743e86e_2744_4896 2152 * 0 0 0
Edge	83	48	82	0	0	0	51	-1
	Sequence	-edge_42_0_+367a3ff4-1a81-453e-b238-ac3db743e86e_2744_4896 2152 * 0 0 0
Edge	84	83	29	0	0	0	49	-1
	Sequence	+edge_43_0_-975ed7e9-e3f0-468e-91c7-8de10761e587_707_2849 2142 * 0 0 0
Edge	85	28	27	0	0	0	49	-1
	Sequence	-edge_43_0_-975ed7e9-e3f0-468e-91c7-8de10761e587_707_2849 2142 * 0 0 0
Edge	86	36	54	0	0	0	62	-1
	Sequence	+edge_44_0_+814c54a9-56af-4512-b14a-1f6c2ca1dc2b_1040_6367 5327 * 0 0 0
Edge	87	26	25	0	0	0	62	-1
	Sequence	-edge_44_0_+814c54a9-56af-4512-b14a-1f6c2ca1dc2b_1040_6367 5327 * 0 0 0
Edge	88	66	47	0	0	0	67	-1
	Sequence	+edge_45_0_-8b46b41f-00cc-4222-9226-16187a3cffe0_1904_7155 5251 * 0 0 0
Edge	89	23	21	0	0	0	67	-1
	Sequence	-edge_45_0_-8b46b41f-00cc-4222-9226-16187a3cffe0_1904_7155 5251 * 0 0 0
Edge	90	20	19	0	0	0	60	-1
	Sequence	+edge_46_0_+93bf8cbc-c3d7-462a-83a2-3decc16c2b5d_3924_9175 5251 * 0 0 0
Edge	91	18	17	0	0	0	60	-1
	Sequence	-edge_46_0_+93bf8cbc-c3d7-462a-83a2-3decc16c2b5d_3924_9175 5251 * 0 0 0
Edge	92	60	45	0	0	0	61	-1
	Sequence	+edge_47_0_-3a8f5b19-df50-4f54-b94a-bdd5365afca4_5815_8338 2523 * 0 0 0
Edge	93	32	16	0	0	0	61	-1
	Sequence	-edge_47_0_-3a8f5b19-df50-4f54-b94a-bdd5365afca4_5815_8338 2523 * 0 0 0
Edge	94	78	81	0	0	0	59	-1
	Sequence	+edge_48_0_+5e080743-a821-4ba8-8293-aeffd2413a72_8792_11315 2523 * 0 0 0
Edge	95	15	13	0	0	0	59	-1
	Sequence	-edge_48_0_+5e080743-a821-4ba8-8293-aeffd2413a72_8792_11315 2523 * 0 0 0
Edge	96	71	43	0	0	0	55	-1
	Sequence	+edge_49_0_+89093c61-9dbb-47d4-bff0-b9f8aeb11cf7_3309_5832 2523 * 0 0 0
Edge	97	12	42	0	0	0	55	-1
	Sequence	-edge_49_0_+89093c61-9dbb-47d4-bff0-b9f8aeb11cf7_3309_5832 2523 * 0 0 0
Edge	98	11	74	0	0	0	57	-1
	Sequence	+edge_50_0_-03b06a14-60f5-4c5f-82ba-a3f62409c4d3_5572_10914 5342 * 0 0 0
Edge	99	24	9	0	0	0	57	-1
	Sequence	-edge_50_0_-03b06a14-60f5-4c5f-82ba-a3f62409c4d3_5572_10914 5342 * 0 0 0
Edge	100	8	14	0	0	0	64	-1
	Sequence	+edge_51_0_+9d84b1a9-f3c8-45ec-907d-64feff388e13_787_6118 5331 * 0 0 0
Edge	101	7	73	0	0	0	64	-1
	Sequence	-edge_51_0_+9d84b1a9-f3c8-45ec-907d-64feff388e13_787_6118 5331 * 0 0 0
Edge	102	77	6	0	0	0	66	-1
	Sequence	+edge_52_0_+e43833d6-e04d-42c5-ad36-6e71402154b0_7587_10109 2522 * 0 0 0
Edge	103	22	5	0	0	0	66	-1
	Sequence	-edge_52_0_+e43833d6-e04d-42c5-ad36-6e71402154b0_7587_10109 2522 * 0 0 0
Edge	104	40	4	0	0	0	57	-1
	Sequence	+edge_53_0_-d78aba93-ac88-4d20-acd5-bbaf64b852b4_23131_28373 5242 * 0 0 0
Edge	105	3	2	0	0	0	57	-1
	Sequence	-edge_53_0_-d78aba93-ac88-4d20-acd5-bbaf64b852b4_23131_28373 5242 * 0 0 0
Edge	106	76	10	0	0	0	70	-1
	Sequence	+edge_54_0_-c00c8d45-f716-4516-a5b7-1b747bb6596b_13287_18619 5332 * 0 0 0
Edge	107	39	1	0	0	0	70	-1
	Sequence	-edge_54_0_-c00c8d45-f716-4516-a5b7-1b747bb6596b_13287_18619 5332 * 0 0 0
Edge	108	0	33	0	0	0	67	-1
	Sequence	+edge_55_0_-2c22c0fe-75cb-4ae2-b64f-f4cd380c9497_2666_5189 2523 * 0 0 0
Edge	109	57	44	0	0	0	67	-1
	Sequence	-edge_55_0_-2c22c0fe-75cb-4ae2-b64f-f4cd380c9497_2666_5189 2523 * 0 0 0
