Edge	4	34	17	0	0	0	79	-1
	Sequence	+edge_3_0_+disjointig_1_2547964_3254079 706115 1 3903172 2547964 3254079
Edge	5	33	30	0	0	0	79	-1
	Sequence	-edge_3_0_+disjointig_1_2547964_3254079 706115 -1 3903172 649092 1355207
Edge	6	2	32	0	0	0	86	-1
	Sequence	+edge_4_0_-disjointig_4_33923_684023 650100 -8 883070 33923 684023
Edge	7	42	1	0	0	0	86	-1
	Sequence	-edge_4_0_-disjointig_4_33923_684023 650100 8 883070 199046 849146
Edge	8	23	26	0	0	0	105	-1
	Sequence	+edge_5_0_-disjointig_4_689249_724318 35069 -8 883070 689249 724318
Edge	9	8	41	0	0	0	105	-1
	Sequence	-edge_5_0_-disjointig_4_689249_724318 35069 8 883070 158751 193820
Edge	10	9	22	0	0	0	87	-1
	Sequence	+edge_6_0_-disjointig_4_729660_853067 123407 -8 883070 729660 853067
Edge	11	40	20	0	0	0	87	-1
	Sequence	-edge_6_0_-disjointig_4_729660_853067 123407 8 883070 30002 153409
Edge	12	25	4	0	0	0	93	-1
	Sequence	+edge_7_0_+disjointig_1_3259325_3453154 193829 1 3903172 3259325 3453154
Edge	13	5	31	0	0	0	93	-1
	Sequence	-edge_7_0_+disjointig_1_3259325_3453154 193829 -1 3903172 450017 643846
Edge	22	35	39	0	0	0	76	-1
	Sequence	+edge_12_0_-disjointig_1_1360446_3391328 2030882 -1 3903172 1360446 3391328
Edge	23	38	14	0	0	0	76	-1
	Sequence	-edge_12_0_-disjointig_1_1360446_3391328 2030882 1 3903172 511843 2542725
Edge	30	12	7	0	0	0	90	-1
	Sequence	+edge_16_0_-disjointig_1_306795_447709 140914 -1 3903172 306795 447709
Edge	31	3	6	0	0	0	90	-1
	Sequence	-edge_16_0_-disjointig_1_306795_447709 140914 1 3903172 3455462 3596376
Edge	46	27	27	1	0	0	177	-1
	Sequence	+edge_24_0_+disjointig_7_19822_23319 3497 10 144374 19822 23319
	Sequence	+edge_24_1_+disjointig_7_23319_26812 3493 10 144374 23319 26812
	Sequence	+edge_24_2_+disjointig_7_26812_30309 3497 10 144374 26812 30309
	Sequence	+edge_24_3_+disjointig_7_124775_128270 3495 10 144374 124775 128270
	Sequence	+edge_24_4_+disjointig_7_128270_131765 3495 10 144374 128270 131765
	Sequence	+edge_24_5_+disjointig_7_131765_135262 3497 10 144374 131765 135262
Edge	47	13	13	1	0	0	177	-1
	Sequence	-edge_24_0_+disjointig_7_19822_23319 3497 -10 144374 121054 124551
	Sequence	-edge_24_1_+disjointig_7_23319_26812 3493 -10 144374 117561 121054
	Sequence	-edge_24_2_+disjointig_7_26812_30309 3497 -10 144374 114064 117561
	Sequence	-edge_24_3_+disjointig_7_124775_128270 3495 -10 144374 16103 19598
	Sequence	-edge_24_4_+disjointig_7_128270_131765 3495 -10 144374 12608 16103
	Sequence	-edge_24_5_+disjointig_7_131765_135262 3497 -10 144374 9111 12608
Edge	56	16	18	0	0	0	90	-1
	Sequence	+edge_29_0_+disjointig_1_3600203_3776490 176287 1 3903172 3600203 3776490
Edge	57	10	19	0	0	0	90	-1
	Sequence	-edge_29_0_+disjointig_1_3600203_3776490 176287 -1 3903172 126681 302968
Edge	60	36	15	0	0	0	128	-1
	Sequence	+edge_31_0_-disjointig_1_30906_121239 90333 -1 3903172 30906 121239
Edge	61	24	37	0	0	0	128	-1
	Sequence	-edge_31_0_-disjointig_1_30906_121239 90333 1 3903172 3781932 3872265
Edge	62	0	43	0	0	0	79	-1
	Sequence	+edge_32_0_+disjointig_1_18960_508017 489057 1 3903172 18960 508017
Edge	63	11	21	0	0	0	79	-1
	Sequence	-edge_32_0_+disjointig_1_18960_508017 489057 -1 3903172 3395154 3884211
Edge	68	27	27	0	0	0	58	-1
	Sequence	+edge_35_0_+disjointig_7_30309_124775 94466 10 144374 30309 124775
Edge	69	13	13	0	0	0	58	-1
	Sequence	-edge_35_0_+disjointig_7_30309_124775 94466 -10 144374 19598 114064
Edge	70	28	28	1	0	0	1699	-1
	Sequence	+edge_36_0_+disjointig_8_3532_7128 3596 11 10734 3532 7128
	Sequence	+edge_36_1_+disjointig_8_7128_10724 3596 11 10734 7128 10724
Edge	71	29	29	1	0	0	1699	-1
	Sequence	-edge_36_0_+disjointig_8_3532_7128 3596 -11 10734 3605 7201
	Sequence	-edge_36_1_+disjointig_8_7128_10724 3596 -11 10734 9 3605
Edge	72	17	25	0	0	0	86	-1
	Sequence	+edge_37_0_-6ddfbbdc-20f1-4817-9b92-1c69815539c7_1014_6255 5241 * 0 0 0
Edge	73	31	33	0	0	0	86	-1
	Sequence	-edge_37_0_-6ddfbbdc-20f1-4817-9b92-1c69815539c7_1014_6255 5241 * 0 0 0
Edge	74	14	34	0	0	0	77	-1
	Sequence	+edge_38_0_+13a89bd8-0b1b-46a1-a09a-cc63b8405010_13187_18425 5238 * 0 0 0
Edge	75	30	35	0	0	0	77	-1
	Sequence	-edge_38_0_+13a89bd8-0b1b-46a1-a09a-cc63b8405010_13187_18425 5238 * 0 0 0
Edge	76	22	36	0	0	0	107	-1
	Sequence	+edge_39_0_-17ea643e-3815-41a5-98d3-43d5976ceed9_7232_12552 5320 * 0 0 0
Edge	77	37	40	0	0	0	107	-1
	Sequence	-edge_39_0_-17ea643e-3815-41a5-98d3-43d5976ceed9_7232_12552 5320 * 0 0 0
Edge	78	41	42	0	0	0	95	-1
	Sequence	+edge_40_0_-30fe2bd4-4cbd-4afb-988c-1d19f8951e24_533_5757 5224 * 0 0 0
Edge	79	32	23	0	0	0	95	-1
	Sequence	-edge_40_0_-30fe2bd4-4cbd-4afb-988c-1d19f8951e24_533_5757 5224 * 0 0 0
Edge	80	43	38	0	0	0	77	-1
	Sequence	+edge_41_0_+d6de90f4-525a-4e3d-bf99-af38a21bc0e9_4236_8061 3825 * 0 0 0
Edge	81	39	11	0	0	0	77	-1
	Sequence	-edge_41_0_+d6de90f4-525a-4e3d-bf99-af38a21bc0e9_4236_8061 3825 * 0 0 0
Edge	82	18	24	0	0	0	109	-1
	Sequence	+edge_42_0_-fda514bd-f748-41e0-88e4-eaa53a63ef50_9046_14486 5440 * 0 0 0
Edge	83	15	10	0	0	0	109	-1
	Sequence	-edge_42_0_-fda514bd-f748-41e0-88e4-eaa53a63ef50_9046_14486 5440 * 0 0 0
Edge	84	26	9	0	0	0	96	-1
	Sequence	+edge_43_0_-4c8c0e90-70cc-4462-895c-408ce4ed9fa1_3387_8724 5337 * 0 0 0
Edge	85	20	8	0	0	0	96	-1
	Sequence	-edge_43_0_-4c8c0e90-70cc-4462-895c-408ce4ed9fa1_3387_8724 5337 * 0 0 0
Edge	86	7	5	0	0	0	91	-1
	Sequence	+edge_44_0_-cfd913b2-3a86-453d-be23-17a9c73d42f2_1285_3594 2309 * 0 0 0
Edge	87	4	3	0	0	0	91	-1
	Sequence	-edge_44_0_-cfd913b2-3a86-453d-be23-17a9c73d42f2_1285_3594 2309 * 0 0 0
Edge	88	21	2	0	0	0	82	-1
	Sequence	+edge_45_0_+eac3149e-8c55-4456-93dc-0d23d867b8e0_1006_6349 5343 * 0 0 0
Edge	89	1	0	0	0	0	82	-1
	Sequence	-edge_45_0_+eac3149e-8c55-4456-93dc-0d23d867b8e0_1006_6349 5343 * 0 0 0
Edge	90	6	16	0	0	0	90	-1
	Sequence	+edge_46_0_-cb7736f1-fb03-424a-8e7e-3966f0cd6168_6589_10415 3826 * 0 0 0
Edge	91	19	12	0	0	0	90	-1
	Sequence	-edge_46_0_-cb7736f1-fb03-424a-8e7e-3966f0cd6168_6589_10415 3826 * 0 0 0
