Edge	8	60	79	0	0	0	38	-1
	Sequence	+edge_5_0_-disjointig_1_4465377_4647501 182124 -1 5123357 4465377 4647501
Edge	9	77	54	0	0	0	38	-1
	Sequence	-edge_5_0_-disjointig_1_4465377_4647501 182124 1 5123357 475855 657979
Edge	10	48	24	0	0	0	39	-1
	Sequence	+edge_6_0_-disjointig_1_4651201_4734523 83322 -1 5123357 4651201 4734523
Edge	11	25	76	0	0	0	39	-1
	Sequence	-edge_6_0_-disjointig_1_4651201_4734523 83322 1 5123357 388833 472155
Edge	12	51	22	0	0	0	33	-1
	Sequence	+edge_7_0_-disjointig_1_1361044_1460791 99747 -1 5123357 1361044 1460791
Edge	13	19	45	0	0	0	33	-1
	Sequence	-edge_7_0_-disjointig_1_1361044_1460791 99747 1 5123357 3662565 3762312
Edge	14	37	56	0	0	0	39	-1
	Sequence	+edge_8_0_+disjointig_1_61266_153581 92315 1 5123357 61266 153581
Edge	15	9	36	0	0	0	39	-1
	Sequence	-edge_8_0_+disjointig_1_61266_153581 92315 -1 5123357 4969775 5062090
Edge	16	80	28	0	0	0	34	-1
	Sequence	+edge_9_0_+disjointig_1_3766012_4331241 565229 1 5123357 3766012 4331241
Edge	17	16	81	0	0	0	34	-1
	Sequence	-edge_9_0_+disjointig_1_3766012_4331241 565229 -1 5123357 792115 1357344
Edge	18	57	75	0	0	0	37	-1
	Sequence	+edge_10_0_+disjointig_1_661679_837716 176037 1 5123357 661679 837716
Edge	19	11	40	0	0	0	37	-1
	Sequence	-edge_10_0_+disjointig_1_661679_837716 176037 -1 5123357 4285640 4461677
Edge	22	65	63	0	0	0	37	-1
	Sequence	+edge_12_0_-disjointig_1_93138_786704 693566 -1 5123357 93138 786704
Edge	23	72	33	0	0	0	37	-1
	Sequence	-edge_12_0_-disjointig_1_93138_786704 693566 1 5123357 4336652 5030218
Edge	24	67	10	0	0	0	33	-1
	Sequence	+edge_13_0_-disjointig_1_4872550_4964540 91990 -1 5123357 4872550 4964540
Edge	25	61	12	0	0	0	33	-1
	Sequence	-edge_13_0_-disjointig_1_4872550_4964540 91990 1 5123357 158816 250806
Edge	26	43	15	0	0	0	28	-1
	Sequence	+edge_14_0_-disjointig_1_51900_87818 35918 -1 5123357 51900 87818
Edge	27	78	62	0	0	0	28	-1
	Sequence	-edge_14_0_-disjointig_1_51900_87818 35918 1 5123357 5035538 5071456
Edge	28	14	32	0	0	0	35	-1
	Sequence	+edge_15_0_+disjointig_1_842954_1539228 696274 1 5123357 842954 1539228
Edge	29	29	13	0	0	0	35	-1
	Sequence	-edge_15_0_+disjointig_1_842954_1539228 696274 -1 5123357 3584128 4280402
Edge	30	27	18	0	0	0	35	-1
	Sequence	+edge_16_0_+disjointig_1_1580752_2333164 752412 1 5123357 1580752 2333164
Edge	31	68	55	0	0	0	35	-1
	Sequence	-edge_16_0_+disjointig_1_1580752_2333164 752412 -1 5123357 2790192 3542604
Edge	36	41	26	0	0	0	38	-1
	Sequence	+edge_19_0_+disjointig_1_256147_382837 126690 1 5123357 256147 382837
Edge	37	23	58	0	0	0	38	-1
	Sequence	-edge_19_0_+disjointig_1_256147_382837 126690 -1 5123357 4740519 4867209
Edge	38	31	30	0	0	0	33	-1
	Sequence	+edge_20_0_-disjointig_1_3547938_3578123 30185 -1 5123357 3547938 3578123
Edge	39	69	7	0	0	0	33	-1
	Sequence	-edge_20_0_-disjointig_1_3547938_3578123 30185 1 5123357 1545233 1575418
Edge	46	17	20	0	0	0	36	-1
	Sequence	+edge_24_0_+disjointig_1_2348146_3650297 1302151 1 5123357 2348146 3650297
Edge	47	21	38	0	0	0	36	-1
	Sequence	-edge_24_0_+disjointig_1_2348146_3650297 1302151 -1 5123357 1473059 2775210
Edge	54	64	47	1	0	0	7	2
	Sequence	+edge_28_0_+disjointig_3_16573_18078 1505 3 95797 16573 18078
Edge	55	53	66	1	0	0	7	3
	Sequence	-edge_28_0_+disjointig_3_16573_18078 1505 -3 95797 77718 79223
Edge	56	64	47	1	0	0	8	2
	Sequence	+edge_29_0_+disjointig_3_75018_76605 1587 3 95797 75018 76605
Edge	57	53	66	1	0	0	8	3
	Sequence	-edge_29_0_+disjointig_3_75018_76605 1587 -3 95797 19191 20778
Edge	68	70	73	1	0	0	86	4
	Sequence	+edge_35_0_+disjointig_4_88787_89605 818 4 203562 88787 89605
	Sequence	+edge_35_1_+disjointig_4_94775_95593 818 4 203562 94775 95593
	Sequence	+edge_35_2_+disjointig_4_100763_101581 818 4 203562 100763 101581
Edge	69	74	71	1	0	0	86	5
	Sequence	-edge_35_0_+disjointig_4_88787_89605 818 -4 203562 113956 114774
	Sequence	-edge_35_1_+disjointig_4_94775_95593 818 -4 203562 107968 108786
	Sequence	-edge_35_2_+disjointig_4_100763_101581 818 -4 203562 101980 102798
Edge	70	71	74	1	0	0	60	5
	Sequence	+edge_36_0_-disjointig_4_108786_113956 5170 -4 203562 108786 113956
	Sequence	+edge_36_1_-disjointig_4_102798_107968 5170 -4 203562 102798 107968
Edge	71	73	70	1	0	0	60	4
	Sequence	-edge_36_0_-disjointig_4_108786_113956 5170 4 203562 89605 94775
	Sequence	-edge_36_1_-disjointig_4_102798_107968 5170 4 203562 95593 100763
Edge	72	46	39	0	0	0	34	-1
	Sequence	+edge_37_0_+disjointig_1_5076791_5123337 46546 1 5123357 5076791 5123337
Edge	73	49	8	0	0	0	34	-1
	Sequence	-edge_37_0_+disjointig_1_5076791_5123337 46546 -1 5123357 19 46565
Edge	74	39	52	0	0	0	23	-1
	Sequence	+edge_38_0_+disjointig_1_44551_57566 13015 1 5123357 44551 57566
Edge	75	34	49	0	0	0	23	-1
	Sequence	-edge_38_0_+disjointig_1_44551_57566 13015 -1 5123357 5065790 5078805
Edge	78	42	42	0	0	0	12	-1
	Sequence	+edge_40_0_+disjointig_2_31596_129947 98351 2 129950 31596 129947
Edge	79	59	59	0	0	0	12	-1
	Sequence	-edge_40_0_+disjointig_2_31596_129947 98351 -2 129950 2 98353
Edge	80	5	6	0	0	0	18	-1
	Sequence	+edge_41_0_+disjointig_3_18078_75018 56940 3 95797 18078 75018
Edge	81	4	35	0	0	0	18	-1
	Sequence	-edge_41_0_+disjointig_3_18078_75018 56940 -3 95797 20778 77718
Edge	82	0	44	0	0	0	27	-1
	Sequence	+edge_42_0_+disjointig_4_101581_203557 101976 4 203562 101581 203557
Edge	83	50	3	0	0	0	27	-1
	Sequence	-edge_42_0_+disjointig_4_101581_203557 101976 -4 203562 4 101980
Edge	84	44	1	0	0	0	26	-1
	Sequence	+edge_43_0_+disjointig_4_54927_88787 33860 4 203562 54927 88787
Edge	85	2	50	0	0	0	26	-1
	Sequence	-edge_43_0_+disjointig_4_54927_88787 33860 -4 203562 114774 148634
Edge	86	54	57	0	0	0	37	-1
	Sequence	+edge_44_0_+0a6a6187-b3a2-4a8b-a76f-42e979910ca7_8525_12216 3691 * 0 0 0
Edge	87	40	60	0	0	0	37	-1
	Sequence	-edge_44_0_+0a6a6187-b3a2-4a8b-a76f-42e979910ca7_8525_12216 3691 * 0 0 0
Edge	88	76	77	0	0	0	38	-1
	Sequence	+edge_45_0_-149aa235-3d5f-4c0e-9977-ee4774b65a8c_9073_12781 3708 * 0 0 0
Edge	89	79	48	0	0	0	38	-1
	Sequence	-edge_45_0_-149aa235-3d5f-4c0e-9977-ee4774b65a8c_9073_12781 3708 * 0 0 0
Edge	90	45	80	0	0	0	33	-1
	Sequence	+edge_46_0_+bbbbf0e0-908c-4c13-b4ed-f4eaa872352b_811_4514 3703 * 0 0 0
Edge	91	81	51	0	0	0	33	-1
	Sequence	-edge_46_0_+bbbbf0e0-908c-4c13-b4ed-f4eaa872352b_811_4514 3703 * 0 0 0
Edge	92	52	37	0	0	0	31	-1
	Sequence	+edge_47_0_+57e6eaf4-275d-4849-a95c-b2bf88e113d6_4257_7973 3716 * 0 0 0
Edge	93	36	34	0	0	0	31	-1
	Sequence	-edge_47_0_+57e6eaf4-275d-4849-a95c-b2bf88e113d6_4257_7973 3716 * 0 0 0
Edge	94	32	69	0	0	0	34	-1
	Sequence	+edge_48_0_-33b617d9-b5b1-4be7-b620-7151f4c64c95_2898_8915 6017 * 0 0 0
Edge	95	30	29	0	0	0	34	-1
	Sequence	-edge_48_0_-33b617d9-b5b1-4be7-b620-7151f4c64c95_2898_8915 6017 * 0 0 0
Edge	96	26	25	0	0	0	38	-1
	Sequence	+edge_49_0_-613ad0e0-b411-4be9-9aa0-88fa40a0e11e_10334_16353 6019 * 0 0 0
Edge	97	24	23	0	0	0	38	-1
	Sequence	-edge_49_0_-613ad0e0-b411-4be9-9aa0-88fa40a0e11e_10334_16353 6019 * 0 0 0
Edge	98	22	21	0	0	0	34	-1
	Sequence	+edge_50_0_+458e9929-787a-485a-a6d5-a48335858854_4241_16512 12271 * 0 0 0
Edge	99	20	19	0	0	0	34	-1
	Sequence	-edge_50_0_+458e9929-787a-485a-a6d5-a48335858854_4241_16512 12271 * 0 0 0
Edge	100	18	17	0	0	0	35	-1
	Sequence	+edge_51_0_+68aab54e-184e-4e30-90ac-caff8d861dd4_675_15857 15182 * 0 0 0
Edge	101	38	68	0	0	0	35	-1
	Sequence	-edge_51_0_+68aab54e-184e-4e30-90ac-caff8d861dd4_675_15857 15182 * 0 0 0
Edge	102	33	78	0	0	0	32	-1
	Sequence	+edge_52_0_+bb97365d-c534-46b7-a1ee-6565a48dd55d_4748_10067 5319 * 0 0 0
Edge	103	15	65	0	0	0	32	-1
	Sequence	-edge_52_0_+bb97365d-c534-46b7-a1ee-6565a48dd55d_4748_10067 5319 * 0 0 0
Edge	104	75	14	0	0	0	36	-1
	Sequence	+edge_53_0_-f2a14ed8-eb90-4dd4-838f-f9074e35d526_2172_7408 5236 * 0 0 0
Edge	105	13	11	0	0	0	36	-1
	Sequence	-edge_53_0_-f2a14ed8-eb90-4dd4-838f-f9074e35d526_2172_7408 5236 * 0 0 0
Edge	106	56	61	0	0	0	36	-1
	Sequence	+edge_54_0_+4b810851-4d60-4226-9c5e-6a2eb6538a2e_1898_7133 5235 * 0 0 0
Edge	107	10	9	0	0	0	36	-1
	Sequence	-edge_54_0_+4b810851-4d60-4226-9c5e-6a2eb6538a2e_1898_7133 5235 * 0 0 0
Edge	108	63	16	0	0	0	35	-1
	Sequence	+edge_55_0_-f4c03d88-3386-4a3b-a1d0-f2cc0bd9df9a_11108_16509 5401 * 0 0 0
Edge	109	28	72	0	0	0	35	-1
	Sequence	-edge_55_0_-f4c03d88-3386-4a3b-a1d0-f2cc0bd9df9a_11108_16509 5401 * 0 0 0
Edge	110	62	46	0	0	0	31	-1
	Sequence	+edge_56_0_-ab78470a-bad2-48fb-8d4b-f4fbe5383a85_24005_29338 5333 * 0 0 0
Edge	111	8	43	0	0	0	31	-1
	Sequence	-edge_56_0_-ab78470a-bad2-48fb-8d4b-f4fbe5383a85_24005_29338 5333 * 0 0 0
Edge	112	58	67	0	0	0	35	-1
	Sequence	+edge_57_0_-12ffd3ad-7d28-4962-b331-3c742e313d7c_8987_14328 5341 * 0 0 0
Edge	113	12	41	0	0	0	35	-1
	Sequence	-edge_57_0_-12ffd3ad-7d28-4962-b331-3c742e313d7c_8987_14328 5341 * 0 0 0
Edge	114	7	27	0	0	0	34	-1
	Sequence	+edge_58_0_+27348f9f-1031-4eec-bf49-9807dcc5ca39_11054_16386 5332 * 0 0 0
Edge	115	55	31	0	0	0	34	-1
	Sequence	-edge_58_0_+27348f9f-1031-4eec-bf49-9807dcc5ca39_11054_16386 5332 * 0 0 0
Edge	116	6	5	0	0	0	18	-1
	Sequence	+edge_59_haplotype 1505 * 0 0 0
Edge	117	35	4	0	0	0	18	-1
	Sequence	-edge_59_haplotype 1505 * 0 0 0
Edge	118	3	2	0	0	0	26	-1
	Sequence	+edge_60_haplotype 12748 * 0 0 0
Edge	119	1	0	0	0	0	26	-1
	Sequence	-edge_60_haplotype 12748 * 0 0 0
