Edge	6	9	2	0	0	0	14	-1
	Sequence	+edge_4_0_+disjointig_1_64418_334101 269683 1 4040007 64418 334101
Edge	7	3	27	0	0	0	14	-1
	Sequence	-edge_4_0_+disjointig_1_64418_334101 269683 -1 4040007 3705905 3975588
Edge	10	14	14	1	0	1	35	-1
	Sequence	+edge_6_0_+disjointig_1_334101_335159 1058 1 4040007 334101 335159
	Sequence	+edge_6_1_-disjointig_1_2509039_2509660 621 -1 4040007 2509039 2509660
Edge	11	13	13	1	0	1	35	-1
	Sequence	-edge_6_0_+disjointig_1_334101_335159 1058 -1 4040007 3704847 3705905
	Sequence	-edge_6_1_-disjointig_1_2509039_2509660 621 1 4040007 1530346 1530967
Edge	12	11	45	0	0	0	16	-1
	Sequence	+edge_7_0_-disjointig_1_1960545_2428341 467796 -1 4040007 1960545 2428341
Edge	13	48	23	0	0	0	16	-1
	Sequence	-edge_7_0_-disjointig_1_1960545_2428341 467796 1 4040007 1611665 2079461
Edge	14	14	14	1	0	1	29	-1
	Sequence	+edge_8_0_-disjointig_1_2508417_2509039 622 -1 4040007 2508417 2509039
	Sequence	+edge_8_1_-disjointig_1_2438157_2439084 927 -1 4040007 2438157 2439084
Edge	15	13	13	1	0	1	29	-1
	Sequence	-edge_8_0_-disjointig_1_2508417_2509039 622 1 4040007 1530967 1531589
	Sequence	-edge_8_1_-disjointig_1_2438157_2439084 927 1 4040007 1600922 1601849
Edge	16	46	17	0	0	0	17	-1
	Sequence	+edge_9_0_-disjointig_1_2443916_2503522 59606 -1 4040007 2443916 2503522
Edge	17	32	47	0	0	0	17	-1
	Sequence	-edge_9_0_-disjointig_1_2443916_2503522 59606 1 4040007 1536484 1596090
Edge	18	43	44	0	0	0	16	-1
	Sequence	+edge_10_0_-disjointig_1_2514418_2569594 55176 -1 4040007 2514418 2569594
Edge	19	8	12	0	0	0	16	-1
	Sequence	-edge_10_0_-disjointig_1_2514418_2569594 55176 1 4040007 1470412 1525588
Edge	20	22	5	0	0	0	21	-1
	Sequence	+edge_11_0_-disjointig_1_2574816_2590202 15386 -1 4040007 2574816 2590202
Edge	21	6	30	0	0	0	21	-1
	Sequence	-edge_11_0_-disjointig_1_2574816_2590202 15386 1 4040007 1449804 1465190
Edge	24	1	7	0	0	0	15	-1
	Sequence	+edge_13_0_+disjointig_1_340064_931009 590945 1 4040007 340064 931009
Edge	25	37	4	0	0	0	15	-1
	Sequence	-edge_13_0_+disjointig_1_340064_931009 590945 -1 4040007 3108997 3699942
Edge	26	14	39	0	0	0	16	-1
	Sequence	+edge_14_0_-disjointig_1_1674771_1852728 177957 -1 4040007 1674771 1852728
Edge	27	26	13	0	0	0	16	-1
	Sequence	-edge_14_0_-disjointig_1_1674771_1852728 177957 1 4040007 2187278 2365235
Edge	28	28	16	0	0	0	16	-1
	Sequence	+edge_15_0_-disjointig_1_2595351_2808116 212765 -1 4040007 2595351 2808116
Edge	29	42	49	0	0	0	16	-1
	Sequence	-edge_15_0_-disjointig_1_2595351_2808116 212765 1 4040007 1231890 1444655
Edge	32	0	38	0	0	0	13	-1
	Sequence	+edge_17_0_+disjointig_1_2084427_2184142 99715 1 4040007 2084427 2184142
Edge	33	19	34	0	0	0	13	-1
	Sequence	-edge_17_0_+disjointig_1_2084427_2184142 99715 -1 4040007 1855864 1955579
Edge	34	13	21	0	0	0	15	-1
	Sequence	+edge_18_0_+disjointig_1_2370291_3302136 931845 1 4040007 2370291 3302136
Edge	35	36	14	0	0	0	15	-1
	Sequence	-edge_18_0_+disjointig_1_2370291_3302136 931845 -1 4040007 737870 1669715
Edge	38	15	18	0	0	0	16	-1
	Sequence	+edge_20_0_+disjointig_1_934130_1221951 287821 1 4040007 934130 1221951
Edge	39	29	33	0	0	0	16	-1
	Sequence	-edge_20_0_+disjointig_1_934130_1221951 287821 -1 4040007 2818055 3105876
Edge	46	24	24	0	0	0	14	-1
	Sequence	+edge_24_0_+disjointig_2_24128_153699 129571 2 176690 24128 153699
Edge	47	31	31	0	0	0	14	-1
	Sequence	-edge_24_0_+disjointig_2_24128_153699 129571 -2 176690 22990 152561
Edge	54	20	9	0	0	0	24	-1
	Sequence	+edge_28_0_+disjointig_1_27757_64418 36661 1 4040007 27757 64418
Edge	55	27	25	0	0	0	24	-1
	Sequence	-edge_28_0_+disjointig_1_27757_64418 36661 -1 4040007 3975588 4012249
Edge	56	25	31	0	0	0	13	-1
	Sequence	+edge_29_0_-disjointig_1_29035_640332 611297 -1 4040007 29035 640332
Edge	57	24	20	0	0	0	13	-1
	Sequence	-edge_29_0_-disjointig_1_29035_640332 611297 1 4040007 3399674 4010971
Edge	58	14	14	1	0	1	173	-1
	Sequence	+edge_30_0_+disjointig_1_335159_340064 4905 1 4040007 335159 340064
	Sequence	+edge_30_1_-disjointig_1_2590202_2595351 5149 -1 4040007 2590202 2595351
	Sequence	+edge_30_2_-disjointig_1_2569594_2574816 5222 -1 4040007 2569594 2574816
	Sequence	+edge_30_3_-disjointig_1_2509660_2514418 4758 -1 4040007 2509660 2514418
	Sequence	+edge_30_4_-disjointig_1_2503522_2508417 4895 -1 4040007 2503522 2508417
	Sequence	+edge_30_5_-disjointig_1_2439084_2443916 4832 -1 4040007 2439084 2443916
	Sequence	+edge_30_6_-disjointig_1_2433343_2438157 4814 -1 4040007 2433343 2438157
	Sequence	+edge_30_7_-disjointig_1_2428341_2433343 5002 -1 4040007 2428341 2433343
	Sequence	+edge_30_8_-disjointig_1_1955579_1960545 4966 -1 4040007 1955579 1960545
	Sequence	+edge_30_9_-disjointig_1_1669715_1674771 5056 -1 4040007 1669715 1674771
Edge	59	13	13	1	0	1	173	-1
	Sequence	-edge_30_0_+disjointig_1_335159_340064 4905 -1 4040007 3699942 3704847
	Sequence	-edge_30_1_-disjointig_1_2590202_2595351 5149 1 4040007 1444655 1449804
	Sequence	-edge_30_2_-disjointig_1_2569594_2574816 5222 1 4040007 1465190 1470412
	Sequence	-edge_30_3_-disjointig_1_2509660_2514418 4758 1 4040007 1525588 1530346
	Sequence	-edge_30_4_-disjointig_1_2503522_2508417 4895 1 4040007 1531589 1536484
	Sequence	-edge_30_5_-disjointig_1_2439084_2443916 4832 1 4040007 1596090 1600922
	Sequence	-edge_30_6_-disjointig_1_2433343_2438157 4814 1 4040007 1601849 1606663
	Sequence	-edge_30_7_-disjointig_1_2428341_2433343 5002 1 4040007 1606663 1611665
	Sequence	-edge_30_8_-disjointig_1_1955579_1960545 4966 1 4040007 2079461 2084427
	Sequence	-edge_30_9_-disjointig_1_1669715_1674771 5056 1 4040007 2365235 2370291
Edge	60	40	24	0	0	0	15	-1
	Sequence	+edge_31_0_+disjointig_1_3312106_3399674 87568 1 4040007 3312106 3399674
Edge	61	31	41	0	0	0	15	-1
	Sequence	-edge_31_0_+disjointig_1_3312106_3399674 87568 -1 4040007 640332 727900
Edge	62	35	35	0	0	0	969	-1
	Sequence	+edge_32_0_+disjointig_3_5731_13008 7277 3 43821 5731 13008
	Sequence	+edge_32_1_+disjointig_3_13008_20856 7848 3 43821 13008 20856
	Sequence	+edge_32_2_+disjointig_3_20856_28717 7861 3 43821 20856 28717
	Sequence	+edge_32_3_+disjointig_3_28717_36578 7861 3 43821 28717 36578
	Sequence	+edge_32_4_+disjointig_3_36578_43818 7240 3 43821 36578 43818
Edge	63	10	10	0	0	0	969	-1
	Sequence	-edge_32_0_+disjointig_3_5731_13008 7277 -3 43821 30812 38089
	Sequence	-edge_32_1_+disjointig_3_13008_20856 7848 -3 43821 22964 30812
	Sequence	-edge_32_2_+disjointig_3_20856_28717 7861 -3 43821 15103 22964
	Sequence	-edge_32_3_+disjointig_3_28717_36578 7861 -3 43821 7242 15103
	Sequence	-edge_32_4_+disjointig_3_36578_43818 7240 -3 43821 2 7242
Edge	64	7	15	0	0	0	15	-1
	Sequence	+edge_33_0_-fbe14580-84f2-430f-891a-ff983dfec6ee_19104_22237 3133 * 0 0 0
Edge	65	33	37	0	0	0	15	-1
	Sequence	-edge_33_0_-fbe14580-84f2-430f-891a-ff983dfec6ee_19104_22237 3133 * 0 0 0
Edge	66	38	26	0	0	0	14	-1
	Sequence	+edge_34_0_+532d01f3-15e7-41cf-8dff-70b309242b69_1595_4728 3133 * 0 0 0
Edge	67	39	19	0	0	0	14	-1
	Sequence	-edge_34_0_+532d01f3-15e7-41cf-8dff-70b309242b69_1595_4728 3133 * 0 0 0
Edge	68	21	40	0	0	0	15	-1
	Sequence	+edge_35_0_-8f7f99ac-c5f5-4412-928d-bec66a2dd3a3_1292_11251 9959 * 0 0 0
Edge	69	41	36	0	0	0	15	-1
	Sequence	-edge_35_0_-8f7f99ac-c5f5-4412-928d-bec66a2dd3a3_1292_11251 9959 * 0 0 0
Edge	70	18	42	0	0	0	16	-1
	Sequence	+edge_36_0_-de65e83c-bf11-4201-b23a-3d5c8ee3d239_2171_12099 9928 * 0 0 0
Edge	71	16	29	0	0	0	16	-1
	Sequence	-edge_36_0_-de65e83c-bf11-4201-b23a-3d5c8ee3d239_2171_12099 9928 * 0 0 0
Edge	72	12	32	0	0	0	16	-1
	Sequence	+edge_37_0_-c96e0c6a-d423-4ebf-bf34-615da6c324eb_12633_23526 10893 * 0 0 0
Edge	73	17	43	0	0	0	16	-1
	Sequence	-edge_37_0_-c96e0c6a-d423-4ebf-bf34-615da6c324eb_12633_23526 10893 * 0 0 0
Edge	76	30	8	0	0	0	18	-1
	Sequence	+edge_39_0_+e0ab1908-d94a-458a-8cf3-f315a632a974_6830_12051 5221 * 0 0 0
Edge	77	44	22	0	0	0	18	-1
	Sequence	-edge_39_0_+e0ab1908-d94a-458a-8cf3-f315a632a974_6830_12051 5221 * 0 0 0
Edge	78	45	46	0	0	0	16	-1
	Sequence	+edge_40_0_-43aa2e76-2180-4043-99df-06290e80ebbe_11806_27377 15571 * 0 0 0
Edge	79	47	48	0	0	0	16	-1
	Sequence	-edge_40_0_-43aa2e76-2180-4043-99df-06290e80ebbe_11806_27377 15571 * 0 0 0
Edge	80	49	6	0	0	0	18	-1
	Sequence	+edge_41_0_-8abbb426-d769-4837-b774-8ce86f08d094_539_5684 5145 * 0 0 0
Edge	81	5	28	0	0	0	18	-1
	Sequence	-edge_41_0_-8abbb426-d769-4837-b774-8ce86f08d094_539_5684 5145 * 0 0 0
Edge	82	4	3	0	0	0	14	-1
	Sequence	+edge_42_0_-8aeefbb5-77f0-4437-9924-d21e906020ac_18277_24234 5957 * 0 0 0
Edge	83	2	1	0	0	0	14	-1
	Sequence	-edge_42_0_-8aeefbb5-77f0-4437-9924-d21e906020ac_18277_24234 5957 * 0 0 0
Edge	84	34	11	0	0	0	14	-1
	Sequence	+edge_43_0_-7035fa6f-ddb1-44dc-8c3c-cffdda091c98_792_5755 4963 * 0 0 0
Edge	85	23	0	0	0	0	14	-1
	Sequence	-edge_43_0_-7035fa6f-ddb1-44dc-8c3c-cffdda091c98_792_5755 4963 * 0 0 0
