Chain
	Aln	7	+51e05154-2e88-4b48-a700-92716eb350c4 27 1987 2440 -edge_4_0_+disjointig_11_0_2486 525 2485 2486 -1 -1 1810 0.0113599
Chain
	Aln	6	-51e05154-2e88-4b48-a700-92716eb350c4 452 2412 2440 +edge_4_0_+disjointig_11_0_2486 0 1960 2486 -1 -1 1810 0.0113599
Chain
	Aln	31	+81d47c80-7457-4ad2-a99a-b48516429dae 8 3618 3632 -edge_16_0_+disjointig_21_0_20878 17254 20864 20878 -1 -1 3582 0.00169743
Chain
	Aln	30	-81d47c80-7457-4ad2-a99a-b48516429dae 13 3623 3632 +edge_16_0_+disjointig_21_0_20878 13 3623 20878 -1 -1 3582 0.00169743
Chain
	Aln	71	+eeba3667-0416-4d73-bc44-f492cb995e1b 11 4250 4252 -edge_36_0_+disjointig_7_0_7131 2891 7129 7131 -1 -1 4225 0.000668
Chain
	Aln	70	-eeba3667-0416-4d73-bc44-f492cb995e1b 1 4240 4252 +edge_36_0_+disjointig_7_0_7131 1 4239 7131 -1 -1 4225 0.000668
Chain
	Aln	78	+3589fbb4-e541-4b45-82fd-fc5415025502 0 3292 3349 +edge_40_0_+disjointig_18_10918_29070 12712 16013 18152 -1 -1 2872 0.015619
Chain
	Aln	79	-3589fbb4-e541-4b45-82fd-fc5415025502 56 3348 3349 -edge_40_0_+disjointig_18_10918_29070 2138 5439 18152 -1 -1 2872 0.015619
Chain
	Aln	33	+2a01e0cf-d7c6-42ee-bde1-930995a6ad33 13 2660 2666 -edge_17_0_+disjointig_22_0_6208 12 2685 6208 -1 -1 2471 0.00745674
Chain
	Aln	32	-2a01e0cf-d7c6-42ee-bde1-930995a6ad33 5 2652 2666 +edge_17_0_+disjointig_22_0_6208 3522 6195 6208 -1 -1 2471 0.00745674
Chain
	Aln	47	+11d368d8-739a-4e32-a261-0fa962d067fb 14 3035 3037 -edge_24_0_+disjointig_29_0_5713 13 3037 5713 -1 -1 2990 0.00278506
Chain
	Aln	46	-11d368d8-739a-4e32-a261-0fa962d067fb 1 3022 3037 +edge_24_0_+disjointig_29_0_5713 2675 5699 5713 -1 -1 2990 0.00278506
Chain
	Aln	51	+45bd7490-5d77-4a97-8324-acec9a9b937e 12 3495 3498 -edge_26_0_+disjointig_30_0_9641 6155 9638 9641 -1 -1 3450 0.00127956
Chain
	Aln	50	-45bd7490-5d77-4a97-8324-acec9a9b937e 2 3485 3498 +edge_26_0_+disjointig_30_0_9641 2 3485 9641 -1 -1 3450 0.00127956
Chain
	Aln	71	+2a43ce13-a000-4807-8d9e-700edcaf6379 7 7134 7557 -edge_36_0_+disjointig_7_0_7131 6 7130 7131 -1 -1 6671 0.00460799
Chain
	Aln	70	-2a43ce13-a000-4807-8d9e-700edcaf6379 422 7549 7557 +edge_36_0_+disjointig_7_0_7131 0 7124 7131 -1 -1 6671 0.00460799
Chain
	Aln	46	+77d10ef8-0191-43ac-ac15-876402d002cd 4 5698 5700 +edge_24_0_+disjointig_29_0_5713 4 5694 5713 -1 -1 5668 0.00141391
Chain
	Aln	47	-77d10ef8-0191-43ac-ac15-876402d002cd 1 5695 5700 -edge_24_0_+disjointig_29_0_5713 18 5708 5713 -1 -1 5668 0.00141391
Chain
	Aln	78	+1f5033ee-a186-446d-a70d-53d161450363 15 6637 6639 +edge_40_0_+disjointig_18_10918_29070 9454 16086 18152 -1 -1 6551 0.00242729
Chain
	Aln	79	-1f5033ee-a186-446d-a70d-53d161450363 1 6623 6639 -edge_40_0_+disjointig_18_10918_29070 2065 8697 18152 -1 -1 6551 0.00242729
Chain
	Aln	78	+ba7f1dc6-5c8e-4e57-9020-b36001b047f8 1 5452 5461 +edge_40_0_+disjointig_18_10918_29070 7236 12690 18152 -1 -1 5397 0.0024907
Chain
	Aln	79	-ba7f1dc6-5c8e-4e57-9020-b36001b047f8 8 5459 5461 -edge_40_0_+disjointig_18_10918_29070 5461 10915 18152 -1 -1 5397 0.0024907
Chain
	Aln	53	+9e5abaad-c074-4491-9e7f-64f40feabeaa 5 3619 3639 -edge_27_0_+disjointig_31_0_12994 9359 12974 12994 -1 -1 3614 0
Chain
	Aln	52	-9e5abaad-c074-4491-9e7f-64f40feabeaa 19 3633 3639 +edge_27_0_+disjointig_31_0_12994 19 3634 12994 -1 -1 3614 0
Chain
	Aln	79	+67ac12f5-0983-45b3-a70c-b65841a25124 7 2916 2919 -edge_40_0_+disjointig_18_10918_29070 2369 5278 18152 -1 -1 2896 0.00233208
Chain
	Aln	78	-67ac12f5-0983-45b3-a70c-b65841a25124 2 2911 2919 +edge_40_0_+disjointig_18_10918_29070 12873 15782 18152 -1 -1 2896 0.00233208
Chain
	Aln	77	+8f6ac3ca-e445-4e7a-9422-6eb41ba3a83c 6 1413 8748 -edge_39_0_+disjointig_10_7333_16105 7363 8771 8772 -1 -1 1381 7.37513e-05
	Aln	77	+8f6ac3ca-e445-4e7a-9422-6eb41ba3a83c 1425 8746 8748 -edge_39_0_+disjointig_10_7333_16105 11 7335 8772 -1 -1 7140 0.00333017
Chain
	Aln	76	-8f6ac3ca-e445-4e7a-9422-6eb41ba3a83c 1 7322 8748 +edge_39_0_+disjointig_10_7333_16105 1436 8760 8772 -1 -1 7140 0.00333017
	Aln	76	-8f6ac3ca-e445-4e7a-9422-6eb41ba3a83c 7334 8741 8748 +edge_39_0_+disjointig_10_7333_16105 0 1408 8772 -1 -1 1381 7.37513e-05
Chain
	Aln	33	+dcf89842-9af3-4cd4-ae05-2dc8ed78e330 175 1295 1299 -edge_17_0_+disjointig_22_0_6208 3274 4395 6208 -1 -1 1112 0.00397319
Chain
	Aln	32	-dcf89842-9af3-4cd4-ae05-2dc8ed78e330 3 1123 1299 +edge_17_0_+disjointig_22_0_6208 1812 2933 6208 -1 -1 1112 0.00397319
Chain
	Aln	79	+93bac24b-7176-47b7-bd29-1a32ed704e1e 7 1749 1753 -edge_40_0_+disjointig_18_10918_29070 8154 9894 18152 -1 -1 1536 0.0156731
Chain
	Aln	78	-93bac24b-7176-47b7-bd29-1a32ed704e1e 3 1745 1753 +edge_40_0_+disjointig_18_10918_29070 8257 9997 18152 -1 -1 1536 0.0156731
Chain
	Aln	14	+88f75187-58cc-40e5-9621-d3fed437e66a 11 13994 14282 +edge_8_0_+disjointig_15_0_26383 12310 26295 26383 -1 -1 13786 0.00124174
Chain
	Aln	15	-88f75187-58cc-40e5-9621-d3fed437e66a 287 14270 14282 -edge_8_0_+disjointig_15_0_26383 87 14072 26383 -1 -1 13786 0.00124174
Chain
	Aln	78	+aa51f441-dfd7-4abb-aa5a-e3694247de17 3 9052 9059 +edge_40_0_+disjointig_18_10918_29070 3316 12373 18152 -1 -1 8974 0.00205379
Chain
	Aln	79	-aa51f441-dfd7-4abb-aa5a-e3694247de17 6 9055 9059 -edge_40_0_+disjointig_18_10918_29070 5778 14835 18152 -1 -1 8974 0.00205379
Chain
	Aln	59	+30580376-3f09-478f-8ec9-85e3a8657d4e 21 3201 3206 -edge_30_0_+disjointig_34_0_6795 20 3203 6795 -1 -1 3161 0.00167355
Chain
	Aln	58	-30580376-3f09-478f-8ec9-85e3a8657d4e 4 3184 3206 +edge_30_0_+disjointig_34_0_6795 3591 6774 6795 -1 -1 3161 0.00167355
Chain
	Aln	79	+ecbc9296-5af8-4a36-b249-8a3afb387249 10 1499 1508 -edge_40_0_+disjointig_18_10918_29070 5360 6848 18152 -1 -1 1478 0.00110129
Chain
	Aln	78	-ecbc9296-5af8-4a36-b249-8a3afb387249 8 1497 1508 +edge_40_0_+disjointig_18_10918_29070 11303 12791 18152 -1 -1 1478 0.00110129
Chain
	Aln	65	+0794f8b9-a752-47e2-9cbd-716485df1812 16 2920 2922 -edge_33_0_+disjointig_4_0_2920 15 2918 2920 -1 -1 2870 0.00176862
Chain
	Aln	64	-0794f8b9-a752-47e2-9cbd-716485df1812 1 2905 2922 +edge_33_0_+disjointig_4_0_2920 1 2904 2920 -1 -1 2870 0.00176862
Chain
	Aln	8	+42c449c9-edd7-475e-84da-2ae93f177df0 244 9321 9325 +edge_5_0_+disjointig_12_0_9105 7 9083 9105 -1 -1 9018 0.000429677
Chain
	Aln	9	-42c449c9-edd7-475e-84da-2ae93f177df0 3 9080 9325 -edge_5_0_+disjointig_12_0_9105 21 9097 9105 -1 -1 9018 0.000429677
Chain
	Aln	9	+ba18de6d-8c59-4fe8-ae07-916e69b7d60c 19 9098 9100 -edge_5_0_+disjointig_12_0_9105 18 9103 9105 -1 -1 8962 0.00113309
Chain
	Aln	8	-ba18de6d-8c59-4fe8-ae07-916e69b7d60c 1 9080 9100 +edge_5_0_+disjointig_12_0_9105 1 9086 9105 -1 -1 8962 0.00113309
Chain
	Aln	78	+905fe67c-1dc1-47ee-a66c-611b6ebcc10c 1 1779 1786 +edge_40_0_+disjointig_18_10918_29070 7321 9096 18152 -1 -1 1765 0.00288167
Chain
	Aln	79	-905fe67c-1dc1-47ee-a66c-611b6ebcc10c 6 1784 1786 -edge_40_0_+disjointig_18_10918_29070 9055 10830 18152 -1 -1 1765 0.00288167
Chain
	Aln	58	+b9f8815b-b131-4214-81a2-cf01600adab2 2 6596 6603 +edge_30_0_+disjointig_34_0_6795 2 6596 6795 -1 -1 6579 0.00137994
Chain
	Aln	59	-b9f8815b-b131-4214-81a2-cf01600adab2 6 6600 6603 -edge_30_0_+disjointig_34_0_6795 198 6792 6795 -1 -1 6579 0.00137994
Chain
	Aln	48	+0bd4f4ac-a85d-41d3-8464-d6b28ee83d4f 22 2855 2858 +edge_25_0_+disjointig_3_0_2859 1 2834 2859 -1 -1 2708 0.00326321
Chain
	Aln	49	-0bd4f4ac-a85d-41d3-8464-d6b28ee83d4f 2 2835 2858 -edge_25_0_+disjointig_3_0_2859 24 2857 2859 -1 -1 2708 0.00326321
Chain
	Aln	49	+7577be1e-f35b-4bdc-9323-11e490f7c977 13 2853 2855 -edge_25_0_+disjointig_3_0_2859 12 2857 2859 -1 -1 2679 0.00560631
Chain
	Aln	48	-7577be1e-f35b-4bdc-9323-11e490f7c977 1 2841 2855 +edge_25_0_+disjointig_3_0_2859 1 2846 2859 -1 -1 2679 0.00560631
Chain
	Aln	79	+4881ac8d-b251-4540-b789-5ff9915ade86 0 3015 3017 -edge_40_0_+disjointig_18_10918_29070 7732 10749 18152 -1 -1 3001 0.00378436
Chain
	Aln	78	-4881ac8d-b251-4540-b789-5ff9915ade86 1 3016 3017 +edge_40_0_+disjointig_18_10918_29070 7402 10419 18152 -1 -1 3001 0.00378436
Chain
	Aln	16	+98384675-518c-4357-9b0a-e6fc68a4ab4d 10 2532 2541 +edge_9_0_+disjointig_16_0_4315 771 3293 4315 -1 -1 2496 0.00362436
Chain
	Aln	17	-98384675-518c-4357-9b0a-e6fc68a4ab4d 8 2530 2541 -edge_9_0_+disjointig_16_0_4315 1021 3543 4315 -1 -1 2496 0.00362436
Chain
	Aln	19	+df725683-c06f-41f7-8cf2-d9e85e5c3033 5 1534 1555 -edge_10_0_+disjointig_17_0_20888 13908 15437 20888 -1 -1 1508 0.00608824
Chain
	Aln	18	-df725683-c06f-41f7-8cf2-d9e85e5c3033 20 1549 1555 +edge_10_0_+disjointig_17_0_20888 5450 6979 20888 -1 -1 1508 0.00608824
Chain
	Aln	79	+432c6855-3ca1-4dbe-a5af-2df975a2fb89 0 5597 5601 -edge_40_0_+disjointig_18_10918_29070 5513 11120 18152 -1 -1 5388 0.00511941
Chain
	Aln	78	-432c6855-3ca1-4dbe-a5af-2df975a2fb89 3 5600 5601 +edge_40_0_+disjointig_18_10918_29070 7031 12638 18152 -1 -1 5388 0.00511941
Chain
	Aln	19	+d3bef71b-56d5-4989-bb4a-ec3f5d19d532 10 4422 4426 -edge_10_0_+disjointig_17_0_20888 9 4430 20888 -1 -1 3938 0.0127919
Chain
	Aln	18	-d3bef71b-56d5-4989-bb4a-ec3f5d19d532 3 4415 4426 +edge_10_0_+disjointig_17_0_20888 16457 20878 20888 -1 -1 3938 0.0127919
Chain
	Aln	75	+dc7f862e-847d-44a1-a9fe-0d78595132d4 14 26020 26023 -edge_38_0_+disjointig_9_0_30904 13 26027 30904 -1 -1 25824 0.000680444
Chain
	Aln	74	-dc7f862e-847d-44a1-a9fe-0d78595132d4 2 26008 26023 +edge_38_0_+disjointig_9_0_30904 4876 30890 30904 -1 -1 25824 0.000680444
Chain
	Aln	61	+c231d366-25c1-4f56-9641-d87242ff1db0 12 2868 2870 -edge_31_0_+disjointig_35_0_2867 11 2865 2867 -1 -1 2782 0.00254077
Chain
	Aln	60	-c231d366-25c1-4f56-9641-d87242ff1db0 1 2857 2870 +edge_31_0_+disjointig_35_0_2867 1 2855 2867 -1 -1 2782 0.00254077
Chain
	Aln	79	+215f2f9c-71c8-4710-901c-0dc695078980 8 1795 1806 -edge_40_0_+disjointig_18_10918_29070 6869 8657 18152 -1 -1 1704 0.00676577
Chain
	Aln	78	-215f2f9c-71c8-4710-901c-0dc695078980 10 1797 1806 +edge_40_0_+disjointig_18_10918_29070 9494 11282 18152 -1 -1 1704 0.00676577
Chain
	Aln	8	+da058e26-c98b-4c4b-a841-add222679b70 9 2834 2839 +edge_5_0_+disjointig_12_0_9105 1022 3865 9105 -1 -1 2736 0.00298832
Chain
	Aln	9	-da058e26-c98b-4c4b-a841-add222679b70 4 2829 2839 -edge_5_0_+disjointig_12_0_9105 5239 8082 9105 -1 -1 2736 0.00298832
Chain
	Aln	11	+5e21e414-eaf6-46f4-9d88-309710a5d3f6 0 2892 2895 -edge_6_0_+disjointig_13_0_5245 2350 5242 5245 -1 -1 2760 0.00644486
Chain
	Aln	10	-5e21e414-eaf6-46f4-9d88-309710a5d3f6 2 2894 2895 +edge_6_0_+disjointig_13_0_5245 2 2894 5245 -1 -1 2760 0.00644486
Chain
	Aln	79	+13960b8d-217c-47d2-a76e-143fb5a8ebab 0 1253 1260 -edge_40_0_+disjointig_18_10918_29070 11761 13019 18152 -1 -1 1241 0.00458895
Chain
	Aln	78	-13960b8d-217c-47d2-a76e-143fb5a8ebab 6 1259 1260 +edge_40_0_+disjointig_18_10918_29070 5132 6390 18152 -1 -1 1241 0.00458895
Chain
	Aln	78	+1cab5cd8-e82b-4c2f-aa92-97d432ec3163 77 6022 6026 +edge_40_0_+disjointig_18_10918_29070 7274 13238 18152 -1 -1 5481 0.00900333
Chain
	Aln	79	-1cab5cd8-e82b-4c2f-aa92-97d432ec3163 3 5948 6026 -edge_40_0_+disjointig_18_10918_29070 4913 10877 18152 -1 -1 5481 0.00900333
Chain
	Aln	37	+25124a28-7c00-406a-b1cd-1c69fba82d36 29 6311 6313 -edge_19_0_+disjointig_24_0_9522 28 6321 9522 -1 -1 5975 0.00545935
Chain
	Aln	36	-25124a28-7c00-406a-b1cd-1c69fba82d36 1 6283 6313 +edge_19_0_+disjointig_24_0_9522 3200 9493 9522 -1 -1 5975 0.00545935
Chain
	Aln	78	+a93e4b6a-8ff5-49ea-b9f7-f16baa7f9a88 17 1721 1740 +edge_40_0_+disjointig_18_10918_29070 10786 12500 18152 -1 -1 1619 0.00530604
Chain
	Aln	79	-a93e4b6a-8ff5-49ea-b9f7-f16baa7f9a88 18 1722 1740 -edge_40_0_+disjointig_18_10918_29070 5651 7365 18152 -1 -1 1619 0.00530604
Chain
	Aln	13	+d5db882a-fed1-4825-bca2-d16fdff826d6 70 5704 5713 -edge_7_0_+disjointig_14_0_22210 16567 22201 22210 -1 -1 5498 0.0029906
Chain
	Aln	12	-d5db882a-fed1-4825-bca2-d16fdff826d6 8 5642 5713 +edge_7_0_+disjointig_14_0_22210 8 5642 22210 -1 -1 5498 0.0029906
Chain
	Aln	45	+62be956f-d52e-4e6c-991e-e274a01d6cbc 12 2295 2301 -edge_23_0_+disjointig_28_0_2291 11 2285 2291 -1 -1 2213 0.00519419
Chain
	Aln	44	-62be956f-d52e-4e6c-991e-e274a01d6cbc 5 2288 2301 +edge_23_0_+disjointig_28_0_2291 5 2279 2291 -1 -1 2213 0.00519419
Chain
	Aln	78	+091a2ae6-e666-4cba-8c85-f7e0b78393be 0 3496 3499 +edge_40_0_+disjointig_18_10918_29070 12588 16086 18152 -1 -1 3462 0.00229879
Chain
	Aln	79	-091a2ae6-e666-4cba-8c85-f7e0b78393be 2 3498 3499 -edge_40_0_+disjointig_18_10918_29070 2065 5563 18152 -1 -1 3462 0.00229879
Chain
	Aln	44	+df74013a-ce09-4ae7-838b-b63274d32dc9 1101 3361 3367 +edge_23_0_+disjointig_28_0_2291 5 2265 2291 -1 -1 2259 0.00186915
Chain
	Aln	45	-df74013a-ce09-4ae7-838b-b63274d32dc9 5 2265 3367 -edge_23_0_+disjointig_28_0_2291 25 2285 2291 -1 -1 2259 0.00186915
Chain
	Aln	15	+d83cbfda-6fc7-4086-80dd-76392ddec7bd 7 4269 4274 -edge_8_0_+disjointig_15_0_26383 22116 26378 26383 -1 -1 4236 0.0011413
Chain
	Aln	14	-d83cbfda-6fc7-4086-80dd-76392ddec7bd 4 4266 4274 +edge_8_0_+disjointig_15_0_26383 4 4266 26383 -1 -1 4236 0.0011413
Chain
	Aln	79	+6dcc2cb7-c586-4f14-a10c-3b7a62907d97 8 1529 1531 -edge_40_0_+disjointig_18_10918_29070 4433 5953 18152 -1 -1 1518 0.00213051
Chain
	Aln	78	-6dcc2cb7-c586-4f14-a10c-3b7a62907d97 1 1522 1531 +edge_40_0_+disjointig_18_10918_29070 12198 13718 18152 -1 -1 1518 0.00213051
Chain
	Aln	27	+bf675eeb-9d9f-4192-8677-fa6afb873c8b 73 2730 3275 -edge_14_0_+disjointig_2_0_10485 7822 10479 10485 -1 -1 2587 0.00401748
Chain
	Aln	26	-bf675eeb-9d9f-4192-8677-fa6afb873c8b 544 3201 3275 +edge_14_0_+disjointig_2_0_10485 5 2662 10485 -1 -1 2587 0.00401748
Chain
	Aln	57	+ecf788c5-3045-4c48-9a02-31231acd519a 16 3508 3519 -edge_29_0_+disjointig_33_0_7487 15 3494 7487 -1 -1 3367 0.00366237
Chain
	Aln	56	-ecf788c5-3045-4c48-9a02-31231acd519a 10 3502 3519 +edge_29_0_+disjointig_33_0_7487 3992 7471 7487 -1 -1 3367 0.00366237
Chain
	Aln	77	+fd48a307-0de1-4e57-9655-a4e04a4a8c4d 3 2096 3884 -edge_39_0_+disjointig_10_7333_16105 6678 8771 8772 -1 -1 2085 0.000394136
	Aln	77	+fd48a307-0de1-4e57-9655-a4e04a4a8c4d 2108 3875 3884 -edge_39_0_+disjointig_10_7333_16105 11 1780 8772 -1 -1 1720 0.00354908
Chain
	Aln	76	-fd48a307-0de1-4e57-9655-a4e04a4a8c4d 8 1775 3884 +edge_39_0_+disjointig_10_7333_16105 6991 8760 8772 -1 -1 1720 0.00354908
	Aln	76	-fd48a307-0de1-4e57-9655-a4e04a4a8c4d 1787 3880 3884 +edge_39_0_+disjointig_10_7333_16105 0 2093 8772 -1 -1 2085 0.000394136
Chain
	Aln	32	+5ad28fad-578c-41b3-8721-8aef0cb20940 1 6207 6901 +edge_17_0_+disjointig_22_0_6208 1 6201 6208 -1 -1 6021 0.00280294
Chain
	Aln	33	-5ad28fad-578c-41b3-8721-8aef0cb20940 693 6899 6901 -edge_17_0_+disjointig_22_0_6208 6 6206 6208 -1 -1 6021 0.00280294
Chain
	Aln	42	+b77e95c6-4cff-4e18-8281-2903bcc8efc5 1 6678 6823 +edge_22_0_+disjointig_27_0_6687 1 6678 6687 -1 -1 6525 0.00211574
Chain
	Aln	43	-b77e95c6-4cff-4e18-8281-2903bcc8efc5 144 6821 6823 -edge_22_0_+disjointig_27_0_6687 8 6685 6687 -1 -1 6525 0.00211574
Chain
	Aln	78	+5a89c48b-1caf-4f6f-8f3b-c0562ae244af 0 1607 1610 +edge_40_0_+disjointig_18_10918_29070 14329 15937 18152 -1 -1 1607 0.00280689
Chain
	Aln	79	-5a89c48b-1caf-4f6f-8f3b-c0562ae244af 2 1609 1610 -edge_40_0_+disjointig_18_10918_29070 2214 3822 18152 -1 -1 1607 0.00280689
Chain
	Aln	78	+f9e3047d-d776-4151-ae3d-73ab166b38ea 12 1104 1111 +edge_40_0_+disjointig_18_10918_29070 7697 8787 18152 -1 -1 941 0.0136537
Chain
	Aln	79	-f9e3047d-d776-4151-ae3d-73ab166b38ea 6 1098 1111 -edge_40_0_+disjointig_18_10918_29070 9364 10454 18152 -1 -1 941 0.0136537
Chain
	Aln	70	+de3079e2-7123-473c-ba92-fe9e819426f8 13 1543 1552 +edge_36_0_+disjointig_7_0_7131 1395 2932 7131 -1 -1 1464 0.00500012
Chain
	Aln	71	-de3079e2-7123-473c-ba92-fe9e819426f8 8 1538 1552 -edge_36_0_+disjointig_7_0_7131 4198 5735 7131 -1 -1 1464 0.00500012
Chain
	Aln	79	+e5d5d906-8309-4765-b135-a3b3daaa3cf5 4 9049 9064 -edge_40_0_+disjointig_18_10918_29070 1881 10930 18152 -1 -1 8993 0.00185365
Chain
	Aln	78	-e5d5d906-8309-4765-b135-a3b3daaa3cf5 14 9059 9064 +edge_40_0_+disjointig_18_10918_29070 7221 16270 18152 -1 -1 8993 0.00185365
Chain
	Aln	79	+25f06a76-f390-431d-95e7-c282b03c9f80 0 2038 2043 -edge_40_0_+disjointig_18_10918_29070 9083 11120 18152 -1 -1 2032 0.00219913
Chain
	Aln	78	-25f06a76-f390-431d-95e7-c282b03c9f80 4 2042 2043 +edge_40_0_+disjointig_18_10918_29070 7031 9068 18152 -1 -1 2032 0.00219913
Chain
	Aln	78	+30df295b-8d17-4d42-9903-4d7bf8f6e442 9 2219 2222 +edge_40_0_+disjointig_18_10918_29070 4792 7002 18152 -1 -1 2202 0.00281876
Chain
	Aln	79	-30df295b-8d17-4d42-9903-4d7bf8f6e442 2 2212 2222 -edge_40_0_+disjointig_18_10918_29070 11149 13359 18152 -1 -1 2202 0.00281876
Chain
	Aln	55	+de4cf633-25de-43df-b566-919708ec1525 41 2561 2564 -edge_28_0_+disjointig_32_0_7043 4520 7040 7043 -1 -1 2520 0.00129691
Chain
	Aln	54	-de4cf633-25de-43df-b566-919708ec1525 2 2522 2564 +edge_28_0_+disjointig_32_0_7043 2 2522 7043 -1 -1 2520 0.00129691
Chain
	Aln	26	+31118a13-a9af-449f-80f9-59efeef4a074 11 2335 2340 +edge_14_0_+disjointig_2_0_10485 3560 5896 10485 -1 -1 2166 0.00875822
Chain
	Aln	27	-31118a13-a9af-449f-80f9-59efeef4a074 4 2328 2340 -edge_14_0_+disjointig_2_0_10485 4588 6924 10485 -1 -1 2166 0.00875822
Chain
	Aln	52	+c726fcf6-f64a-4551-9140-21c55fda1085 13 1524 1530 +edge_27_0_+disjointig_31_0_12994 11279 12790 12994 -1 -1 1486 0.00331121
Chain
	Aln	53	-c726fcf6-f64a-4551-9140-21c55fda1085 5 1516 1530 -edge_27_0_+disjointig_31_0_12994 203 1714 12994 -1 -1 1486 0.00331121
Chain
	Aln	35	+6a774088-2694-4aba-a4a2-9542fb0b68d8 12 2318 2323 -edge_18_0_+disjointig_23_0_12876 10563 12871 12876 -1 -1 2280 0
Chain
	Aln	34	-6a774088-2694-4aba-a4a2-9542fb0b68d8 4 2310 2323 +edge_18_0_+disjointig_23_0_12876 4 2312 12876 -1 -1 2280 0
Chain
	Aln	64	+4c18154e-dc55-4e64-8c1c-46e199fff1ec 951 3212 3218 +edge_33_0_+disjointig_4_0_2920 1 2262 2920 -1 -1 2238 0.000576537
Chain
	Aln	65	-4c18154e-dc55-4e64-8c1c-46e199fff1ec 5 2266 3218 -edge_33_0_+disjointig_4_0_2920 657 2918 2920 -1 -1 2238 0.000576537
Chain
	Aln	14	+b49e37a9-4560-4f01-8aaa-ffa78396fa91 411 2001 2008 +edge_8_0_+disjointig_15_0_26383 1751 3346 26383 -1 -1 1571 0.00275412
Chain
	Aln	15	-b49e37a9-4560-4f01-8aaa-ffa78396fa91 6 1596 2008 -edge_8_0_+disjointig_15_0_26383 23036 24631 26383 -1 -1 1571 0.00275412
Chain
	Aln	28	+458f5e65-eb0a-47b7-903e-61f5141d8919 899 8773 8777 +edge_15_0_+disjointig_20_0_7880 10 7877 7880 -1 -1 7714 0.000614285
Chain
	Aln	29	-458f5e65-eb0a-47b7-903e-61f5141d8919 3 7877 8777 -edge_15_0_+disjointig_20_0_7880 2 7869 7880 -1 -1 7714 0.000614285
Chain
	Aln	27	+39e9f24e-2957-4625-854c-575b9cb36f1a 5 3376 3378 -edge_14_0_+disjointig_2_0_10485 7109 10483 10485 -1 -1 3330 0.00223646
Chain
	Aln	26	-39e9f24e-2957-4625-854c-575b9cb36f1a 1 3372 3378 +edge_14_0_+disjointig_2_0_10485 1 3375 10485 -1 -1 3330 0.00223646
Chain
	Aln	7	+9c0a9540-230a-4110-8e58-c139432682ee 7 2495 2514 -edge_4_0_+disjointig_11_0_2486 6 2463 2486 -1 -1 2208 0.0124664
Chain
	Aln	6	-9c0a9540-230a-4110-8e58-c139432682ee 18 2506 2514 +edge_4_0_+disjointig_11_0_2486 22 2479 2486 -1 -1 2208 0.0124664
Chain
	Aln	52	+41f67425-f983-49bc-9638-f4d0e475c4f0 5035 10326 10329 +edge_27_0_+disjointig_31_0_12994 19 5308 12994 -1 -1 5263 0
Chain
	Aln	53	-41f67425-f983-49bc-9638-f4d0e475c4f0 2 5293 10329 -edge_27_0_+disjointig_31_0_12994 7685 12974 12994 -1 -1 5263 0
Chain
	Aln	27	+17e5ab73-9b83-4c5a-b2bd-fb83f11b2946 17 5774 5777 -edge_14_0_+disjointig_2_0_10485 1384 7140 10485 -1 -1 5506 0.00679876
Chain
	Aln	26	-17e5ab73-9b83-4c5a-b2bd-fb83f11b2946 2 5759 5777 +edge_14_0_+disjointig_2_0_10485 3344 9100 10485 -1 -1 5506 0.00679876
Chain
	Aln	79	+9ce9c19b-ce20-4638-8b7a-4ff07017c8d4 6 1776 1781 -edge_40_0_+disjointig_18_10918_29070 8708 10477 18152 -1 -1 1734 0.00496183
Chain
	Aln	78	-9ce9c19b-ce20-4638-8b7a-4ff07017c8d4 4 1774 1781 +edge_40_0_+disjointig_18_10918_29070 7674 9443 18152 -1 -1 1734 0.00496183
Chain
	Aln	61	+48bb5e24-2ed4-47c3-8250-e83997b88131 11 1301 1303 -edge_31_0_+disjointig_35_0_2867 880 2170 2867 -1 -1 1290 0.00125101
Chain
	Aln	60	-48bb5e24-2ed4-47c3-8250-e83997b88131 1 1291 1303 +edge_31_0_+disjointig_35_0_2867 696 1986 2867 -1 -1 1290 0.00125101
Chain
	Aln	62	+1bf7f261-838c-45aa-b341-693a50987b1b 2825 8104 8109 +edge_32_0_+disjointig_36_0_5284 8 5280 5284 -1 -1 5060 0.00356344
Chain
	Aln	63	-1bf7f261-838c-45aa-b341-693a50987b1b 4 5283 8109 -edge_32_0_+disjointig_36_0_5284 3 5275 5284 -1 -1 5060 0.00356344
Chain
	Aln	29	+fda1c23d-3f77-45ce-a08c-fa37a71ec001 14 4033 4051 -edge_15_0_+disjointig_20_0_7880 3849 7863 7880 -1 -1 3906 0.00245467
Chain
	Aln	28	-fda1c23d-3f77-45ce-a08c-fa37a71ec001 17 4036 4051 +edge_15_0_+disjointig_20_0_7880 16 4030 7880 -1 -1 3906 0.00245467
Chain
	Aln	30	+f108d8a5-4460-4807-b669-e91b45a9bd95 2676 23550 23562 +edge_16_0_+disjointig_21_0_20878 1 20867 20878 -1 -1 20823 0.00029898
Chain
	Aln	31	-f108d8a5-4460-4807-b669-e91b45a9bd95 11 20885 23562 -edge_16_0_+disjointig_21_0_20878 10 20876 20878 -1 -1 20823 0.00029898
Chain
	Aln	73	+5ed3f6ca-8d55-439d-9bdd-c885509d568a 6 4246 4248 -edge_37_0_+disjointig_8_0_4252 5 4250 4252 -1 -1 4202 0.000211888
Chain
	Aln	72	-5ed3f6ca-8d55-439d-9bdd-c885509d568a 1 4241 4248 +edge_37_0_+disjointig_8_0_4252 1 4246 4252 -1 -1 4202 0.000211888
Chain
	Aln	72	+07429e15-dd49-4c15-b7e0-d8ea5d5675e1 21 4251 4253 +edge_37_0_+disjointig_8_0_4252 1 4231 4252 -1 -1 4207 3.66031e-06
Chain
	Aln	73	-07429e15-dd49-4c15-b7e0-d8ea5d5675e1 1 4231 4253 -edge_37_0_+disjointig_8_0_4252 20 4250 4252 -1 -1 4207 3.66031e-06
Chain
	Aln	75	+6b738de4-343a-4f61-89f6-a356dc9ac1d1 12 10459 10463 -edge_38_0_+disjointig_9_0_30904 15682 26135 30904 -1 -1 10323 0.00127035
Chain
	Aln	74	-6b738de4-343a-4f61-89f6-a356dc9ac1d1 3 10450 10463 +edge_38_0_+disjointig_9_0_30904 4768 15221 30904 -1 -1 10323 0.00127035
Chain
	Aln	78	+7de39f65-cc96-4f23-ae4e-b7b3d5d4b5a2 4 2439 2444 +edge_40_0_+disjointig_18_10918_29070 13222 15670 18152 -1 -1 2388 0.00367836
Chain
	Aln	79	-7de39f65-cc96-4f23-ae4e-b7b3d5d4b5a2 4 2439 2444 -edge_40_0_+disjointig_18_10918_29070 2481 4929 18152 -1 -1 2388 0.00367836
Chain
	Aln	41	+03433f1a-3892-4423-a575-9e8d0b0a50c9 11 1181 1248 -edge_21_0_+disjointig_26_0_2618 728 1898 2618 -1 -1 1132 0.00347255
Chain
	Aln	40	-03433f1a-3892-4423-a575-9e8d0b0a50c9 66 1236 1248 +edge_21_0_+disjointig_26_0_2618 719 1889 2618 -1 -1 1132 0.00347255
Chain
	Aln	47	+4d1633c5-0394-441e-9e6a-2ff4bf36a0bd 13 1069 1077 -edge_24_0_+disjointig_29_0_5713 4624 5680 5713 -1 -1 1056 0
Chain
	Aln	46	-4d1633c5-0394-441e-9e6a-2ff4bf36a0bd 7 1063 1077 +edge_24_0_+disjointig_29_0_5713 32 1088 5713 -1 -1 1056 0
Chain
	Aln	63	+69490edc-df8d-449c-b82b-c4ffc5e49395 11 3345 3377 -edge_32_0_+disjointig_36_0_5284 1913 5246 5284 -1 -1 3136 0.00503246
Chain
	Aln	62	-69490edc-df8d-449c-b82b-c4ffc5e49395 31 3365 3377 +edge_32_0_+disjointig_36_0_5284 37 3370 5284 -1 -1 3136 0.00503246
Chain
	Aln	39	+b49684fb-dcf1-4103-97eb-4b1b3e9c738f 7 1671 1673 -edge_20_0_+disjointig_25_0_2845 705 2369 2845 -1 -1 1619 0.00460939
Chain
	Aln	38	-b49684fb-dcf1-4103-97eb-4b1b3e9c738f 1 1665 1673 +edge_20_0_+disjointig_25_0_2845 475 2139 2845 -1 -1 1619 0.00460939
Chain
	Aln	78	+a1830b99-5446-43e9-88fb-b1b4ca0fbe48 0 4180 4186 +edge_40_0_+disjointig_18_10918_29070 10121 14299 18152 -1 -1 4150 0.000701131
Chain
	Aln	79	-a1830b99-5446-43e9-88fb-b1b4ca0fbe48 5 4185 4186 -edge_40_0_+disjointig_18_10918_29070 3852 8030 18152 -1 -1 4150 0.000701131
Chain
	Aln	75	+5ec77d4b-a8ff-41da-a153-66293d3a835a 8 7036 7044 -edge_38_0_+disjointig_9_0_30904 23871 30896 30904 -1 -1 6947 0.000669539
Chain
	Aln	74	-5ec77d4b-a8ff-41da-a153-66293d3a835a 7 7035 7044 +edge_38_0_+disjointig_9_0_30904 7 7032 30904 -1 -1 6947 0.000669539
Chain
	Aln	79	+c0de8cc7-e6e7-4483-badb-5f24e4399592 23 9061 9065 -edge_40_0_+disjointig_18_10918_29070 17 9051 18152 -1 -1 8980 0.00204164
Chain
	Aln	78	-c0de8cc7-e6e7-4483-badb-5f24e4399592 3 9041 9065 +edge_40_0_+disjointig_18_10918_29070 9100 18134 18152 -1 -1 8980 0.00204164
Chain
	Aln	25	+e8fa206f-8d93-4685-98c6-ec51d387ed4a 15 2597 2599 -edge_13_0_+disjointig_19_0_2592 14 2590 2592 -1 -1 2514 0.00392308
Chain
	Aln	24	-e8fa206f-8d93-4685-98c6-ec51d387ed4a 1 2583 2599 +edge_13_0_+disjointig_19_0_2592 1 2577 2592 -1 -1 2514 0.00392308
Chain
	Aln	24	+c00a1429-0f30-45d9-af6a-a6f95f2bd484 20 2576 2582 +edge_13_0_+disjointig_19_0_2592 1 2557 2592 -1 -1 2534 0.00213129
Chain
	Aln	25	-c00a1429-0f30-45d9-af6a-a6f95f2bd484 5 2561 2582 -edge_13_0_+disjointig_19_0_2592 34 2590 2592 -1 -1 2534 0.00213129
Chain
	Aln	79	+5eb3403a-8b84-4b68-a62c-aaf1405b361a 1 1793 1804 -edge_40_0_+disjointig_18_10918_29070 8237 10029 18152 -1 -1 1773 0.00430896
Chain
	Aln	78	-5eb3403a-8b84-4b68-a62c-aaf1405b361a 10 1802 1804 +edge_40_0_+disjointig_18_10918_29070 8122 9914 18152 -1 -1 1773 0.00430896
Chain
	Aln	15	+f92c491e-583b-4c19-8007-80e3d23ac490 5 2500 2596 -edge_8_0_+disjointig_15_0_26383 4 2491 26383 -1 -1 2450 0.00150534
Chain
	Aln	14	-f92c491e-583b-4c19-8007-80e3d23ac490 95 2590 2596 +edge_8_0_+disjointig_15_0_26383 23891 26378 26383 -1 -1 2450 0.00150534
Chain
	Aln	15	+808378d7-ccb3-41f6-b2d1-850c45120dcf 9 11363 11365 -edge_8_0_+disjointig_15_0_26383 12432 23790 26383 -1 -1 11353 0
Chain
	Aln	14	-808378d7-ccb3-41f6-b2d1-850c45120dcf 1 11355 11365 +edge_8_0_+disjointig_15_0_26383 2592 13950 26383 -1 -1 11353 0
Chain
	Aln	76	+a57aa1f3-8bf2-4012-8001-2c2d8c858f3e 0 3531 8754 +edge_39_0_+disjointig_10_7333_16105 5236 8767 8772 -1 -1 3414 0.00333528
	Aln	76	+a57aa1f3-8bf2-4012-8001-2c2d8c858f3e 3541 8745 8754 +edge_39_0_+disjointig_10_7333_16105 5 5213 8772 -1 -1 5134 0.00211764
Chain
	Aln	77	-a57aa1f3-8bf2-4012-8001-2c2d8c858f3e 8 5212 8754 -edge_39_0_+disjointig_10_7333_16105 3558 8766 8772 -1 -1 5134 0.00211764
	Aln	77	-a57aa1f3-8bf2-4012-8001-2c2d8c858f3e 5222 8753 8754 -edge_39_0_+disjointig_10_7333_16105 4 3535 8772 -1 -1 3414 0.00333528
Chain
	Aln	79	+b7bb33fe-ec0b-4cbf-9395-eae5411f7e21 13 3724 3727 -edge_40_0_+disjointig_18_10918_29070 2765 6483 18152 -1 -1 3592 0.00417605
Chain
	Aln	78	-b7bb33fe-ec0b-4cbf-9395-eae5411f7e21 2 3713 3727 +edge_40_0_+disjointig_18_10918_29070 11668 15386 18152 -1 -1 3592 0.00417605
Chain
	Aln	17	+1895a7e1-ce4e-48c7-93e8-c29b87e671f9 10 4315 4318 -edge_9_0_+disjointig_16_0_4315 9 4312 4315 -1 -1 4267 0.00251301
Chain
	Aln	16	-1895a7e1-ce4e-48c7-93e8-c29b87e671f9 2 4307 4318 +edge_9_0_+disjointig_16_0_4315 2 4305 4315 -1 -1 4267 0.00251301
Chain
	Aln	75	+84fc54b3-644b-45a9-9895-9382562a5406 10 1745 1747 -edge_38_0_+disjointig_9_0_30904 24238 25967 30904 -1 -1 1702 0.00125027
Chain
	Aln	74	-84fc54b3-644b-45a9-9895-9382562a5406 1 1736 1747 +edge_38_0_+disjointig_9_0_30904 4936 6665 30904 -1 -1 1702 0.00125027
Chain
	Aln	67	+9fb1fc28-cbf6-4368-9b4b-ae39e8637575 12 2492 2494 -edge_34_0_+disjointig_5_0_5631 3152 5629 5631 -1 -1 2474 0.00236353
Chain
	Aln	66	-9fb1fc28-cbf6-4368-9b4b-ae39e8637575 1 2481 2494 +edge_34_0_+disjointig_5_0_5631 1 2478 5631 -1 -1 2474 0.00236353
Chain
	Aln	56	+e425828e-3c15-41b8-b05f-77641df07b17 1 7478 7864 +edge_29_0_+disjointig_33_0_7487 1 7478 7487 -1 -1 7387 0.000691402
Chain
	Aln	57	-e425828e-3c15-41b8-b05f-77641df07b17 385 7862 7864 -edge_29_0_+disjointig_33_0_7487 8 7485 7487 -1 -1 7387 0.000691402
Chain
	Aln	78	+2e8ee8a6-d237-4f31-9d48-17012fdff20a 15 3891 3995 +edge_40_0_+disjointig_18_10918_29070 13253 17149 18152 -1 -1 3372 0.0149425
Chain
	Aln	79	-2e8ee8a6-d237-4f31-9d48-17012fdff20a 103 3979 3995 -edge_40_0_+disjointig_18_10918_29070 1002 4898 18152 -1 -1 3372 0.0149425
Chain
	Aln	39	+a6a87654-6509-44f1-a907-816e7689a490 13 2848 2851 -edge_20_0_+disjointig_25_0_2845 12 2842 2845 -1 -1 2632 0.00835706
Chain
	Aln	38	-a6a87654-6509-44f1-a907-816e7689a490 2 2837 2851 +edge_20_0_+disjointig_25_0_2845 2 2832 2845 -1 -1 2632 0.00835706
Chain
	Aln	13	+944eef87-a14e-4541-8bc2-2a570e1b4f31 14 1676 2974 -edge_7_0_+disjointig_14_0_22210 8684 10346 22210 -1 -1 1635 0.00267108
Chain
	Aln	12	-944eef87-a14e-4541-8bc2-2a570e1b4f31 1297 2959 2974 +edge_7_0_+disjointig_14_0_22210 11863 13525 22210 -1 -1 1635 0.00267108
Chain
	Aln	37	+2c68d003-03d9-4040-88aa-906388a8713d 255 9756 9762 -edge_19_0_+disjointig_24_0_9522 14 9516 9522 -1 -1 9399 0.00162848
Chain
	Aln	36	-2c68d003-03d9-4040-88aa-906388a8713d 5 9506 9762 +edge_19_0_+disjointig_24_0_9522 5 9507 9522 -1 -1 9399 0.00162848
Chain
	Aln	74	+738bacad-cefd-4e82-9e13-cf98e1f86790 384 1674 1677 +edge_38_0_+disjointig_9_0_30904 7 1297 30904 -1 -1 1282 0.000485403
Chain
	Aln	75	-738bacad-cefd-4e82-9e13-cf98e1f86790 2 1292 1677 -edge_38_0_+disjointig_9_0_30904 29606 30896 30904 -1 -1 1282 0.000485403
Chain
	Aln	13	+80157c61-c34a-49a6-b25a-3d6c37131ebe 15 22172 22332 -edge_7_0_+disjointig_14_0_22210 14 22205 22210 -1 -1 21619 0.00306047
Chain
	Aln	12	-80157c61-c34a-49a6-b25a-3d6c37131ebe 159 22316 22332 +edge_7_0_+disjointig_14_0_22210 4 22195 22210 -1 -1 21619 0.00306047
Chain
	Aln	26	+df255acd-6c1e-47b1-bd8a-300b6b2ccc4e 74 2431 2434 +edge_14_0_+disjointig_2_0_10485 2691 5048 10485 -1 -1 2316 0.00493689
Chain
	Aln	27	-df255acd-6c1e-47b1-bd8a-300b6b2ccc4e 2 2359 2434 -edge_14_0_+disjointig_2_0_10485 5436 7793 10485 -1 -1 2316 0.00493689
Chain
	Aln	12	+be3b85b5-79ce-4855-9975-925fbbaecf42 5 2188 3606 +edge_7_0_+disjointig_14_0_22210 8030 10213 22210 -1 -1 2116 0.00542171
Chain
	Aln	13	-be3b85b5-79ce-4855-9975-925fbbaecf42 1417 3600 3606 -edge_7_0_+disjointig_14_0_22210 11996 14179 22210 -1 -1 2116 0.00542171
Chain
	Aln	76	+e76b34c6-c52a-4502-9620-e04d20e7e01f 9 8741 8752 +edge_39_0_+disjointig_10_7333_16105 30 8767 8772 -1 -1 8620 0.00136441
Chain
	Aln	77	-e76b34c6-c52a-4502-9620-e04d20e7e01f 10 8742 8752 -edge_39_0_+disjointig_10_7333_16105 4 8741 8772 -1 -1 8620 0.00136441
Chain
	Aln	78	+4679db8f-83f6-4877-aa91-cf9f21d64957 15 1379 1381 +edge_40_0_+disjointig_18_10918_29070 11119 12483 18152 -1 -1 1364 0
Chain
	Aln	79	-4679db8f-83f6-4877-aa91-cf9f21d64957 1 1365 1381 -edge_40_0_+disjointig_18_10918_29070 5668 7032 18152 -1 -1 1364 0
Chain
	Aln	67	+a3c83f82-99df-4c1c-87bd-389b645cee95 6 5632 7491 -edge_34_0_+disjointig_5_0_5631 5 5630 5631 -1 -1 5619 0.000941085
Chain
	Aln	66	-a3c83f82-99df-4c1c-87bd-389b645cee95 1858 7484 7491 +edge_34_0_+disjointig_5_0_5631 0 5625 5631 -1 -1 5619 0.000941085
Chain
	Aln	51	+e8bbcc9f-f012-41b1-b153-e95d1534b04d 17 8897 8905 -edge_26_0_+disjointig_30_0_9641 16 8887 9641 -1 -1 8786 0.00137698
Chain
	Aln	50	-e8bbcc9f-f012-41b1-b153-e95d1534b04d 7 8887 8905 +edge_26_0_+disjointig_30_0_9641 753 9624 9641 -1 -1 8786 0.00137698
Chain
	Aln	79	+9169d48b-23c7-4853-96c4-c31f6c69b353 8 1426 1431 -edge_40_0_+disjointig_18_10918_29070 9703 11120 18152 -1 -1 1401 0.00454845
Chain
	Aln	78	-9169d48b-23c7-4853-96c4-c31f6c69b353 4 1422 1431 +edge_40_0_+disjointig_18_10918_29070 7031 8448 18152 -1 -1 1401 0.00454845
Chain
	Aln	78	+5d96ec6a-a3eb-4f28-ab72-f5699e6885b4 3 2013 2018 +edge_40_0_+disjointig_18_10918_29070 8093 10108 18152 -1 -1 1917 0.00743616
Chain
	Aln	79	-5d96ec6a-a3eb-4f28-ab72-f5699e6885b4 4 2014 2018 -edge_40_0_+disjointig_18_10918_29070 8043 10058 18152 -1 -1 1917 0.00743616
Chain
	Aln	79	+e5dbdf72-997d-402c-ad87-73f22c62df9a 3 1362 1364 -edge_40_0_+disjointig_18_10918_29070 12104 13462 18152 -1 -1 1331 0.00405981
Chain
	Aln	78	-e5dbdf72-997d-402c-ad87-73f22c62df9a 1 1360 1364 +edge_40_0_+disjointig_18_10918_29070 4689 6047 18152 -1 -1 1331 0.00405981
Chain
	Aln	41	+adff35ad-c544-48da-a0ae-7bd6c076d973 11 2617 2619 -edge_21_0_+disjointig_26_0_2618 10 2616 2618 -1 -1 2548 0.00184084
Chain
	Aln	40	-adff35ad-c544-48da-a0ae-7bd6c076d973 1 2607 2619 +edge_21_0_+disjointig_26_0_2618 1 2607 2618 -1 -1 2548 0.00184084
Chain
	Aln	78	+9b646142-c66e-483a-ab4a-3199a32909e4 30 1243 1250 +edge_40_0_+disjointig_18_10918_29070 7246 8459 18152 -1 -1 1203 0.00471987
Chain
	Aln	79	-9b646142-c66e-483a-ab4a-3199a32909e4 6 1219 1250 -edge_40_0_+disjointig_18_10918_29070 9692 10905 18152 -1 -1 1203 0.00471987
Chain
	Aln	55	+f34f16d6-d894-4707-9785-9eceb8acdba3 13 6358 6363 -edge_28_0_+disjointig_32_0_7043 12 6358 7043 -1 -1 6330 0.000449138
Chain
	Aln	54	-f34f16d6-d894-4707-9785-9eceb8acdba3 4 6349 6363 +edge_28_0_+disjointig_32_0_7043 684 7030 7043 -1 -1 6330 0.000449138
Chain
	Aln	43	+b3ce9e48-6c9e-42fc-b919-ad0e8a8043fd 14 3149 3163 -edge_22_0_+disjointig_27_0_6687 13 3143 6687 -1 -1 3008 0.00524397
Chain
	Aln	42	-b3ce9e48-6c9e-42fc-b919-ad0e8a8043fd 13 3148 3163 +edge_22_0_+disjointig_27_0_6687 3543 6673 6687 -1 -1 3008 0.00524397
Chain
	Aln	27	+bbecf7dd-4e63-4c90-9d3d-ab9b6829f19f 10 10094 10133 -edge_14_0_+disjointig_2_0_10485 9 10144 10485 -1 -1 9879 0.00379528
Chain
	Aln	26	-bbecf7dd-4e63-4c90-9d3d-ab9b6829f19f 38 10122 10133 +edge_14_0_+disjointig_2_0_10485 340 10475 10485 -1 -1 9879 0.00379528
Chain
	Aln	11	+39ebf2f8-94dd-4f31-9c68-237150d84b3c 41 5242 12149 -edge_6_0_+disjointig_13_0_5245 40 5242 5245 -1 -1 5086 0.00140765
Chain
	Aln	10	-39ebf2f8-94dd-4f31-9c68-237150d84b3c 6906 12107 12149 +edge_6_0_+disjointig_13_0_5245 2 5204 5245 -1 -1 5086 0.00140765
Chain
	Aln	68	+91b93d06-9ee5-4e4e-95d0-59b09e0ce15d 22 14327 14333 +edge_35_0_+disjointig_6_0_14331 1 14306 14331 -1 -1 14256 0.000937158
Chain
	Aln	69	-91b93d06-9ee5-4e4e-95d0-59b09e0ce15d 5 14310 14333 -edge_35_0_+disjointig_6_0_14331 24 14329 14331 -1 -1 14256 0.000937158
Chain
	Aln	79	+f0df6b7c-d83f-4a3c-a7ca-b3271bd49d98 17 6079 6088 -edge_40_0_+disjointig_18_10918_29070 3002 9061 18152 -1 -1 5853 0.00388494
Chain
	Aln	78	-f0df6b7c-d83f-4a3c-a7ca-b3271bd49d98 8 6070 6088 +edge_40_0_+disjointig_18_10918_29070 9090 15149 18152 -1 -1 5853 0.00388494
Chain
	Aln	79	+68c6bd5b-e887-457a-ad95-337339a5dc6d 7 2488 2496 -edge_40_0_+disjointig_18_10918_29070 4235 6713 18152 -1 -1 2455 0.00198016
Chain
	Aln	78	-68c6bd5b-e887-457a-ad95-337339a5dc6d 7 2488 2496 +edge_40_0_+disjointig_18_10918_29070 11438 13916 18152 -1 -1 2455 0.00198016
Chain
	Aln	69	+d3a2d7e9-1b79-4a07-a8b3-3bed3a29ba96 12 14315 14317 -edge_35_0_+disjointig_6_0_14331 11 14329 14331 -1 -1 14160 0.00168592
Chain
	Aln	68	-d3a2d7e9-1b79-4a07-a8b3-3bed3a29ba96 1 14304 14317 +edge_35_0_+disjointig_6_0_14331 1 14319 14331 -1 -1 14160 0.00168592
Chain
	Aln	34	+65741cc7-6296-4c42-8bab-b932ddd164b9 1423 14285 14296 +edge_18_0_+disjointig_23_0_12876 4 12866 12876 -1 -1 12809 0
Chain
	Aln	35	-65741cc7-6296-4c42-8bab-b932ddd164b9 10 12872 14296 -edge_18_0_+disjointig_23_0_12876 9 12871 12876 -1 -1 12809 0
Chain
	Aln	0	+16d8b45c-204e-41c8-8151-24a7f8efb4c3 21 3145 3148 +edge_1_0_+disjointig_1_0_3146 1 3125 3146 -1 -1 3121 0.000888372
Chain
	Aln	1	-16d8b45c-204e-41c8-8151-24a7f8efb4c3 2 3126 3148 -edge_1_0_+disjointig_1_0_3146 20 3144 3146 -1 -1 3121 0.000888372
Chain
	Aln	1	+7f4afdba-cfda-4b17-87e2-f8318028a146 7 3139 3141 -edge_1_0_+disjointig_1_0_3146 6 3144 3146 -1 -1 3065 0.00318924
Chain
	Aln	0	-7f4afdba-cfda-4b17-87e2-f8318028a146 1 3133 3141 +edge_1_0_+disjointig_1_0_3146 1 3139 3146 -1 -1 3065 0.00318924
Chain
	Aln	52	+ee18eb95-b6d1-42c6-a406-7636535e6bde 7 10214 10220 +edge_27_0_+disjointig_31_0_12994 2778 12989 12994 -1 -1 10133 0.00179384
Chain
	Aln	53	-ee18eb95-b6d1-42c6-a406-7636535e6bde 5 10212 10220 -edge_27_0_+disjointig_31_0_12994 4 10215 12994 -1 -1 10133 0.00179384
Chain
	Aln	79	+574b35e8-bb7e-48c4-ba1b-abc5bcbefa3d 14 2954 2962 -edge_40_0_+disjointig_18_10918_29070 2859 5799 18152 -1 -1 2894 0.00272403
Chain
	Aln	78	-574b35e8-bb7e-48c4-ba1b-abc5bcbefa3d 7 2947 2962 +edge_40_0_+disjointig_18_10918_29070 12352 15292 18152 -1 -1 2894 0.00272403
Chain
	Aln	78	+883982d8-34c2-4e21-98a2-c0221d5983bb 6 9067 9071 +edge_40_0_+disjointig_18_10918_29070 7707 16765 18152 -1 -1 8985 0.00207977
Chain
	Aln	79	-883982d8-34c2-4e21-98a2-c0221d5983bb 3 9064 9071 -edge_40_0_+disjointig_18_10918_29070 1386 10444 18152 -1 -1 8985 0.00207977
Chain
	Aln	19	+90ba0bcb-97d1-4e67-9265-c0b824856839 374 21255 21257 -edge_10_0_+disjointig_17_0_20888 9 20886 20888 -1 -1 20631 0.000994213
Chain
	Aln	18	-90ba0bcb-97d1-4e67-9265-c0b824856839 1 20882 21257 +edge_10_0_+disjointig_17_0_20888 1 20878 20888 -1 -1 20631 0.000994213
