Edge	16	36	13	0	0	0	34	-1
	Sequence	+edge_9_0_+disjointig_3_613594_1308103 694509 3 4781054 613594 1308103
Edge	17	53	1	0	0	0	34	-1
	Sequence	-edge_9_0_+disjointig_3_613594_1308103 694509 -3 4781054 3472950 4167459
Edge	18	8	28	0	0	0	31	-1
	Sequence	+edge_10_0_-disjointig_3_171992_207877 35885 -3 4781054 171992 207877
Edge	19	30	7	0	0	0	31	-1
	Sequence	-edge_10_0_-disjointig_3_171992_207877 35885 3 4781054 4573176 4609061
Edge	20	12	31	0	0	0	26	-1
	Sequence	+edge_11_0_+disjointig_3_1313530_1969447 655917 3 4781054 1313530 1969447
Edge	21	33	19	0	0	0	26	-1
	Sequence	-edge_11_0_+disjointig_3_1313530_1969447 655917 -3 4781054 2811606 3467523
Edge	22	3	39	0	0	0	36	-1
	Sequence	+edge_12_0_-disjointig_3_213197_642880 429683 -3 4781054 213197 642880
Edge	23	47	15	0	0	0	36	-1
	Sequence	-edge_12_0_-disjointig_3_213197_642880 429683 3 4781054 4138173 4567856
Edge	24	4	50	0	0	0	40	-1
	Sequence	+edge_13_0_-disjointig_3_32497_118701 86204 -3 4781054 32497 118701
Edge	25	48	27	0	0	0	40	-1
	Sequence	-edge_13_0_-disjointig_3_32497_118701 86204 3 4781054 4662352 4748556
Edge	26	20	51	0	0	0	27	-1
	Sequence	+edge_14_0_-disjointig_3_912872_1378805 465933 -3 4781054 912872 1378805
Edge	27	43	0	0	0	0	27	-1
	Sequence	-edge_14_0_-disjointig_3_912872_1378805 465933 3 4781054 3402248 3868181
Edge	32	10	16	0	0	0	42	-1
	Sequence	+edge_17_0_+disjointig_3_26370_136622 110252 3 4781054 26370 136622
Edge	33	32	18	0	0	0	42	-1
	Sequence	-edge_17_0_+disjointig_3_26370_136622 110252 -3 4781054 4644431 4754683
Edge	34	14	37	0	0	0	39	-1
	Sequence	+edge_18_0_-disjointig_3_4172704_4638425 465721 -3 4781054 4172704 4638425
Edge	35	49	2	0	0	0	39	-1
	Sequence	-edge_18_0_-disjointig_3_4172704_4638425 465721 3 4781054 142628 608349
Edge	36	35	34	0	0	0	31	-1
	Sequence	+edge_19_0_+disjointig_3_3873435_4135160 261725 3 4781054 3873435 4135160
Edge	37	29	26	0	0	0	31	-1
	Sequence	-edge_19_0_+disjointig_3_3873435_4135160 261725 -3 4781054 645893 907618
Edge	38	6	22	0	0	0	31	-1
	Sequence	+edge_20_0_+disjointig_3_4614426_4658700 44274 3 4781054 4614426 4658700
Edge	39	41	24	0	0	0	31	-1
	Sequence	-edge_20_0_+disjointig_3_4614426_4658700 44274 -3 4781054 122353 166627
Edge	42	45	42	0	0	0	25	-1
	Sequence	+edge_22_0_+disjointig_3_1975454_2476433 500979 3 4781054 1975454 2476433
Edge	43	46	23	0	0	0	25	-1
	Sequence	-edge_22_0_+disjointig_3_1975454_2476433 500979 -3 4781054 2304620 2805599
Edge	46	17	38	0	0	0	25	-1
	Sequence	+edge_24_0_+disjointig_3_2479446_3398584 919138 3 4781054 2479446 3398584
Edge	47	52	44	0	0	0	25	-1
	Sequence	-edge_24_0_+disjointig_3_2479446_3398584 919138 -3 4781054 1382469 2301607
Edge	50	40	40	0	0	0	32	-1
	Sequence	+edge_26_0_+disjointig_1_43905_177322 133417 1 177327 43905 177322
Edge	51	25	25	0	0	0	32	-1
	Sequence	-edge_26_0_+disjointig_1_43905_177322 133417 -1 177327 4 133421
Edge	52	21	11	0	0	0	63	-1
	Sequence	+edge_27_0_+disjointig_2_49755_136218 86463 2 184847 49755 136218
Edge	53	9	5	0	0	0	63	-1
	Sequence	-edge_27_0_+disjointig_2_49755_136218 86463 -2 184847 48628 135091
Edge	56	31	45	0	0	0	25	-1
	Sequence	+edge_29_0_+1478735e-56a6-4dd8-a232-ec4f7464c3b3_22847_28867 6020 * 0 0 0
Edge	57	23	33	0	0	0	25	-1
	Sequence	-edge_29_0_+1478735e-56a6-4dd8-a232-ec4f7464c3b3_22847_28867 6020 * 0 0 0
Edge	58	16	49	0	0	0	40	-1
	Sequence	+edge_30_0_+9e5126af-353e-474b-bc12-dd32e45665a5_8751_14773 6022 * 0 0 0
Edge	59	37	32	0	0	0	40	-1
	Sequence	-edge_30_0_+9e5126af-353e-474b-bc12-dd32e45665a5_8751_14773 6022 * 0 0 0
Edge	60	39	29	0	0	0	33	-1
	Sequence	+edge_31_0_+0f84735b-a76a-4c56-93e5-817886492b9f_2382_5416 3034 * 0 0 0
Edge	61	34	47	0	0	0	33	-1
	Sequence	-edge_31_0_+0f84735b-a76a-4c56-93e5-817886492b9f_2382_5416 3034 * 0 0 0
Edge	62	42	17	0	0	0	25	-1
	Sequence	+edge_32_0_-56497b33-48f5-4e4d-bfde-700db5d99964_3336_6362 3026 * 0 0 0
Edge	63	44	46	0	0	0	25	-1
	Sequence	-edge_32_0_-56497b33-48f5-4e4d-bfde-700db5d99964_3336_6362 3026 * 0 0 0
Edge	64	22	48	0	0	0	35	-1
	Sequence	+edge_33_0_-0c97789f-0d31-4912-95db-8b5fb56b4529_890_4550 3660 * 0 0 0
Edge	65	50	41	0	0	0	35	-1
	Sequence	-edge_33_0_-0c97789f-0d31-4912-95db-8b5fb56b4529_890_4550 3660 * 0 0 0
Edge	66	38	43	0	0	0	26	-1
	Sequence	+edge_34_0_+b384ea72-1f0e-444d-918e-6a26ec40f3ba_543_4212 3669 * 0 0 0
Edge	67	51	52	0	0	0	26	-1
	Sequence	-edge_34_0_+b384ea72-1f0e-444d-918e-6a26ec40f3ba_543_4212 3669 * 0 0 0
Edge	68	19	53	0	0	0	30	-1
	Sequence	+edge_35_0_+bccef32b-8fd0-4b5c-96bf-8245c15fd8bd_4594_10017 5423 * 0 0 0
Edge	69	13	12	0	0	0	30	-1
	Sequence	-edge_35_0_+bccef32b-8fd0-4b5c-96bf-8245c15fd8bd_4594_10017 5423 * 0 0 0
Edge	70	11	10	0	0	0	52	-1
	Sequence	+edge_36_0_-e7f9cd98-3be8-423a-844c-3c934b8a4801_978_6334 5356 * 0 0 0
Edge	71	18	9	0	0	0	52	-1
	Sequence	-edge_36_0_-e7f9cd98-3be8-423a-844c-3c934b8a4801_978_6334 5356 * 0 0 0
Edge	72	24	8	0	0	0	31	-1
	Sequence	+edge_37_0_-543b04d8-969a-431a-8bd4-d786e59ebe31_5549_10912 5363 * 0 0 0
Edge	73	7	6	0	0	0	31	-1
	Sequence	-edge_37_0_-543b04d8-969a-431a-8bd4-d786e59ebe31_5549_10912 5363 * 0 0 0
Edge	74	27	21	0	0	0	51	-1
	Sequence	+edge_38_0_-14435903-dc22-471d-a272-680032675b7d_7855_13293 5438 * 0 0 0
Edge	75	5	4	0	0	0	51	-1
	Sequence	-edge_38_0_-14435903-dc22-471d-a272-680032675b7d_7855_13293 5438 * 0 0 0
Edge	76	28	3	0	0	0	33	-1
	Sequence	+edge_39_0_+3d66ee90-6fa9-48f8-a271-0be813e7dc67_4806_10125 5319 * 0 0 0
Edge	77	15	30	0	0	0	33	-1
	Sequence	-edge_39_0_+3d66ee90-6fa9-48f8-a271-0be813e7dc67_4806_10125 5319 * 0 0 0
Edge	78	2	36	0	0	0	36	-1
	Sequence	+edge_40_0_-fc829e88-6a84-44e1-a131-87be06375358_1651_6892 5241 * 0 0 0
Edge	79	1	14	0	0	0	36	-1
	Sequence	-edge_40_0_-fc829e88-6a84-44e1-a131-87be06375358_1651_6892 5241 * 0 0 0
Edge	80	26	20	0	0	0	29	-1
	Sequence	+edge_41_0_-02f86e72-8e4a-4f9c-ae77-2d7b772da20b_13173_18425 5252 * 0 0 0
Edge	81	0	35	0	0	0	29	-1
	Sequence	-edge_41_0_-02f86e72-8e4a-4f9c-ae77-2d7b772da20b_13173_18425 5252 * 0 0 0
