Edge	8	254	202	0	0	0	69	-1
	Sequence	+edge_5_0_-disjointig_8_2686729_2699884 13155 -37 4879766 2686729 2699884
Edge	9	141	248	0	0	0	69	-1
	Sequence	-edge_5_0_-disjointig_8_2686729_2699884 13155 37 4879766 2179881 2193036
Edge	10	256	172	0	0	0	22	-1
	Sequence	+edge_6_0_+disjointig_10_206304_207224 920 1 325984 206304 207224
Edge	11	196	232	0	0	0	22	-1
	Sequence	-edge_6_0_+disjointig_10_206304_207224 920 -1 325984 118759 119679
Edge	12	250	179	0	0	0	66	-1
	Sequence	+edge_7_0_+disjointig_8_2195118_2503142 308024 37 4879766 2195118 2503142
Edge	13	2	251	0	0	0	66	-1
	Sequence	-edge_7_0_+disjointig_8_2195118_2503142 308024 -37 4879766 2376623 2684647
Edge	14	172	181	0	0	1	59	-1
	Sequence	+edge_8_0_+disjointig_10_207224_210057 2833 1 325984 207224 210057
	Sequence	+edge_8_1_+disjointig_9_83246_86082 2836 38 207745 83246 86082
Edge	15	199	196	0	0	1	59	-1
	Sequence	-edge_8_0_+disjointig_10_207224_210057 2833 -1 325984 115926 118759
	Sequence	-edge_8_1_+disjointig_9_83246_86082 2836 -38 207745 121662 124498
Edge	18	181	198	0	0	0	34	-1
	Sequence	+edge_10_0_+disjointig_10_210057_233623 23566 1 325984 210057 233623
Edge	19	176	199	0	0	0	34	-1
	Sequence	-edge_10_0_+disjointig_10_210057_233623 23566 -1 325984 92360 115926
Edge	20	9	38	0	0	0	25	-1
	Sequence	+edge_11_0_+disjointig_9_86082_130191 44109 38 207745 86082 130191
Edge	21	39	166	0	0	0	25	-1
	Sequence	-edge_11_0_+disjointig_9_86082_130191 44109 -38 207745 77553 121662
Edge	32	258	32	0	0	0	74	-1
	Sequence	+edge_17_0_-disjointig_8_2704143_2751368 47225 -37 4879766 2704143 2751368
Edge	33	29	217	0	0	0	74	-1
	Sequence	-edge_17_0_-disjointig_8_2704143_2751368 47225 37 4879766 2128397 2175622
Edge	38	137	165	0	0	0	1342	-1
	Sequence	+edge_20_0_+disjointig_12_16_2300 2284 3 2424 16 2300
	Sequence	+edge_20_1_-disjointig_14_31_2397 2366 -4 2480 31 2397
	Sequence	+edge_20_2_-disjointig_32_11_2205 2194 -19 2478 11 2205
	Sequence	+edge_20_3_+disjointig_40_110_2512 2402 26 2527 110 2512
	Sequence	+edge_20_4_-disjointig_45_385_2478 2093 -28 2481 385 2478
Edge	39	156	151	0	0	0	1342	-1
	Sequence	-edge_20_0_+disjointig_12_16_2300 2284 -3 2424 123 2407
	Sequence	-edge_20_1_-disjointig_14_31_2397 2366 4 2480 82 2448
	Sequence	-edge_20_2_-disjointig_32_11_2205 2194 19 2478 272 2466
	Sequence	-edge_20_3_+disjointig_40_110_2512 2402 -26 2527 14 2416
	Sequence	-edge_20_4_-disjointig_45_385_2478 2093 28 2481 2 2095
Edge	48	215	187	0	0	0	1217	-1
	Sequence	+edge_25_0_+disjointig_20_22_2459 2437 9 2553 22 2459
	Sequence	+edge_25_1_+disjointig_29_12_2444 2432 16 2478 12 2444
Edge	49	194	203	0	0	0	1217	-1
	Sequence	-edge_25_0_+disjointig_20_22_2459 2437 -9 2553 93 2530
	Sequence	-edge_25_1_+disjointig_29_12_2444 2432 -16 2478 33 2465
Edge	56	233	164	0	0	0	32	-1
	Sequence	+edge_29_0_+disjointig_24_3549_4546 997 12 15415 3549 4546
	Sequence	+edge_29_1_+disjointig_39_13187_14184 997 25 15785 13187 14184
	Sequence	+edge_29_2_-disjointig_6_3180146_3181143 997 -35 4925838 3180146 3181143
Edge	57	163	53	0	0	0	32	-1
	Sequence	-edge_29_0_+disjointig_24_3549_4546 997 -12 15415 10868 11865
	Sequence	-edge_29_1_+disjointig_39_13187_14184 997 -25 15785 1600 2597
	Sequence	-edge_29_2_-disjointig_6_3180146_3181143 997 35 4925838 1744694 1745691
Edge	60	53	263	0	0	0	36	-1
	Sequence	+edge_31_0_-disjointig_39_2597_4924 2327 -25 15785 2597 4924
	Sequence	+edge_31_1_+disjointig_6_1745691_1748021 2330 35 4925838 1745691 1748021
Edge	61	134	233	0	0	0	36	-1
	Sequence	-edge_31_0_-disjointig_39_2597_4924 2327 25 15785 10860 13187
	Sequence	-edge_31_1_+disjointig_6_1745691_1748021 2330 -35 4925838 3177816 3180146
Edge	66	164	214	0	0	0	31	-1
	Sequence	+edge_34_0_-disjointig_6_3181143_3187974 6831 -35 4925838 3181143 3187974
Edge	67	23	163	0	0	0	31	-1
	Sequence	-edge_34_0_-disjointig_6_3181143_3187974 6831 35 4925838 1737863 1744694
Edge	90	263	21	0	0	0	33	-1
	Sequence	+edge_46_0_+disjointig_6_1748021_1909526 161505 35 4925838 1748021 1909526
Edge	91	22	134	0	0	0	33	-1
	Sequence	-edge_46_0_+disjointig_6_1748021_1909526 161505 -35 4925838 3016311 3177816
Edge	100	155	266	0	0	0	39	-1
	Sequence	+edge_51_0_+disjointig_6_2081386_2090335 8949 35 4925838 2081386 2090335
Edge	101	206	130	0	0	0	39	-1
	Sequence	-edge_51_0_+disjointig_6_2081386_2090335 8949 -35 4925838 2835502 2844451
Edge	108	183	145	0	0	0	37	-1
	Sequence	+edge_55_0_+disjointig_6_2093324_2105635 12311 35 4925838 2093324 2105635
Edge	109	208	171	0	0	0	37	-1
	Sequence	-edge_55_0_+disjointig_6_2093324_2105635 12311 -35 4925838 2820202 2832513
Edge	110	145	57	0	0	0	32	-1
	Sequence	+edge_56_0_+disjointig_48_35693_41877 6184 30 43553 35693 41877
	Sequence	+edge_56_1_+disjointig_6_2105635_2111886 6251 35 4925838 2105635 2111886
Edge	111	7	208	0	0	0	32	-1
	Sequence	-edge_56_0_+disjointig_48_35693_41877 6184 -30 43553 1675 7859
	Sequence	-edge_56_1_+disjointig_6_2105635_2111886 6251 -35 4925838 2813951 2820202
Edge	114	133	25	0	0	0	23	-1
	Sequence	+edge_58_0_-disjointig_6_3603266_3687263 83997 -35 4925838 3603266 3687263
Edge	115	235	43	0	0	0	23	-1
	Sequence	-edge_58_0_-disjointig_6_3603266_3687263 83997 35 4925838 1238574 1322571
Edge	116	192	269	0	0	0	30	-1
	Sequence	+edge_59_0_+disjointig_6_2904128_2961005 56877 35 4925838 2904128 2961005
Edge	117	40	72	0	0	0	30	-1
	Sequence	-edge_59_0_+disjointig_6_2904128_2961005 56877 -35 4925838 1964832 2021709
Edge	118	131	28	0	0	0	35	-1
	Sequence	+edge_60_0_-disjointig_6_2547703_2636202 88499 -35 4925838 2547703 2636202
Edge	119	74	46	0	0	0	35	-1
	Sequence	-edge_60_0_-disjointig_6_2547703_2636202 88499 35 4925838 2289635 2378134
Edge	120	27	6	0	0	0	42	-1
	Sequence	+edge_61_0_-disjointig_6_2641873_2767367 125494 -35 4925838 2641873 2767367
Edge	121	8	26	0	0	0	42	-1
	Sequence	-edge_61_0_-disjointig_6_2641873_2767367 125494 35 4925838 2158470 2283964
Edge	122	81	236	0	0	0	30	-1
	Sequence	+edge_62_0_-disjointig_6_2772995_2808873 35878 -35 4925838 2772995 2808873
Edge	123	3	173	0	0	0	30	-1
	Sequence	-edge_62_0_-disjointig_6_2772995_2808873 35878 35 4925838 2116964 2152842
Edge	124	14	99	0	0	0	24	-1
	Sequence	+edge_63_0_+disjointig_6_3647389_4295023 647634 35 4925838 3647389 4295023
Edge	125	153	18	0	0	0	24	-1
	Sequence	-edge_63_0_+disjointig_6_3647389_4295023 647634 -35 4925838 630814 1278448
Edge	126	34	136	0	0	0	58	-1
	Sequence	+edge_64_0_-disjointig_8_2951685_3192066 240381 -37 4879766 2951685 3192066
Edge	127	71	178	0	0	0	58	-1
	Sequence	-edge_64_0_-disjointig_8_2951685_3192066 240381 37 4879766 1687699 1928080
Edge	128	201	67	0	0	0	55	-1
	Sequence	+edge_65_0_-disjointig_8_3970672_4030935 60263 -37 4879766 3970672 4030935
Edge	129	100	200	0	0	0	55	-1
	Sequence	-edge_65_0_-disjointig_8_3970672_4030935 60263 37 4879766 848830 909093
Edge	130	4	132	0	0	0	46	-1
	Sequence	+edge_66_0_+disjointig_8_3129644_4029938 900294 37 4879766 3129644 4029938
Edge	131	61	5	0	0	0	46	-1
	Sequence	-edge_66_0_+disjointig_8_3129644_4029938 900294 -37 4879766 849827 1750121
Edge	132	174	12	0	0	0	61	-1
	Sequence	+edge_67_0_+disjointig_8_2505712_2610968 105256 37 4879766 2505712 2610968
Edge	133	17	244	0	0	0	61	-1
	Sequence	-edge_67_0_+disjointig_8_2505712_2610968 105256 -37 4879766 2268797 2374053
Edge	134	221	20	0	0	0	55	-1
	Sequence	+edge_68_0_-disjointig_8_3209827_3965564 755737 -37 4879766 3209827 3965564
Edge	135	66	185	0	0	0	55	-1
	Sequence	-edge_68_0_-disjointig_8_3209827_3965564 755737 37 4879766 914201 1669938
Edge	136	11	129	0	0	0	55	-1
	Sequence	+edge_69_0_+disjointig_8_2616074_3124060 507986 37 4879766 2616074 3124060
Edge	137	267	13	0	0	0	55	-1
	Sequence	-edge_69_0_+disjointig_8_2616074_3124060 507986 -37 4879766 1755705 2263691
Edge	138	31	209	0	0	0	60	-1
	Sequence	+edge_70_0_-disjointig_8_2756459_2866461 110002 -37 4879766 2756459 2866461
Edge	139	241	30	0	0	0	60	-1
	Sequence	-edge_70_0_-disjointig_8_2756459_2866461 110002 37 4879766 2013304 2123306
Edge	140	182	35	0	0	0	60	-1
	Sequence	+edge_71_0_-disjointig_8_2871735_2946441 74706 -37 4879766 2871735 2946441
Edge	141	231	37	0	0	0	60	-1
	Sequence	-edge_71_0_-disjointig_8_2871735_2946441 74706 37 4879766 1933324 2008030
Edge	154	240	91	0	0	0	25	-1
	Sequence	+edge_78_0_+disjointig_6_3563933_3597405 33472 35 4925838 3563933 3597405
Edge	155	92	220	0	0	0	25	-1
	Sequence	-edge_78_0_+disjointig_6_3563933_3597405 33472 -35 4925838 1328432 1361904
Edge	160	223	224	0	0	0	1082	-1
	Sequence	+edge_81_0_+disjointig_52_0_2481 2481 34 2482 0 2481
Edge	161	225	226	0	0	0	1082	-1
	Sequence	-edge_81_0_+disjointig_52_0_2481 2481 -34 2482 0 2481
Edge	170	1	159	0	0	0	31	-1
	Sequence	+edge_86_0_+disjointig_6_2964581_3322083 357502 35 4925838 2964581 3322083
Edge	171	140	0	0	0	0	31	-1
	Sequence	-edge_86_0_+disjointig_6_2964581_3322083 357502 -35 4925838 1603754 1961256
Edge	172	193	85	0	0	0	32	-1
	Sequence	+edge_87_0_-disjointig_6_3190236_3206074 15838 -35 4925838 3190236 3206074
Edge	173	204	33	0	0	0	32	-1
	Sequence	-edge_87_0_-disjointig_6_3190236_3206074 15838 35 4925838 1719763 1735601
Edge	174	48	80	0	0	0	24	-1
	Sequence	+edge_88_0_+disjointig_9_16421_17981 1560 38 207745 16421 17981
	Sequence	+edge_88_1_+disjointig_9_183348_184908 1560 38 207745 183348 184908
Edge	175	77	222	0	0	0	24	-1
	Sequence	-edge_88_0_+disjointig_9_16421_17981 1560 -38 207745 189763 191323
	Sequence	-edge_88_1_+disjointig_9_183348_184908 1560 -38 207745 22836 24396
Edge	178	191	218	0	0	0	25	-1
	Sequence	+edge_90_0_+disjointig_6_282046_774903 492857 35 4925838 282046 774903
Edge	179	272	97	0	0	0	25	-1
	Sequence	-edge_90_0_+disjointig_6_282046_774903 492857 -35 4925838 4150934 4643791
Edge	180	24	106	0	0	0	35	-1
	Sequence	+edge_91_0_-disjointig_6_3690823_3699120 8297 -35 4925838 3690823 3699120
Edge	181	154	128	0	0	0	35	-1
	Sequence	-edge_91_0_-disjointig_6_3690823_3699120 8297 35 4925838 1226717 1235014
Edge	182	47	86	0	0	0	28	-1
	Sequence	+edge_92_0_-disjointig_9_194899_197741 2842 -38 207745 194899 197741
	Sequence	+edge_92_1_-disjointig_9_27972_30814 2842 -38 207745 27972 30814
Edge	183	87	49	0	0	0	28	-1
	Sequence	-edge_92_0_-disjointig_9_194899_197741 2842 38 207745 10003 12845
	Sequence	-edge_92_1_-disjointig_9_27972_30814 2842 38 207745 176930 179772
Edge	188	158	126	0	0	0	41	-1
	Sequence	+edge_95_0_-disjointig_6_2219924_2359049 139125 -35 4925838 2219924 2359049
Edge	189	127	188	0	0	0	41	-1
	Sequence	-edge_95_0_-disjointig_6_2219924_2359049 139125 35 4925838 2566788 2705913
Edge	190	252	139	0	0	0	43	-1
	Sequence	+edge_96_0_-disjointig_6_2362801_2496945 134144 -35 4925838 2362801 2496945
Edge	191	76	273	0	0	0	43	-1
	Sequence	-edge_96_0_-disjointig_6_2362801_2496945 134144 35 4925838 2428892 2563036
Edge	192	268	124	0	0	0	26	-1
	Sequence	+edge_97_0_+disjointig_6_778636_976659 198023 35 4925838 778636 976659
Edge	193	121	271	0	0	0	26	-1
	Sequence	-edge_97_0_+disjointig_6_778636_976659 198023 -35 4925838 3949178 4147201
Edge	194	259	265	0	0	0	34	-1
	Sequence	+edge_98_0_+disjointig_6_2709576_2886314 176738 35 4925838 2709576 2886314
Edge	195	68	186	0	0	0	34	-1
	Sequence	-edge_98_0_+disjointig_6_2709576_2886314 176738 -35 4925838 2039523 2216261
Edge	198	116	83	0	0	0	20	-1
	Sequence	+edge_100_0_-disjointig_6_66579_617397 550818 -35 4925838 66579 617397
Edge	199	84	120	0	0	0	20	-1
	Sequence	-edge_100_0_-disjointig_6_66579_617397 550818 35 4925838 4308440 4859258
Edge	200	123	115	0	0	0	27	-1
	Sequence	+edge_101_0_+disjointig_6_980343_1217096 236753 35 4925838 980343 1217096
Edge	201	111	122	0	0	0	27	-1
	Sequence	-edge_101_0_+disjointig_6_980343_1217096 236753 -35 4925838 3708741 3945494
Edge	204	142	94	0	0	0	34	-1
	Sequence	+edge_103_0_-disjointig_6_3216540_3220507 3967 -35 4925838 3216540 3220507
Edge	205	95	110	0	0	0	34	-1
	Sequence	-edge_103_0_-disjointig_6_3216540_3220507 3967 35 4925838 1705330 1709297
Edge	206	114	107	0	0	0	24	-1
	Sequence	+edge_104_0_+disjointig_6_1219236_1224430 5194 35 4925838 1219236 1224430
Edge	207	105	113	0	0	0	24	-1
	Sequence	-edge_104_0_+disjointig_6_1219236_1224430 5194 -35 4925838 3701407 3706601
Edge	208	108	135	0	0	0	31	-1
	Sequence	+edge_105_0_+disjointig_6_1711440_1717006 5566 35 4925838 1711440 1717006
Edge	209	227	230	0	0	0	31	-1
	Sequence	-edge_105_0_+disjointig_6_1711440_1717006 5566 -35 4925838 3208831 3214397
Edge	212	101	205	0	0	0	27	-1
	Sequence	+edge_107_0_-disjointig_6_627132_628237 1105 -35 4925838 627132 628237
Edge	213	98	104	0	0	0	27	-1
	Sequence	-edge_107_0_-disjointig_6_627132_628237 1105 35 4925838 4297600 4298705
Edge	214	103	148	0	0	0	26	-1
	Sequence	+edge_108_0_+disjointig_6_4300983_4305684 4701 35 4925838 4300983 4305684
Edge	215	82	102	0	0	0	26	-1
	Sequence	-edge_108_0_+disjointig_6_4300983_4305684 4701 -35 4925838 620153 624854
Edge	222	42	96	0	0	0	29	-1
	Sequence	+edge_112_0_+disjointig_6_1327656_1702755 375099 35 4925838 1327656 1702755
Edge	223	117	41	0	0	0	29	-1
	Sequence	-edge_112_0_+disjointig_6_1327656_1702755 375099 -35 4925838 3223082 3598181
Edge	224	16	93	0	0	0	25	-1
	Sequence	+edge_113_0_-disjointig_6_1283782_1325857 42075 -35 4925838 1283782 1325857
Edge	225	195	15	0	0	0	25	-1
	Sequence	-edge_113_0_-disjointig_6_1283782_1325857 42075 35 4925838 3599980 3642055
Edge	226	45	237	0	0	0	35	-1
	Sequence	+edge_114_0_+disjointig_6_2383264_2426438 43174 35 4925838 2383264 2426438
Edge	227	75	44	0	0	0	35	-1
	Sequence	-edge_114_0_+disjointig_6_2383264_2426438 43174 -35 4925838 2499399 2542573
Edge	228	112	69	0	0	0	31	-1
	Sequence	+edge_115_0_-disjointig_6_2026743_2037453 10710 -35 4925838 2026743 2037453
Edge	229	70	162	0	0	0	31	-1
	Sequence	-edge_115_0_-disjointig_6_2026743_2037453 10710 35 4925838 2888384 2899094
Edge	242	109	147	0	0	0	66	-1
	Sequence	+edge_122_0_-disjointig_8_3194134_3204862 10728 -37 4879766 3194134 3204862
Edge	243	19	73	0	0	0	66	-1
	Sequence	-edge_122_0_-disjointig_8_3194134_3204862 10728 37 4879766 1674903 1685631
Edge	252	65	58	0	0	0	45	-1
	Sequence	+edge_127_0_-disjointig_8_4034217_4612396 578179 -37 4879766 4034217 4612396
Edge	253	59	150	0	0	0	45	-1
	Sequence	-edge_127_0_-disjointig_8_4034217_4612396 578179 37 4879766 267369 845548
Edge	254	63	146	0	0	0	46	-1
	Sequence	+edge_128_0_+disjointig_8_152129_155441 3312 37 4879766 152129 155441
Edge	255	177	62	0	0	0	46	-1
	Sequence	-edge_128_0_+disjointig_8_152129_155441 3312 -37 4879766 4724324 4727636
Edge	258	60	55	0	0	0	44	-1
	Sequence	+edge_130_0_+disjointig_8_4032147_4036048 3901 37 4879766 4032147 4036048
Edge	259	157	255	0	0	0	44	-1
	Sequence	-edge_130_0_+disjointig_8_4032147_4036048 3901 -37 4879766 843717 847618
Edge	260	161	175	0	0	0	53	-1
	Sequence	+edge_131_0_+disjointig_8_157650_265229 107579 37 4879766 157650 265229
Edge	261	56	144	0	0	0	53	-1
	Sequence	-edge_131_0_+disjointig_8_157650_265229 107579 -37 4879766 4614536 4722115
Edge	264	249	207	0	0	0	32	-1
	Sequence	+edge_133_0_+disjointig_10_265615_325981 60366 1 325984 265615 325981
Edge	265	170	253	0	0	0	32	-1
	Sequence	-edge_133_0_+disjointig_10_265615_325981 60366 -1 325984 2 60368
Edge	266	207	245	0	0	0	38	-1
	Sequence	+edge_134_0_+disjointig_10_33966_204222 170256 1 325984 33966 204222
Edge	267	257	170	0	0	0	38	-1
	Sequence	-edge_134_0_+disjointig_10_33966_204222 170256 -1 325984 121761 292017
Edge	268	10	78	0	0	0	22	-1
	Sequence	+edge_135_0_-disjointig_9_124498_187309 62811 -38 207745 124498 187309
Edge	269	79	184	0	0	0	22	-1
	Sequence	-edge_135_0_-disjointig_9_124498_187309 62811 38 207745 20435 83246
Edge	270	198	260	0	0	0	33	-1
	Sequence	+edge_136_0_+disjointig_10_233623_261357 27734 1 325984 233623 261357
Edge	271	243	176	0	0	0	33	-1
	Sequence	-edge_136_0_+disjointig_10_233623_261357 27734 -1 325984 64626 92360
Edge	272	198	198	0	0	0	776	-1
	Sequence	+edge_137_0_+disjointig_7_1478_11353 9875 36 25773 1478 11353
	Sequence	+edge_137_1_+disjointig_7_11353_21243 9890 36 25773 11353 21243
Edge	273	176	176	0	0	0	776	-1
	Sequence	-edge_137_0_+disjointig_7_1478_11353 9875 -36 25773 14419 24294
	Sequence	-edge_137_1_+disjointig_7_11353_21243 9890 -36 25773 4529 14419
Edge	274	229	229	0	0	0	473	-1
	Sequence	+edge_138_0_+disjointig_11_9204_21561 12357 2 21564 9204 21561
Edge	275	169	169	0	0	0	473	-1
	Sequence	-edge_138_0_+disjointig_11_9204_21561 12357 -2 21564 2 12359
Edge	280	152	155	0	0	0	36	-1
	Sequence	+edge_141_0_+disjointig_6_1911792_2081386 169594 35 4925838 1911792 2081386
Edge	281	130	270	0	0	0	36	-1
	Sequence	-edge_141_0_+disjointig_6_1911792_2081386 169594 -35 4925838 2844451 3014045
Edge	284	212	212	0	0	0	620	-1
	Sequence	+edge_143_0_+disjointig_5_10261_23906 13645 32 38436 10261 23906
	Sequence	+edge_143_1_+disjointig_5_23906_37737 13831 32 38436 23906 37737
Edge	285	213	213	0	0	0	620	-1
	Sequence	-edge_143_0_+disjointig_5_10261_23906 13645 -32 38436 14529 28174
	Sequence	-edge_143_1_+disjointig_5_23906_37737 13831 -32 38436 698 14529
Edge	286	220	89	0	0	0	32	-1
	Sequence	+edge_144_0_-disjointig_6_1361904_1601177 239273 -35 4925838 1361904 1601177
Edge	287	90	240	0	0	0	32	-1
	Sequence	-edge_144_0_-disjointig_6_1361904_1601177 239273 35 4925838 3324660 3563933
Edge	288	119	228	0	0	0	20	-1
	Sequence	+edge_145_0_+disjointig_6_4862942_4925794 62852 35 4925838 4862942 4925794
Edge	289	210	118	0	0	0	20	-1
	Sequence	-edge_145_0_+disjointig_6_4862942_4925794 62852 -35 4925838 43 62895
Edge	290	228	36	0	0	0	20	-1
	Sequence	+edge_146_0_+disjointig_6_34668_278470 243802 35 4925838 34668 278470
Edge	291	261	210	0	0	0	20	-1
	Sequence	-edge_146_0_+disjointig_6_34668_278470 243802 -35 4925838 4647367 4891169
Edge	292	189	125	0	0	0	22	-1
	Sequence	+edge_147_0_+disjointig_9_133767_174355 40588 38 207745 133767 174355
Edge	293	211	180	0	0	0	22	-1
	Sequence	-edge_147_0_+disjointig_9_133767_174355 40588 -38 207745 33389 73977
Edge	294	54	197	0	0	0	44	-1
	Sequence	+edge_148_0_+disjointig_8_4038190_4879746 841556 37 4879766 4038190 4879746
Edge	295	239	219	0	0	0	44	-1
	Sequence	-edge_148_0_+disjointig_8_4038190_4879746 841556 -37 4879766 19 841575
Edge	296	197	64	0	0	0	49	-1
	Sequence	+edge_149_0_+disjointig_8_34454_148847 114393 37 4879766 34454 148847
Edge	297	242	239	0	0	0	49	-1
	Sequence	-edge_149_0_+disjointig_8_34454_148847 114393 -37 4879766 4730918 4845311
Edge	298	248	250	0	0	0	67	-1
	Sequence	+edge_150_0_+2f11a284-df1f-4863-8996-d18f0f04cd51_15512_17603 2091 * 0 0 0
Edge	299	251	254	0	0	0	67	-1
	Sequence	-edge_150_0_+2f11a284-df1f-4863-8996-d18f0f04cd51_15512_17603 2091 * 0 0 0
Edge	300	245	256	0	0	0	30	-1
	Sequence	+edge_151_0_+25609cd3-7e5c-451b-b440-53ff964bdb06_1008_3090 2082 * 0 0 0
Edge	301	232	257	0	0	0	30	-1
	Sequence	-edge_151_0_+25609cd3-7e5c-451b-b440-53ff964bdb06_1008_3090 2082 * 0 0 0
Edge	302	202	258	0	0	0	71	-1
	Sequence	+edge_152_0_+219e40cb-f649-47bc-9d2d-2e118e93b09d_12000_16266 4266 * 0 0 0
Edge	303	217	141	0	0	0	71	-1
	Sequence	-edge_152_0_+219e40cb-f649-47bc-9d2d-2e118e93b09d_12000_16266 4266 * 0 0 0
Edge	304	260	249	0	0	0	32	-1
	Sequence	+edge_153_0_-13ae81df-041b-4a6e-8613-12ab1c8a8858_2253_6524 4271 * 0 0 0
Edge	305	253	243	0	0	0	32	-1
	Sequence	-edge_153_0_-13ae81df-041b-4a6e-8613-12ab1c8a8858_2253_6524 4271 * 0 0 0
Edge	308	266	183	0	0	0	38	-1
	Sequence	+edge_155_0_-58c19243-5cd7-4287-aa51-61f16e17c52d_1634_4641 3007 * 0 0 0
Edge	309	171	206	0	0	0	38	-1
	Sequence	-edge_155_0_-58c19243-5cd7-4287-aa51-61f16e17c52d_1634_4641 3007 * 0 0 0
Edge	310	218	268	0	0	0	25	-1
	Sequence	+edge_156_0_+e8b351e7-f9cd-40de-970f-4f4f11a386cc_18385_22125 3740 * 0 0 0
Edge	311	271	272	0	0	0	25	-1
	Sequence	-edge_156_0_+e8b351e7-f9cd-40de-970f-4f4f11a386cc_18385_22125 3740 * 0 0 0
Edge	312	188	259	0	0	0	37	-1
	Sequence	+edge_157_0_+14dd1b60-adf4-4d42-b933-5a0d856867d9_10775_14445 3670 * 0 0 0
Edge	313	186	158	0	0	0	37	-1
	Sequence	-edge_157_0_+14dd1b60-adf4-4d42-b933-5a0d856867d9_10775_14445 3670 * 0 0 0
Edge	314	273	127	0	0	0	42	-1
	Sequence	+edge_158_0_+14cc59b5-405d-481d-9d82-925fa93bc8ce_1286_5045 3759 * 0 0 0
Edge	315	126	252	0	0	0	42	-1
	Sequence	-edge_158_0_+14cc59b5-405d-481d-9d82-925fa93bc8ce_1286_5045 3759 * 0 0 0
Edge	316	124	123	0	0	0	26	-1
	Sequence	+edge_159_0_-755d82af-bc5d-4963-950c-fc0ecf4ffa72_2798_6491 3693 * 0 0 0
Edge	317	122	121	0	0	0	26	-1
	Sequence	-edge_159_0_-755d82af-bc5d-4963-950c-fc0ecf4ffa72_2798_6491 3693 * 0 0 0
Edge	318	120	119	0	0	0	20	-1
	Sequence	+edge_160_0_-be0a5f17-1261-4ea0-9201-43cdb9ffa116_4013_7698 3685 * 0 0 0
Edge	319	118	116	0	0	0	20	-1
	Sequence	-edge_160_0_-be0a5f17-1261-4ea0-9201-43cdb9ffa116_4013_7698 3685 * 0 0 0
Edge	320	115	114	0	0	0	25	-1
	Sequence	+edge_161_0_-0ce5c956-ea0d-4db1-9077-8225903db1c9_1773_3926 2153 * 0 0 0
Edge	321	113	111	0	0	0	25	-1
	Sequence	-edge_161_0_-0ce5c956-ea0d-4db1-9077-8225903db1c9_1773_3926 2153 * 0 0 0
Edge	322	110	108	0	0	0	32	-1
	Sequence	+edge_162_0_-63da27e2-9d84-4599-8bed-6cfbfdebae7e_9378_11514 2136 * 0 0 0
Edge	323	230	142	0	0	0	32	-1
	Sequence	-edge_162_0_-63da27e2-9d84-4599-8bed-6cfbfdebae7e_9378_11514 2136 * 0 0 0
Edge	324	107	154	0	0	0	29	-1
	Sequence	+edge_163_0_-0ce5c956-ea0d-4db1-9077-8225903db1c9_9097_11410 2313 * 0 0 0
Edge	325	106	105	0	0	0	29	-1
	Sequence	-edge_163_0_-0ce5c956-ea0d-4db1-9077-8225903db1c9_9097_11410 2313 * 0 0 0
Edge	326	104	103	0	0	0	26	-1
	Sequence	+edge_164_0_+d584bdf5-d51b-4ee5-84e7-febf9cad2547_2972_5247 2275 * 0 0 0
Edge	327	102	101	0	0	0	26	-1
	Sequence	-edge_164_0_+d584bdf5-d51b-4ee5-84e7-febf9cad2547_2972_5247 2275 * 0 0 0
Edge	328	99	98	0	0	0	25	-1
	Sequence	+edge_165_0_+3cb1bbec-c3eb-4958-90f1-1ee14758abf1_11910_14498 2588 * 0 0 0
Edge	329	205	153	0	0	0	25	-1
	Sequence	-edge_165_0_+3cb1bbec-c3eb-4958-90f1-1ee14758abf1_11910_14498 2588 * 0 0 0
Edge	330	96	95	0	0	0	31	-1
	Sequence	+edge_166_0_+300086cf-8894-41a0-be9a-13f1bcc87d59_18651_21248 2597 * 0 0 0
Edge	331	94	117	0	0	0	31	-1
	Sequence	-edge_166_0_+300086cf-8894-41a0-be9a-13f1bcc87d59_18651_21248 2597 * 0 0 0
Edge	332	93	92	0	0	0	25	-1
	Sequence	+edge_167_0_-ba73a354-789b-47cc-8397-d7962d0fde1a_10068_12665 2597 * 0 0 0
Edge	333	91	195	0	0	0	25	-1
	Sequence	-edge_167_0_-ba73a354-789b-47cc-8397-d7962d0fde1a_10068_12665 2597 * 0 0 0
Edge	334	89	140	0	0	0	31	-1
	Sequence	+edge_168_0_-60819479-5011-49a5-b638-9b0887e5a95e_10175_12764 2589 * 0 0 0
Edge	335	159	90	0	0	0	31	-1
	Sequence	-edge_168_0_-60819479-5011-49a5-b638-9b0887e5a95e_10175_12764 2589 * 0 0 0
Edge	336	125	87	0	0	0	25	-1
	Sequence	+edge_169_0_-b08421a7-fe3c-41b0-88af-112405c0304f_1498_4089 2591 * 0 0 0
Edge	337	86	211	0	0	0	25	-1
	Sequence	-edge_169_0_-b08421a7-fe3c-41b0-88af-112405c0304f_1498_4089 2591 * 0 0 0
Edge	338	135	204	0	0	0	31	-1
	Sequence	+edge_170_0_+580c2763-4619-466f-bdb2-af1ee6f5745a_1073_3847 2774 * 0 0 0
Edge	339	85	227	0	0	0	31	-1
	Sequence	-edge_170_0_+580c2763-4619-466f-bdb2-af1ee6f5745a_1073_3847 2774 * 0 0 0
Edge	340	148	84	0	0	0	23	-1
	Sequence	+edge_171_0_+d584bdf5-d51b-4ee5-84e7-febf9cad2547_9941_12720 2779 * 0 0 0
Edge	341	83	82	0	0	0	23	-1
	Sequence	-edge_171_0_+d584bdf5-d51b-4ee5-84e7-febf9cad2547_9941_12720 2779 * 0 0 0
Edge	342	80	79	0	0	0	23	-1
	Sequence	+edge_172_0_-b08421a7-fe3c-41b0-88af-112405c0304f_12042_14521 2479 * 0 0 0
Edge	343	78	77	0	0	0	23	-1
	Sequence	-edge_172_0_-b08421a7-fe3c-41b0-88af-112405c0304f_12042_14521 2479 * 0 0 0
Edge	344	237	76	0	0	0	39	-1
	Sequence	+edge_173_0_+97027f47-0775-4176-bcc3-57947f3532c0_8263_10743 2480 * 0 0 0
Edge	345	139	75	0	0	0	39	-1
	Sequence	-edge_173_0_+97027f47-0775-4176-bcc3-57947f3532c0_8263_10743 2480 * 0 0 0
Edge	346	136	109	0	0	0	62	-1
	Sequence	+edge_174_0_+78c57a7f-2c4c-44c1-b809-a02d3e240c80_986_3064 2078 * 0 0 0
Edge	347	73	71	0	0	0	62	-1
	Sequence	-edge_174_0_+78c57a7f-2c4c-44c1-b809-a02d3e240c80_986_3064 2078 * 0 0 0
Edge	348	265	70	0	0	0	32	-1
	Sequence	+edge_175_0_+70b96f18-e71c-43e6-9c43-4d71ed3ad5e9_772_2866 2094 * 0 0 0
Edge	349	69	68	0	0	0	32	-1
	Sequence	-edge_175_0_+70b96f18-e71c-43e6-9c43-4d71ed3ad5e9_772_2866 2094 * 0 0 0
Edge	350	150	100	0	0	0	50	-1
	Sequence	+edge_176_0_+9e179bca-c7ca-432f-b0d0-3b32f3f9797a_4239_7538 3299 * 0 0 0
Edge	351	67	65	0	0	0	50	-1
	Sequence	-edge_176_0_+9e179bca-c7ca-432f-b0d0-3b32f3f9797a_4239_7538 3299 * 0 0 0
Edge	352	64	63	0	0	0	47	-1
	Sequence	+edge_177_0_+af8d4320-ec82-476d-87a0-1955000b461b_5570_8866 3296 * 0 0 0
Edge	353	62	242	0	0	0	47	-1
	Sequence	-edge_177_0_+af8d4320-ec82-476d-87a0-1955000b461b_5570_8866 3296 * 0 0 0
Edge	354	146	161	0	0	0	49	-1
	Sequence	+edge_178_0_-57204370-b04b-4bc7-949d-6ec18dc09d79_6092_8326 2234 * 0 0 0
Edge	355	144	177	0	0	0	49	-1
	Sequence	-edge_178_0_-57204370-b04b-4bc7-949d-6ec18dc09d79_6092_8326 2234 * 0 0 0
Edge	356	255	61	0	0	0	45	-1
	Sequence	+edge_179_0_+25c7050b-31b5-4958-8348-53164e7c3134_3652_5875 2223 * 0 0 0
Edge	357	132	60	0	0	0	45	-1
	Sequence	-edge_179_0_+25c7050b-31b5-4958-8348-53164e7c3134_3652_5875 2223 * 0 0 0
Edge	358	175	59	0	0	0	49	-1
	Sequence	+edge_180_0_+7efc6f36-4c63-4621-bab5-d0b177936f5c_648_2804 2156 * 0 0 0
Edge	359	58	56	0	0	0	49	-1
	Sequence	-edge_180_0_+7efc6f36-4c63-4621-bab5-d0b177936f5c_648_2804 2156 * 0 0 0
Edge	360	219	157	0	0	0	44	-1
	Sequence	+edge_181_0_-dde91cab-835e-4a56-998a-4a58f6ecf46e_19483_21630 2147 * 0 0 0
Edge	361	55	54	0	0	0	44	-1
	Sequence	-edge_181_0_-dde91cab-835e-4a56-998a-4a58f6ecf46e_19483_21630 2147 * 0 0 0
Edge	362	49	48	0	0	0	26	-1
	Sequence	+edge_182_0_+3a74c815-b670-4395-9442-5f867f9dc93b_12947_16520 3573 * 0 0 0
Edge	363	222	47	0	0	0	26	-1
	Sequence	-edge_182_0_+3a74c815-b670-4395-9442-5f867f9dc93b_12947_16520 3573 * 0 0 0
Edge	364	46	45	0	0	0	35	-1
	Sequence	+edge_183_0_-e406ca31-97bd-4520-9bff-eb1ea404f942_6937_12065 5128 * 0 0 0
Edge	365	44	131	0	0	0	35	-1
	Sequence	-edge_183_0_-e406ca31-97bd-4520-9bff-eb1ea404f942_6937_12065 5128 * 0 0 0
Edge	366	43	42	0	0	0	26	-1
	Sequence	+edge_184_0_+50a7467b-cfb2-4ffb-9123-5fc83f52bd29_11177_16256 5079 * 0 0 0
Edge	367	41	133	0	0	0	26	-1
	Sequence	-edge_184_0_+50a7467b-cfb2-4ffb-9123-5fc83f52bd29_11177_16256 5079 * 0 0 0
Edge	368	180	39	0	0	0	23	-1
	Sequence	+edge_185_0_-e81a432a-fdef-4c53-b1cc-c7ec0ade8a0c_5043_8618 3575 * 0 0 0
Edge	369	38	189	0	0	0	23	-1
	Sequence	-edge_185_0_-e81a432a-fdef-4c53-b1cc-c7ec0ade8a0c_5043_8618 3575 * 0 0 0
Edge	370	209	182	0	0	0	60	-1
	Sequence	+edge_186_0_+be3999d6-b14e-400d-b980-a045d1095abc_11398_16671 5273 * 0 0 0
Edge	371	37	241	0	0	0	60	-1
	Sequence	-edge_186_0_+be3999d6-b14e-400d-b980-a045d1095abc_11398_16671 5273 * 0 0 0
Edge	372	97	261	0	0	0	22	-1
	Sequence	+edge_187_0_+767a5d52-a09f-42e1-8049-de241b81eae3_15589_19165 3576 * 0 0 0
Edge	373	36	191	0	0	0	22	-1
	Sequence	-edge_187_0_+767a5d52-a09f-42e1-8049-de241b81eae3_15589_19165 3576 * 0 0 0
Edge	374	178	231	0	0	0	59	-1
	Sequence	+edge_188_0_+1ef6b38d-567a-4aa7-a1d0-af54209b0370_21444_26686 5242 * 0 0 0
Edge	375	35	34	0	0	0	59	-1
	Sequence	-edge_188_0_+1ef6b38d-567a-4aa7-a1d0-af54209b0370_21444_26686 5242 * 0 0 0
Edge	376	72	112	0	0	0	30	-1
	Sequence	+edge_189_0_+77a84cdd-1d69-45cd-9d25-76fbf02034db_4843_9874 5031 * 0 0 0
Edge	377	162	192	0	0	0	30	-1
	Sequence	-edge_189_0_+77a84cdd-1d69-45cd-9d25-76fbf02034db_4843_9874 5031 * 0 0 0
Edge	378	32	31	0	0	0	67	-1
	Sequence	+edge_190_0_-45362991-1cee-42d4-88d4-29458af2d359_633_5723 5090 * 0 0 0
Edge	379	30	29	0	0	0	67	-1
	Sequence	-edge_190_0_-45362991-1cee-42d4-88d4-29458af2d359_633_5723 5090 * 0 0 0
Edge	380	28	27	0	0	0	38	-1
	Sequence	+edge_191_0_-1953fcd1-834c-49a6-a57a-41d36997cd3d_4874_10544 5670 * 0 0 0
Edge	381	26	74	0	0	0	38	-1
	Sequence	-edge_191_0_-1953fcd1-834c-49a6-a57a-41d36997cd3d_4874_10544 5670 * 0 0 0
Edge	382	128	235	0	0	0	29	-1
	Sequence	+edge_192_0_-f7170def-06e4-44ae-b245-d97b5a8a41b0_1512_5071 3559 * 0 0 0
Edge	383	25	24	0	0	0	29	-1
	Sequence	-edge_192_0_-f7170def-06e4-44ae-b245-d97b5a8a41b0_1512_5071 3559 * 0 0 0
Edge	384	214	193	0	0	0	31	-1
	Sequence	+edge_193_0_+2833b588-f1f7-4ac1-9d9c-6b4136df3bf2_13157_15418 2261 * 0 0 0
Edge	385	33	23	0	0	0	31	-1
	Sequence	-edge_193_0_+2833b588-f1f7-4ac1-9d9c-6b4136df3bf2_13157_15418 2261 * 0 0 0
Edge	386	270	22	0	0	0	34	-1
	Sequence	+edge_194_0_-ebd57b00-71f3-40d5-b37b-8b6c8b81ecb3_533_2799 2266 * 0 0 0
Edge	387	21	152	0	0	0	34	-1
	Sequence	-edge_194_0_-ebd57b00-71f3-40d5-b37b-8b6c8b81ecb3_533_2799 2266 * 0 0 0
Edge	388	20	201	0	0	0	55	-1
	Sequence	+edge_195_0_+46722841-fbb8-4967-859d-c27d0f1645ec_43390_48496 5106 * 0 0 0
Edge	389	200	66	0	0	0	55	-1
	Sequence	-edge_195_0_+46722841-fbb8-4967-859d-c27d0f1645ec_43390_48496 5106 * 0 0 0
Edge	390	147	221	0	0	0	60	-1
	Sequence	+edge_196_0_+f61919f4-dba1-4bed-938e-715570b7fbf8_15001_19964 4963 * 0 0 0
Edge	391	185	19	0	0	0	60	-1
	Sequence	-edge_196_0_+f61919f4-dba1-4bed-938e-715570b7fbf8_15001_19964 4963 * 0 0 0
Edge	392	18	16	0	0	0	24	-1
	Sequence	+edge_197_0_-b033a1a0-3c1e-4228-9ce7-13c14ab6201a_2164_7494 5330 * 0 0 0
Edge	393	15	14	0	0	0	24	-1
	Sequence	-edge_197_0_-b033a1a0-3c1e-4228-9ce7-13c14ab6201a_2164_7494 5330 * 0 0 0
Edge	394	13	17	0	0	0	58	-1
	Sequence	+edge_198_0_+13cdbbee-4248-48dc-8d0d-c6a8dec9ad1d_6688_11792 5104 * 0 0 0
Edge	395	12	11	0	0	0	58	-1
	Sequence	-edge_198_0_+13cdbbee-4248-48dc-8d0d-c6a8dec9ad1d_6688_11792 5104 * 0 0 0
Edge	396	166	10	0	0	0	23	-1
	Sequence	+edge_199_0_-293ac476-749a-4070-8435-3b10c455549c_707_3540 2833 * 0 0 0
Edge	397	184	9	0	0	0	23	-1
	Sequence	-edge_199_0_-293ac476-749a-4070-8435-3b10c455549c_707_3540 2833 * 0 0 0
Edge	398	173	8	0	0	0	36	-1
	Sequence	+edge_200_0_-8bcc8e59-ac10-45d2-8dfd-0b8d9b6fc5bb_18044_23670 5626 * 0 0 0
Edge	399	6	81	0	0	0	36	-1
	Sequence	-edge_200_0_-8bcc8e59-ac10-45d2-8dfd-0b8d9b6fc5bb_18044_23670 5626 * 0 0 0
Edge	400	5	267	0	0	0	50	-1
	Sequence	+edge_201_0_-692f07bc-74b4-4282-ae94-1fc681c9fd84_19617_25198 5581 * 0 0 0
Edge	401	129	4	0	0	0	50	-1
	Sequence	-edge_201_0_-692f07bc-74b4-4282-ae94-1fc681c9fd84_19617_25198 5581 * 0 0 0
Edge	402	236	7	0	0	0	31	-1
	Sequence	+edge_202_0_+87590262-d5ef-4e8f-aeb5-e2335bc1ccc9_8858_13935 5077 * 0 0 0
Edge	403	57	3	0	0	0	31	-1
	Sequence	-edge_202_0_+87590262-d5ef-4e8f-aeb5-e2335bc1ccc9_8858_13935 5077 * 0 0 0
Edge	404	244	2	0	0	0	63	-1
	Sequence	+edge_203_0_-316c4b30-fe20-481f-ab89-80bba6a5adf6_7858_10428 2570 * 0 0 0
Edge	405	179	174	0	0	0	63	-1
	Sequence	-edge_203_0_-316c4b30-fe20-481f-ab89-80bba6a5adf6_7858_10428 2570 * 0 0 0
Edge	406	269	1	0	0	0	30	-1
	Sequence	+edge_204_0_+bf09444b-f704-4dfe-bffc-5d7f81d6606e_619_4192 3573 * 0 0 0
Edge	407	0	40	0	0	0	30	-1
	Sequence	-edge_204_0_+bf09444b-f704-4dfe-bffc-5d7f81d6606e_619_4192 3573 * 0 0 0
