Edge	12	3	35	0	0	0	84	-1
	Sequence	+edge_7_0_+disjointig_1_1181479_1533695 352216 1 5021752 1181479 1533695
Edge	13	23	45	0	0	0	84	-1
	Sequence	-edge_7_0_+disjointig_1_1181479_1533695 352216 -1 5021752 3488056 3840272
Edge	14	6	31	0	0	0	70	-1
	Sequence	+edge_8_0_+disjointig_1_142690_841309 698619 1 5021752 142690 841309
Edge	15	18	4	0	0	0	70	-1
	Sequence	-edge_8_0_+disjointig_1_142690_841309 698619 -1 5021752 4180442 4879061
Edge	16	53	60	0	0	0	79	-1
	Sequence	+edge_9_0_+disjointig_1_2775775_3140460 364685 1 5021752 2775775 3140460
Edge	17	48	15	0	0	0	79	-1
	Sequence	-edge_9_0_+disjointig_1_2775775_3140460 364685 -1 5021752 1881291 2245976
Edge	20	9	49	0	0	0	91	-1
	Sequence	+edge_11_0_+disjointig_1_2198277_2291793 93516 1 5021752 2198277 2291793
Edge	21	51	33	0	0	0	91	-1
	Sequence	-edge_11_0_+disjointig_1_2198277_2291793 93516 -1 5021752 2729958 2823474
Edge	24	22	10	0	0	0	97	-1
	Sequence	+edge_13_0_+disjointig_1_2100767_2191514 90747 1 5021752 2100767 2191514
Edge	25	11	21	0	0	0	97	-1
	Sequence	-edge_13_0_+disjointig_1_2100767_2191514 90747 -1 5021752 2830237 2920984
Edge	26	13	8	0	0	0	75	-1
	Sequence	+edge_14_0_+disjointig_1_2343960_2380024 36064 1 5021752 2343960 2380024
Edge	27	30	12	0	0	0	75	-1
	Sequence	-edge_14_0_+disjointig_1_2343960_2380024 36064 -1 5021752 2641727 2677791
Edge	28	28	17	0	0	0	90	-1
	Sequence	+edge_15_0_+disjointig_1_2385346_2769542 384196 1 5021752 2385346 2769542
Edge	29	14	19	0	0	0	90	-1
	Sequence	-edge_15_0_+disjointig_1_2385346_2769542 384196 -1 5021752 2252209 2636405
Edge	34	20	5	0	0	0	76	-1
	Sequence	+edge_18_0_+disjointig_1_848164_1176887 328723 1 5021752 848164 1176887
Edge	35	2	34	0	0	0	76	-1
	Sequence	-edge_18_0_+disjointig_1_848164_1176887 328723 -1 5021752 3844864 4173587
Edge	36	0	52	0	0	0	91	-1
	Sequence	+edge_19_0_+disjointig_1_1539106_1711462 172356 1 5021752 1539106 1711462
Edge	37	42	1	0	0	0	91	-1
	Sequence	-edge_19_0_+disjointig_1_1539106_1711462 172356 -1 5021752 3310289 3482645
Edge	38	47	27	0	0	0	87	-1
	Sequence	+edge_20_0_-disjointig_1_2683130_2726274 43144 -1 5021752 2683130 2726274
Edge	39	50	16	0	0	0	87	-1
	Sequence	-edge_20_0_-disjointig_1_2683130_2726274 43144 1 5021752 2295477 2338621
Edge	40	24	55	0	0	0	95	-1
	Sequence	+edge_21_0_-disjointig_1_2926327_3306605 380278 -1 5021752 2926327 3306605
Edge	41	54	37	0	0	0	95	-1
	Sequence	-edge_21_0_-disjointig_1_2926327_3306605 380278 1 5021752 1715146 2095424
Edge	60	36	25	0	0	0	64	-1
	Sequence	+edge_31_0_+disjointig_1_3675489_5021750 1346261 1 5021752 3675489 5021750
Edge	61	26	56	0	0	0	64	-1
	Sequence	-edge_31_0_+disjointig_1_3675489_5021750 1346261 -1 5021752 1 1346262
Edge	62	25	7	0	0	0	63	-1
	Sequence	+edge_32_0_+disjointig_1_42596_139095 96499 1 5021752 42596 139095
Edge	63	38	26	0	0	0	63	-1
	Sequence	-edge_32_0_+disjointig_1_42596_139095 96499 -1 5021752 4882656 4979155
Edge	66	61	57	0	0	0	74	-1
	Sequence	+edge_34_0_+disjointig_1_3145706_3671805 526099 1 5021752 3145706 3671805
Edge	67	58	46	0	0	0	74	-1
	Sequence	-edge_34_0_+disjointig_1_3145706_3671805 526099 -1 5021752 1349946 1876045
Edge	68	40	40	0	0	0	65	-1
	Sequence	+edge_35_0_+disjointig_2_10722_157926 147204 2 210268 10722 157926
Edge	69	41	41	0	0	0	65	-1
	Sequence	-edge_35_0_+disjointig_2_10722_157926 147204 -2 210268 52341 199545
Edge	70	43	43	0	0	0	481	-1
	Sequence	+edge_36_0_+disjointig_3_6978_17310 10332 3 27636 6978 17310
	Sequence	+edge_36_1_+disjointig_3_17310_27631 10321 3 27636 17310 27631
Edge	71	44	44	0	0	0	481	-1
	Sequence	-edge_36_0_+disjointig_3_6978_17310 10332 -3 27636 10325 20657
	Sequence	-edge_36_1_+disjointig_3_17310_27631 10321 -3 27636 4 10325
Edge	72	49	50	0	0	0	89	-1
	Sequence	+edge_37_0_-da788da8-d2cf-4ded-a388-09eefa725971_1165_4864 3699 * 0 0 0
Edge	73	27	51	0	0	0	89	-1
	Sequence	-edge_37_0_-da788da8-d2cf-4ded-a388-09eefa725971_1165_4864 3699 * 0 0 0
Edge	74	52	54	0	0	0	93	-1
	Sequence	+edge_38_0_-31e655de-f931-47c8-87fa-db3ce308c3f5_1272_4970 3698 * 0 0 0
Edge	75	55	42	0	0	0	93	-1
	Sequence	-edge_38_0_-31e655de-f931-47c8-87fa-db3ce308c3f5_1272_4970 3698 * 0 0 0
Edge	76	57	36	0	0	0	69	-1
	Sequence	+edge_39_0_+470d4989-cc38-4a72-9c5c-ee3541c3a140_686_4382 3696 * 0 0 0
Edge	77	56	58	0	0	0	69	-1
	Sequence	-edge_39_0_+470d4989-cc38-4a72-9c5c-ee3541c3a140_686_4382 3696 * 0 0 0
Edge	78	46	48	0	0	0	76	-1
	Sequence	+edge_40_0_+dd61ac04-c068-43f3-b59e-f425829c4749_2185_7429 5244 * 0 0 0
Edge	79	60	61	0	0	0	76	-1
	Sequence	-edge_40_0_+dd61ac04-c068-43f3-b59e-f425829c4749_2185_7429 5244 * 0 0 0
Edge	80	37	22	0	0	0	96	-1
	Sequence	+edge_41_0_-bfc263e7-820e-42bc-853d-3489104f99ae_1876_7216 5340 * 0 0 0
Edge	81	21	24	0	0	0	96	-1
	Sequence	-edge_41_0_-bfc263e7-820e-42bc-853d-3489104f99ae_1876_7216 5340 * 0 0 0
Edge	82	31	20	0	0	0	73	-1
	Sequence	+edge_42_0_+4b8554a4-28c9-40dd-96d9-2e49130852f7_7786_14637 6851 * 0 0 0
Edge	83	34	18	0	0	0	73	-1
	Sequence	-edge_42_0_+4b8554a4-28c9-40dd-96d9-2e49130852f7_7786_14637 6851 * 0 0 0
Edge	84	17	53	0	0	0	84	-1
	Sequence	+edge_43_0_-f8075ff9-be5b-485e-adfe-d8e18e540674_5937_12166 6229 * 0 0 0
Edge	85	15	14	0	0	0	84	-1
	Sequence	-edge_43_0_-f8075ff9-be5b-485e-adfe-d8e18e540674_5937_12166 6229 * 0 0 0
Edge	86	16	13	0	0	0	81	-1
	Sequence	+edge_44_0_+6b58678a-4ef3-4a6c-acd1-e6e0a7a75540_2702_8039 5337 * 0 0 0
Edge	87	12	47	0	0	0	81	-1
	Sequence	-edge_44_0_+6b58678a-4ef3-4a6c-acd1-e6e0a7a75540_2702_8039 5337 * 0 0 0
Edge	88	33	11	0	0	0	94	-1
	Sequence	+edge_45_0_-474de602-3bfd-4661-9c49-8ca90893112c_933_7692 6759 * 0 0 0
Edge	89	10	9	0	0	0	94	-1
	Sequence	-edge_45_0_-474de602-3bfd-4661-9c49-8ca90893112c_933_7692 6759 * 0 0 0
Edge	90	7	6	0	0	0	66	-1
	Sequence	+edge_46_0_-056b164d-52e2-4500-b48a-acab62158d0d_26789_30383 3594 * 0 0 0
Edge	91	4	38	0	0	0	66	-1
	Sequence	-edge_46_0_-056b164d-52e2-4500-b48a-acab62158d0d_26789_30383 3594 * 0 0 0
Edge	92	5	3	0	0	0	80	-1
	Sequence	+edge_47_0_+a59d8efa-12dc-4183-a5c7-3a2f222a550d_5927_10518 4591 * 0 0 0
Edge	93	45	2	0	0	0	80	-1
	Sequence	-edge_47_0_+a59d8efa-12dc-4183-a5c7-3a2f222a550d_5927_10518 4591 * 0 0 0
Edge	94	19	30	0	0	0	82	-1
	Sequence	+edge_48_0_+79c73c93-c5f1-4b32-b9bc-2a68e65ed760_20125_25446 5321 * 0 0 0
Edge	95	8	28	0	0	0	82	-1
	Sequence	-edge_48_0_+79c73c93-c5f1-4b32-b9bc-2a68e65ed760_20125_25446 5321 * 0 0 0
Edge	96	1	23	0	0	0	87	-1
	Sequence	+edge_49_0_-7f07cb69-a354-4ea2-9bd6-f33677869251_1059_6467 5408 * 0 0 0
Edge	97	35	0	0	0	0	87	-1
	Sequence	-edge_49_0_-7f07cb69-a354-4ea2-9bd6-f33677869251_1059_6467 5408 * 0 0 0
