Edge	0	125	97	0	0	0	3	-1
	Sequence	+edge_1_0_+disjointig_1_0_20132 20132 1 20133 0 20132
Edge	1	209	127	0	0	0	3	-1
	Sequence	-edge_1_0_+disjointig_1_0_20132 20132 -1 20133 0 20132
Edge	2	161	254	0	0	0	3	-1
	Sequence	+edge_2_0_+disjointig_10_0_56359 56359 2 56360 0 56359
Edge	3	152	116	0	0	0	3	-1
	Sequence	-edge_2_0_+disjointig_10_0_56359 56359 -2 56360 0 56359
Edge	16	190	143	0	0	0	3	-1
	Sequence	+edge_9_0_+disjointig_104_0_2707 2707 7 2708 0 2707
Edge	17	126	142	0	0	0	3	-1
	Sequence	-edge_9_0_+disjointig_104_0_2707 2707 -7 2708 0 2707
Edge	34	201	204	0	0	0	3	-1
	Sequence	+edge_18_0_+disjointig_13_0_57208 57208 12 57209 0 57208
Edge	35	205	247	0	0	0	3	-1
	Sequence	-edge_18_0_+disjointig_13_0_57208 57208 -12 57209 0 57208
Edge	36	155	178	0	0	0	3	-1
	Sequence	+edge_19_0_+disjointig_14_0_104795 104795 13 104796 0 104795
Edge	37	181	91	0	0	0	3	-1
	Sequence	-edge_19_0_+disjointig_14_0_104795 104795 -13 104796 0 104795
Edge	38	131	214	0	0	0	4	-1
	Sequence	+edge_20_0_+disjointig_15_0_99894 99894 14 99895 0 99894
Edge	39	202	290	0	0	0	4	-1
	Sequence	-edge_20_0_+disjointig_15_0_99894 99894 -14 99895 0 99894
Edge	48	169	213	0	0	0	3	-1
	Sequence	+edge_25_0_+disjointig_2_0_55897 55897 19 55898 0 55897
Edge	49	121	300	0	0	0	3	-1
	Sequence	-edge_25_0_+disjointig_2_0_55897 55897 -19 55898 0 55897
Edge	50	260	175	0	0	0	4	-1
	Sequence	+edge_26_0_+disjointig_20_0_104137 104137 20 104138 0 104137
Edge	51	179	146	0	0	0	4	-1
	Sequence	-edge_26_0_+disjointig_20_0_104137 104137 -20 104138 0 104137
Edge	52	130	140	0	0	0	5	-1
	Sequence	+edge_27_0_+disjointig_21_0_54132 54132 21 54133 0 54132
Edge	53	185	189	0	0	0	5	-1
	Sequence	-edge_27_0_+disjointig_21_0_54132 54132 -21 54133 0 54132
Edge	54	137	249	0	0	0	3	-1
	Sequence	+edge_28_0_+disjointig_22_0_197748 197748 22 197749 0 197748
Edge	55	111	135	0	0	0	3	-1
	Sequence	-edge_28_0_+disjointig_22_0_197748 197748 -22 197749 0 197748
Edge	76	87	86	0	0	0	3	-1
	Sequence	+edge_39_0_+disjointig_27_0_18658 18658 27 18659 0 18658
Edge	77	85	117	0	0	0	3	-1
	Sequence	-edge_39_0_+disjointig_27_0_18658 18658 -27 18659 0 18658
Edge	82	162	112	1	0	0	5	4
	Sequence	+edge_42_0_-disjointig_48_101253_102780 1527 -49 112821 101253 102780
Edge	83	212	256	1	0	0	5	5
	Sequence	-edge_42_0_-disjointig_48_101253_102780 1527 49 112821 10040 11567
Edge	90	122	191	0	0	0	3	-1
	Sequence	+edge_46_0_+disjointig_29_0_13427 13427 29 13428 0 13427
Edge	91	215	217	0	0	0	3	-1
	Sequence	-edge_46_0_+disjointig_29_0_13427 13427 -29 13428 0 13427
Edge	92	219	220	0	0	0	3	-1
	Sequence	+edge_47_0_+disjointig_30_0_164630 164630 30 164631 0 164630
Edge	93	133	223	0	0	0	3	-1
	Sequence	-edge_47_0_+disjointig_30_0_164630 164630 -30 164631 0 164630
Edge	96	303	228	0	0	0	5	-1
	Sequence	+edge_49_0_+disjointig_32_0_79547 79547 32 79548 0 79547
Edge	97	208	222	0	0	0	5	-1
	Sequence	-edge_49_0_+disjointig_32_0_79547 79547 -32 79548 0 79547
Edge	98	230	232	0	0	0	4	-1
	Sequence	+edge_50_0_+disjointig_33_0_54467 54467 33 54468 0 54467
Edge	99	166	233	0	0	0	4	-1
	Sequence	-edge_50_0_+disjointig_33_0_54467 54467 -33 54468 0 54467
Edge	100	235	238	0	0	0	4	-1
	Sequence	+edge_51_0_+disjointig_34_0_132203 132203 34 132204 0 132203
Edge	101	239	242	0	0	0	4	-1
	Sequence	-edge_51_0_+disjointig_34_0_132203 132203 -34 132204 0 132203
Edge	102	243	245	0	0	0	3	-1
	Sequence	+edge_52_0_+disjointig_35_0_49615 49615 35 49616 0 49615
Edge	103	248	101	0	0	0	3	-1
	Sequence	-edge_52_0_+disjointig_35_0_49615 49615 -35 49616 0 49615
Edge	104	216	128	0	0	0	3	-1
	Sequence	+edge_53_0_+disjointig_36_0_22667 22667 36 22668 0 22667
Edge	105	114	282	0	0	0	3	-1
	Sequence	-edge_53_0_+disjointig_36_0_22667 22667 -36 22668 0 22667
Edge	106	250	154	0	0	0	3	-1
	Sequence	+edge_54_0_+disjointig_37_0_6770 6770 37 6771 0 6770
Edge	107	252	255	0	0	0	3	-1
	Sequence	-edge_54_0_+disjointig_37_0_6770 6770 -37 6771 0 6770
Edge	144	51	244	1	0	1	26	-1
	Sequence	+edge_73_0_+disjointig_44_83253_84592 1339 45 237127 83253 84592
	Sequence	+edge_73_1_+disjointig_44_91197_92196 999 45 237127 91197 92196
	Sequence	+edge_73_2_+disjointig_44_97122_98117 995 45 237127 97122 98117
	Sequence	+edge_73_3_+disjointig_44_234803_235801 998 45 237127 234803 235801
	Sequence	+edge_73_4_-disjointig_50_34318_35311 993 -52 62705 34318 35311
	Sequence	+edge_73_5_-disjointig_53_62245_63245 1000 -55 68268 62245 63245
	Sequence	+edge_73_6_-disjointig_53_2347_3340 993 -55 68268 2347 3340
	Sequence	+edge_73_7_+disjointig_61_82797_83792 995 64 113951 82797 83792
	Sequence	+edge_73_8_-disjointig_71_5620_6613 993 -75 80661 5620 6613
	Sequence	+edge_73_9_-disjointig_72_5518_6510 992 -76 16179 5518 6510
	Sequence	+edge_73_10_-disjointig_80_3_998 995 -84 6816 3 998
	Sequence	+edge_73_11_-disjointig_82_5697_6692 995 -86 31161 5697 6692
	Sequence	+edge_73_12_+disjointig_91_14190_15185 995 94 22812 14190 15185
	Sequence	+edge_73_13_+disjointig_91_20212_21205 993 94 22812 20212 21205
Edge	145	164	13	1	0	1	26	-1
	Sequence	-edge_73_0_+disjointig_44_83253_84592 1339 -45 237127 152534 153873
	Sequence	-edge_73_1_+disjointig_44_91197_92196 999 -45 237127 144930 145929
	Sequence	-edge_73_2_+disjointig_44_97122_98117 995 -45 237127 139009 140004
	Sequence	-edge_73_3_+disjointig_44_234803_235801 998 -45 237127 1325 2323
	Sequence	-edge_73_4_-disjointig_50_34318_35311 993 52 62705 27393 28386
	Sequence	-edge_73_5_-disjointig_53_62245_63245 1000 55 68268 5022 6022
	Sequence	-edge_73_6_-disjointig_53_2347_3340 993 55 68268 64927 65920
	Sequence	-edge_73_7_+disjointig_61_82797_83792 995 -64 113951 30158 31153
	Sequence	-edge_73_8_-disjointig_71_5620_6613 993 75 80661 74047 75040
	Sequence	-edge_73_9_-disjointig_72_5518_6510 992 76 16179 9668 10660
	Sequence	-edge_73_10_-disjointig_80_3_998 995 84 6816 5817 6812
	Sequence	-edge_73_11_-disjointig_82_5697_6692 995 86 31161 24468 25463
	Sequence	-edge_73_12_+disjointig_91_14190_15185 995 -94 22812 7626 8621
	Sequence	-edge_73_13_+disjointig_91_20212_21205 993 -94 22812 1606 2599
Edge	146	14	138	0	0	0	2	-1
	Sequence	+edge_74_0_-disjointig_71_1669_2447 778 -75 80661 1669 2447
	Sequence	+edge_74_1_-disjointig_72_2127_2880 753 -76 16179 2127 2880
Edge	147	192	241	0	0	0	2	-1
	Sequence	-edge_74_0_-disjointig_71_1669_2447 778 75 80661 78213 78991
	Sequence	-edge_74_1_-disjointig_72_2127_2880 753 76 16179 13298 14051
Edge	148	13	192	1	0	1	26	-1
	Sequence	+edge_75_0_-disjointig_44_145929_148136 2207 -45 237127 145929 148136
	Sequence	+edge_75_1_-disjointig_44_140004_143003 2999 -45 237127 140004 143003
	Sequence	+edge_75_2_-disjointig_44_2323_4575 2252 -45 237127 2323 4575
	Sequence	+edge_75_3_+disjointig_50_28386_31455 3069 52 62705 28386 31455
	Sequence	+edge_75_4_+disjointig_53_0_3077 3077 55 68268 0 3077
	Sequence	+edge_75_5_+disjointig_53_6022_8228 2206 55 68268 6022 8228
	Sequence	+edge_75_6_+disjointig_53_65920_68179 2259 55 68268 65920 68179
	Sequence	+edge_75_7_-disjointig_61_31153_33235 2082 -64 113951 31153 33235
	Sequence	+edge_75_8_+disjointig_71_75040_78213 3173 75 80661 75040 78213
	Sequence	+edge_75_9_+disjointig_72_10660_13298 2638 76 16179 10660 13298
	Sequence	+edge_75_10_+disjointig_82_25463_27674 2211 86 31161 25463 27674
	Sequence	+edge_75_11_-disjointig_91_8621_10827 2206 -94 22812 8621 10827
	Sequence	+edge_75_12_-disjointig_91_2599_5685 3086 -94 22812 2599 5685
Edge	149	138	51	1	0	1	26	-1
	Sequence	-edge_75_0_-disjointig_44_145929_148136 2207 45 237127 88990 91197
	Sequence	-edge_75_1_-disjointig_44_140004_143003 2999 45 237127 94123 97122
	Sequence	-edge_75_2_-disjointig_44_2323_4575 2252 45 237127 232551 234803
	Sequence	-edge_75_3_+disjointig_50_28386_31455 3069 -52 62705 31249 34318
	Sequence	-edge_75_4_+disjointig_53_0_3077 3077 -55 68268 65190 68267
	Sequence	-edge_75_5_+disjointig_53_6022_8228 2206 -55 68268 60039 62245
	Sequence	-edge_75_6_+disjointig_53_65920_68179 2259 -55 68268 88 2347
	Sequence	-edge_75_7_-disjointig_61_31153_33235 2082 64 113951 80715 82797
	Sequence	-edge_75_8_+disjointig_71_75040_78213 3173 -75 80661 2447 5620
	Sequence	-edge_75_9_+disjointig_72_10660_13298 2638 -76 16179 2880 5518
	Sequence	-edge_75_10_+disjointig_82_25463_27674 2211 -86 31161 3486 5697
	Sequence	-edge_75_11_-disjointig_91_8621_10827 2206 94 22812 11984 14190
	Sequence	-edge_75_12_-disjointig_91_2599_5685 3086 94 22812 17126 20212
Edge	150	244	270	1	0	1	19	-1
	Sequence	+edge_76_0_+disjointig_44_84592_86360 1768 45 237127 84592 86360
	Sequence	+edge_76_1_+disjointig_44_98117_99890 1773 45 237127 98117 99890
	Sequence	+edge_76_2_-disjointig_50_35311_37077 1766 -52 62705 35311 37077
	Sequence	+edge_76_3_-disjointig_53_3340_5113 1773 -55 68268 3340 5113
	Sequence	+edge_76_4_+disjointig_61_83792_85560 1768 64 113951 83792 85560
	Sequence	+edge_76_5_-disjointig_71_6613_8379 1766 -75 80661 6613 8379
	Sequence	+edge_76_6_-disjointig_72_6510_8278 1768 -76 16179 6510 8278
	Sequence	+edge_76_7_-disjointig_80_998_2741 1743 -84 6816 998 2741
	Sequence	+edge_76_8_-disjointig_82_6692_8444 1752 -86 31161 6692 8444
	Sequence	+edge_76_9_+disjointig_91_21205_22622 1417 94 22812 21205 22622
Edge	151	183	164	1	0	1	19	-1
	Sequence	-edge_76_0_+disjointig_44_84592_86360 1768 -45 237127 150766 152534
	Sequence	-edge_76_1_+disjointig_44_98117_99890 1773 -45 237127 137236 139009
	Sequence	-edge_76_2_-disjointig_50_35311_37077 1766 52 62705 25627 27393
	Sequence	-edge_76_3_-disjointig_53_3340_5113 1773 55 68268 63154 64927
	Sequence	-edge_76_4_+disjointig_61_83792_85560 1768 -64 113951 28390 30158
	Sequence	-edge_76_5_-disjointig_71_6613_8379 1766 75 80661 72281 74047
	Sequence	-edge_76_6_-disjointig_72_6510_8278 1768 76 16179 7900 9668
	Sequence	-edge_76_7_-disjointig_80_998_2741 1743 84 6816 4074 5817
	Sequence	-edge_76_8_-disjointig_82_6692_8444 1752 86 31161 22716 24468
	Sequence	-edge_76_9_+disjointig_91_21205_22622 1417 -94 22812 189 1606
Edge	154	270	138	1	0	0	2	-1
	Sequence	+edge_78_0_+disjointig_44_86360_88990 2630 45 237127 86360 88990
Edge	155	192	183	1	0	0	2	-1
	Sequence	-edge_78_0_+disjointig_44_86360_88990 2630 -45 237127 148136 150766
Edge	156	270	138	0	0	0	5	-1
	Sequence	+edge_79_0_+disjointig_44_99890_232551 132661 45 237127 99890 232551
Edge	157	192	183	0	0	0	5	-1
	Sequence	-edge_79_0_+disjointig_44_99890_232551 132661 -45 237127 4575 137236
Edge	158	108	144	0	0	0	3	-1
	Sequence	+edge_80_0_-disjointig_50_37077_62704 25627 -52 62705 37077 62704
Edge	159	176	105	0	0	0	3	-1
	Sequence	-edge_80_0_-disjointig_50_37077_62704 25627 52 62705 0 25627
Edge	162	165	157	0	0	0	4	-1
	Sequence	+edge_82_0_+disjointig_61_85560_113950 28390 64 113951 85560 113950
Edge	163	72	274	0	0	0	4	-1
	Sequence	-edge_82_0_+disjointig_61_85560_113950 28390 -64 113951 0 28390
Edge	164	270	96	0	0	0	3	-1
	Sequence	+edge_83_0_-disjointig_71_8379_80660 72281 -75 80661 8379 80660
Edge	165	257	183	0	0	0	3	-1
	Sequence	-edge_83_0_-disjointig_71_8379_80660 72281 75 80661 0 72281
Edge	166	12	52	0	0	0	5	-1
	Sequence	+edge_84_0_-disjointig_72_8278_16178 7900 -76 16179 8278 16178
Edge	167	53	182	0	0	0	5	-1
	Sequence	-edge_84_0_-disjointig_72_8278_16178 7900 76 16179 0 7900
Edge	172	211	141	0	0	0	5	-1
	Sequence	+edge_87_0_+disjointig_50_31455_62704 31249 52 62705 31455 62704
Edge	173	298	9	0	0	0	5	-1
	Sequence	-edge_87_0_+disjointig_50_31455_62704 31249 -52 62705 0 31249
Edge	176	5	4	0	0	0	3	-1
	Sequence	+edge_89_0_+disjointig_82_27674_28504 830 86 31161 27674 28504
Edge	177	266	8	0	0	0	3	-1
	Sequence	-edge_89_0_+disjointig_82_27674_28504 830 -86 31161 2656 3486
Edge	178	253	73	0	0	0	5	-1
	Sequence	+edge_90_0_-disjointig_61_33235_113950 80715 -64 113951 33235 113950
Edge	179	186	197	0	0	0	5	-1
	Sequence	-edge_90_0_-disjointig_61_33235_113950 80715 64 113951 0 80715
Edge	180	227	25	0	0	0	5	-1
	Sequence	+edge_91_0_-disjointig_91_10827_22811 11984 -94 22812 10827 22811
Edge	181	26	11	0	0	0	5	-1
	Sequence	-edge_91_0_-disjointig_91_10827_22811 11984 94 22812 0 11984
Edge	182	273	275	0	0	0	3	-1
	Sequence	+edge_92_0_+disjointig_45_0_7802 7802 46 7803 0 7802
Edge	183	280	283	0	0	0	3	-1
	Sequence	-edge_92_0_+disjointig_45_0_7802 7802 -46 7803 0 7802
Edge	186	284	267	0	0	0	4	-1
	Sequence	+edge_94_0_+disjointig_47_0_105696 105696 48 105697 0 105696
Edge	187	302	285	0	0	0	4	-1
	Sequence	-edge_94_0_+disjointig_47_0_105696 105696 -48 105697 0 105696
Edge	192	292	278	0	0	0	3	-1
	Sequence	+edge_97_0_+disjointig_5_0_31051 31051 51 31052 0 31051
Edge	193	120	184	0	0	0	3	-1
	Sequence	-edge_97_0_+disjointig_5_0_31051 31051 -51 31052 0 31051
Edge	194	299	225	0	0	0	6	-1
	Sequence	+edge_98_0_+disjointig_51_0_39741 39741 53 39742 0 39741
Edge	195	98	301	0	0	0	6	-1
	Sequence	-edge_98_0_+disjointig_51_0_39741 39741 -53 39742 0 39741
Edge	206	82	81	0	0	0	4	-1
	Sequence	+edge_104_0_+disjointig_56_0_67458 67458 58 85259 0 67458
Edge	207	80	79	0	0	0	4	-1
	Sequence	-edge_104_0_+disjointig_56_0_67458 67458 -58 85259 17800 85258
Edge	210	80	129	0	0	0	3	-1
	Sequence	+edge_106_0_+disjointig_77_4957_29687 24730 80 29688 4957 29687
Edge	211	40	81	0	0	0	3	-1
	Sequence	-edge_106_0_+disjointig_77_4957_29687 24730 -80 29688 0 24730
Edge	218	76	74	0	0	0	4	-1
	Sequence	+edge_110_0_+disjointig_59_0_17897 17897 61 17898 0 17897
Edge	219	136	171	0	0	0	4	-1
	Sequence	-edge_110_0_+disjointig_59_0_17897 17897 -61 17898 0 17897
Edge	222	71	226	0	0	0	3	-1
	Sequence	+edge_112_0_+disjointig_62_0_57746 57746 65 57747 0 57746
Edge	223	124	70	0	0	0	3	-1
	Sequence	-edge_112_0_+disjointig_62_0_57746 57746 -65 57747 0 57746
Edge	224	69	93	0	0	0	4	-1
	Sequence	+edge_113_0_+disjointig_63_0_39436 39436 66 39437 0 39436
Edge	225	68	67	0	0	0	4	-1
	Sequence	-edge_113_0_+disjointig_63_0_39436 39436 -66 39437 0 39436
Edge	232	174	61	0	0	0	3	-1
	Sequence	+edge_117_0_+disjointig_69_0_75545 75545 72 75546 0 75545
Edge	233	60	59	0	0	0	3	-1
	Sequence	-edge_117_0_+disjointig_69_0_75545 75545 -72 75546 0 75545
Edge	238	151	200	0	0	0	5	-1
	Sequence	+edge_120_0_-disjointig_87_6236_62149 55913 -89 62150 6236 62149
Edge	239	31	21	0	0	0	5	-1
	Sequence	-edge_120_0_-disjointig_87_6236_62149 55913 89 62150 0 55913
Edge	242	134	57	0	0	0	2	-1
	Sequence	+edge_122_0_+disjointig_87_58000_59823 1823 89 62150 58000 59823
Edge	243	294	231	0	0	0	2	-1
	Sequence	-edge_122_0_+disjointig_87_58000_59823 1823 -89 62150 2326 4149
Edge	246	56	55	0	0	0	5	-1
	Sequence	+edge_124_0_+disjointig_70_0_27545 27545 74 27546 0 27545
Edge	247	54	187	0	0	0	5	-1
	Sequence	-edge_124_0_+disjointig_70_0_27545 27545 -74 27546 0 27545
Edge	258	75	43	0	0	0	3	-1
	Sequence	+edge_130_0_+disjointig_76_0_18842 18842 79 18843 0 18842
Edge	259	42	41	0	0	0	3	-1
	Sequence	-edge_130_0_+disjointig_76_0_18842 18842 -79 18843 0 18842
Edge	260	92	39	0	0	0	4	-1
	Sequence	+edge_131_0_+disjointig_78_0_34465 34465 81 34466 0 34465
Edge	261	38	37	0	0	0	4	-1
	Sequence	-edge_131_0_+disjointig_78_0_34465 34465 -81 34466 0 34465
Edge	262	272	279	0	0	0	4	-1
	Sequence	+edge_132_0_+disjointig_79_0_16383 16383 82 16384 0 16383
Edge	263	36	281	0	0	0	4	-1
	Sequence	-edge_132_0_+disjointig_79_0_16383 16383 -82 16384 0 16383
Edge	264	119	35	0	0	0	5	-1
	Sequence	+edge_133_0_+disjointig_8_0_56180 56180 83 56181 0 56180
Edge	265	34	149	0	0	0	5	-1
	Sequence	-edge_133_0_+disjointig_8_0_56180 56180 -83 56181 0 56180
Edge	272	277	29	0	0	0	3	-1
	Sequence	+edge_137_0_+disjointig_89_0_8595 8595 91 8596 0 8595
Edge	273	48	46	0	0	0	3	-1
	Sequence	-edge_137_0_+disjointig_89_0_8595 8595 -91 8596 0 8595
Edge	276	28	269	0	0	0	3	-1
	Sequence	+edge_139_0_+disjointig_90_0_45227 45227 93 45228 0 45227
Edge	277	27	259	0	0	0	3	-1
	Sequence	-edge_139_0_+disjointig_90_0_45227 45227 -93 45228 0 45227
Edge	288	62	153	0	0	0	3	-1
	Sequence	+edge_145_0_+disjointig_98_0_3808 3808 101 3809 0 3808
Edge	289	286	22	0	0	0	3	-1
	Sequence	-edge_145_0_+disjointig_98_0_3808 3808 -101 3809 0 3808
Edge	290	20	89	0	0	0	3	-1
	Sequence	+edge_146_0_+disjointig_99_0_11190 11190 102 11191 0 11190
Edge	291	19	18	0	0	0	3	-1
	Sequence	-edge_146_0_+disjointig_99_0_11190 11190 -102 11191 0 11190
Edge	296	172	123	0	0	0	3	-1
	Sequence	+edge_149_0_-disjointig_16_0_79715 79715 -15 79725 0 79715
Edge	297	296	287	0	0	0	3	-1
	Sequence	-edge_149_0_-disjointig_16_0_79715 79715 15 79725 9 79724
Edge	298	123	236	0	0	0	3	-1
	Sequence	+edge_150_0_+disjointig_11_11851_75629 63778 10 75630 11851 75629
Edge	299	194	296	0	0	0	3	-1
	Sequence	-edge_150_0_+disjointig_11_11851_75629 63778 -10 75630 0 63778
Edge	300	198	206	0	0	0	2	-1
	Sequence	+edge_151_0_+disjointig_19_0_25278 25278 18 25290 0 25278
Edge	301	207	103	0	0	0	2	-1
	Sequence	-edge_151_0_+disjointig_19_0_25278 25278 -18 25290 11 25289
Edge	302	206	196	0	0	0	4	-1
	Sequence	+edge_152_0_-disjointig_60_6186_67457 61271 -63 67486 6186 67457
Edge	303	145	207	0	0	0	4	-1
	Sequence	-edge_152_0_-disjointig_60_6186_67457 61271 63 67486 28 61299
Edge	304	196	199	0	0	0	4	-1
	Sequence	+edge_153_0_+disjointig_12_8982_46009 37027 11 46010 8982 46009
Edge	305	167	145	0	0	0	4	-1
	Sequence	-edge_153_0_+disjointig_12_8982_46009 37027 -11 46010 0 37027
Edge	306	193	193	0	0	0	21	-1
	Sequence	+edge_154_0_+disjointig_18_11964_26268 14304 17 26276 11964 26268
Edge	307	306	306	0	0	0	21	-1
	Sequence	-edge_154_0_+disjointig_18_11964_26268 14304 -17 26276 7 14311
Edge	308	24	150	0	0	0	4	-1
	Sequence	+edge_155_0_+disjointig_92_0_28863 28863 95 28870 0 28863
Edge	309	102	23	0	0	0	4	-1
	Sequence	-edge_155_0_+disjointig_92_0_28863 28863 -95 28870 6 28869
Edge	310	150	109	0	0	0	3	-1
	Sequence	+edge_156_0_+disjointig_23_18615_58974 40359 23 58975 18615 58974
Edge	311	106	102	0	0	0	3	-1
	Sequence	-edge_156_0_+disjointig_23_18615_58974 40359 -23 58975 0 40359
Edge	312	90	100	0	0	0	6	-1
	Sequence	+edge_157_0_+disjointig_26_0_75776 75776 26 75786 0 75776
Edge	313	99	88	0	0	0	6	-1
	Sequence	-edge_157_0_+disjointig_26_0_75776 75776 -26 75786 9 75785
Edge	314	100	95	0	0	0	3	-1
	Sequence	+edge_158_0_+disjointig_25_34644_66531 31887 25 69868 34644 66531
Edge	315	94	99	0	0	0	3	-1
	Sequence	-edge_158_0_+disjointig_25_34644_66531 31887 -25 69868 3336 35223
Edge	316	95	294	0	0	0	2	-1
	Sequence	+edge_159_0_-disjointig_7_3314_15112 11798 -73 25156 3314 15112
Edge	317	57	94	0	0	0	2	-1
	Sequence	-edge_159_0_-disjointig_7_3314_15112 11798 73 25156 10043 21841
Edge	318	173	0	0	0	0	3	-1
	Sequence	+edge_160_0_-disjointig_48_0_101253 101253 -49 112821 0 101253
Edge	319	251	288	0	0	0	3	-1
	Sequence	-edge_160_0_-disjointig_48_0_101253 101253 49 112821 11567 112820
Edge	320	224	115	0	0	0	5	-1
	Sequence	+edge_161_0_+disjointig_28_6173_22910 16737 28 22911 6173 22910
Edge	321	158	240	0	0	0	5	-1
	Sequence	-edge_161_0_+disjointig_28_6173_22910 16737 -28 22911 0 16737
Edge	322	110	110	0	0	0	21	-1
	Sequence	+edge_162_0_+disjointig_38_2796_14800 12004 38 26879 2796 14800
	Sequence	+edge_162_1_+disjointig_38_14800_26877 12077 38 26879 14800 26877
Edge	323	107	107	0	0	0	21	-1
	Sequence	-edge_162_0_+disjointig_38_2796_14800 12004 -38 26879 12078 24082
	Sequence	-edge_162_1_+disjointig_38_14800_26877 12077 -38 26879 1 12078
Edge	324	30	210	0	0	0	3	-1
	Sequence	+edge_163_0_+disjointig_88_0_21860 21860 90 21867 0 21860
Edge	325	237	113	0	0	0	3	-1
	Sequence	-edge_163_0_+disjointig_88_0_21860 21860 -90 21867 6 21866
Edge	326	210	203	0	0	0	4	-1
	Sequence	+edge_164_0_+disjointig_39_11307_40702 29395 39 40703 11307 40702
Edge	327	297	237	0	0	0	4	-1
	Sequence	-edge_164_0_+disjointig_39_11307_40702 29395 -39 40703 0 29395
Edge	328	264	258	0	0	0	3	-1
	Sequence	+edge_165_0_+disjointig_54_0_66147 66147 56 66156 0 66147
Edge	329	271	104	0	0	0	3	-1
	Sequence	-edge_165_0_+disjointig_54_0_66147 66147 -56 66156 8 66155
Edge	330	258	246	0	0	0	3	-1
	Sequence	+edge_166_0_+disjointig_40_6968_25794 18826 41 25795 6968 25794
Edge	331	168	271	0	0	0	3	-1
	Sequence	-edge_166_0_+disjointig_40_6968_25794 18826 -41 25795 0 18826
Edge	332	65	163	0	0	0	4	-1
	Sequence	+edge_167_0_-disjointig_64_0_49685 49685 -67 49686 0 49685
Edge	333	160	66	0	0	0	4	-1
	Sequence	-edge_167_0_-disjointig_64_0_49685 49685 67 49686 0 49685
Edge	334	163	263	0	0	0	3	-1
	Sequence	+edge_168_0_+disjointig_41_22847_84173 61326 42 84174 22847 84173
Edge	335	177	160	0	0	0	3	-1
	Sequence	-edge_168_0_+disjointig_41_22847_84173 61326 -42 84174 0 61326
Edge	336	132	170	0	0	0	4	-1
	Sequence	+edge_169_0_+disjointig_66_0_52611 52611 69 52618 0 52611
Edge	337	261	195	0	0	0	4	-1
	Sequence	-edge_169_0_+disjointig_66_0_52611 52611 -69 52618 6 52617
Edge	338	170	234	0	0	0	3	-1
	Sequence	+edge_170_0_+disjointig_42_29456_35877 6421 43 35878 29456 35877
Edge	339	147	261	0	0	0	3	-1
	Sequence	-edge_170_0_+disjointig_42_29456_35877 6421 -43 35878 0 6421
Edge	340	180	14	0	0	0	4	-1
	Sequence	+edge_171_0_+disjointig_44_0_83253 83253 45 237127 0 83253
Edge	341	241	268	0	0	0	4	-1
	Sequence	-edge_171_0_+disjointig_44_0_83253 83253 -45 237127 153873 237126
Edge	342	2	138	0	0	0	4	-1
	Sequence	+edge_172_0_+disjointig_44_92196_94123 1927 45 237127 92196 94123
	Sequence	+edge_172_1_-disjointig_53_63245_65190 1945 -55 68268 63245 65190
	Sequence	+edge_172_2_+disjointig_91_15185_17126 1941 94 22812 15185 17126
Edge	343	192	1	0	0	0	4	-1
	Sequence	-edge_172_0_+disjointig_44_92196_94123 1927 -45 237127 143003 144930
	Sequence	-edge_172_1_-disjointig_53_63245_65190 1945 55 68268 3077 5022
	Sequence	-edge_172_2_+disjointig_91_15185_17126 1941 -94 22812 5685 7626
Edge	344	270	266	0	0	0	4	-1
	Sequence	+edge_173_0_-disjointig_53_5113_59202 54089 -55 68268 5113 59202
Edge	345	4	183	0	0	0	4	-1
	Sequence	-edge_173_0_-disjointig_53_5113_59202 54089 55 68268 9065 63154
Edge	346	7	32	0	0	0	3	-1
	Sequence	+edge_174_0_-disjointig_82_8444_31160 22716 -86 31161 8444 31160
Edge	347	33	6	0	0	0	3	-1
	Sequence	-edge_174_0_-disjointig_82_8444_31160 22716 86 31161 0 22716
Edge	348	293	293	0	0	0	26	-1
	Sequence	+edge_175_0_+disjointig_49_27612_70378 42766 50 113250 27612 70378
	Sequence	+edge_175_1_+disjointig_49_70378_113247 42869 50 113250 70378 113247
Edge	349	295	295	0	0	0	26	-1
	Sequence	-edge_175_0_+disjointig_49_27612_70378 42766 -50 113250 42871 85637
	Sequence	-edge_175_1_+disjointig_49_70378_113247 42869 -50 113250 2 42871
Edge	350	262	221	0	0	0	4	-1
	Sequence	+edge_176_0_+disjointig_68_0_26846 26846 71 26853 0 26846
Edge	351	307	159	0	0	0	4	-1
	Sequence	-edge_176_0_+disjointig_68_0_26846 26846 -71 26853 6 26852
Edge	352	221	84	0	0	0	1	-1
	Sequence	+edge_177_0_+disjointig_55_6850_12977 6127 57 12978 6850 12977
Edge	353	83	307	0	0	0	1	-1
	Sequence	-edge_177_0_+disjointig_55_6850_12977 6127 -57 12978 0 6127
Edge	354	81	78	1	0	0	3	-1
	Sequence	+edge_178_0_+disjointig_56_67458_85258 17800 58 85259 67458 85258
Edge	355	148	80	1	0	0	3	-1
	Sequence	-edge_178_0_+disjointig_56_67458_85258 17800 -58 85259 0 17800
Edge	356	291	139	0	0	0	4	-1
	Sequence	+edge_179_0_+disjointig_67_0_82889 82889 70 82893 0 82889
Edge	357	188	63	0	0	0	4	-1
	Sequence	-edge_179_0_+disjointig_67_0_82889 82889 -70 82893 3 82892
Edge	358	139	64	0	0	0	3	-1
	Sequence	+edge_180_0_+disjointig_65_8266_10325 2059 68 10326 8266 10325
Edge	359	156	188	0	0	0	3	-1
	Sequence	-edge_180_0_+disjointig_65_8266_10325 2059 -68 10326 0 2059
Edge	364	21	134	0	0	0	3	-1
	Sequence	+edge_183_0_-a05f4206-5de6-4a77-adcc-dc0f126d0a5e_12659_14749 2090 * 0 0 0
Edge	365	231	151	0	0	0	3	-1
	Sequence	-edge_183_0_-a05f4206-5de6-4a77-adcc-dc0f126d0a5e_12659_14749 2090 * 0 0 0
Edge	366	9	108	0	0	0	4	-1
	Sequence	+edge_184_0_+ece7d21b-82ed-4229-8586-0ea39d9ce48f_10417_16244 5827 * 0 0 0
Edge	367	105	211	0	0	0	4	-1
	Sequence	-edge_184_0_+ece7d21b-82ed-4229-8586-0ea39d9ce48f_10417_16244 5827 * 0 0 0
Edge	368	8	7	0	0	0	3	-1
	Sequence	+edge_185_0_+281a0333-8f42-4f9b-aa64-390e1e1accaf_3488_8451 4963 * 0 0 0
Edge	369	6	5	0	0	0	3	-1
	Sequence	-edge_185_0_+281a0333-8f42-4f9b-aa64-390e1e1accaf_3488_8451 4963 * 0 0 0
Edge	372	197	165	0	0	0	4	-1
	Sequence	+edge_187_0_-e093286d-46c3-4e94-88e1-c5dcf955f063_10814_15647 4833 * 0 0 0
Edge	373	274	253	0	0	0	4	-1
	Sequence	-edge_187_0_-e093286d-46c3-4e94-88e1-c5dcf955f063_10814_15647 4833 * 0 0 0
Edge	374	0	224	0	0	0	4	-1
	Sequence	+edge_188_haplotype 1005 * 0 0 0
Edge	375	240	251	0	0	0	4	-1
	Sequence	-edge_188_haplotype 1005 * 0 0 0
