Edge	8	32	21	0	0	0	132	-1
	Sequence	+edge_5_0_+disjointig_1_1893468_2588744 695276 1 4681965 1893468 2588744
Edge	9	0	34	0	0	0	132	-1
	Sequence	-edge_5_0_+disjointig_1_1893468_2588744 695276 -1 4681965 2093220 2788496
Edge	10	26	9	0	0	0	124	-1
	Sequence	+edge_6_0_-disjointig_1_3313351_3402463 89112 -1 4681965 3313351 3402463
Edge	11	10	3	0	0	0	124	-1
	Sequence	-edge_6_0_-disjointig_1_3313351_3402463 89112 1 4681965 1279501 1368613
Edge	12	19	35	0	0	0	126	-1
	Sequence	+edge_7_0_-disjointig_1_3407898_3532932 125034 -1 4681965 3407898 3532932
Edge	13	17	36	0	0	0	126	-1
	Sequence	-edge_7_0_-disjointig_1_3407898_3532932 125034 1 4681965 1149032 1274066
Edge	14	37	8	0	0	0	112	-1
	Sequence	+edge_8_0_-disjointig_1_3538298_3573440 35142 -1 4681965 3538298 3573440
Edge	15	23	14	0	0	0	112	-1
	Sequence	-edge_8_0_-disjointig_1_3538298_3573440 35142 1 4681965 1108524 1143666
Edge	16	13	16	0	0	0	127	-1
	Sequence	+edge_9_0_-disjointig_1_3578763_4278499 699736 -1 4681965 3578763 4278499
Edge	17	6	7	0	0	0	127	-1
	Sequence	-edge_9_0_-disjointig_1_3578763_4278499 699736 1 4681965 403465 1103201
Edge	20	2	12	0	0	0	129	-1
	Sequence	+edge_11_0_+disjointig_1_1373954_1888223 514269 1 4681965 1373954 1888223
Edge	21	22	4	0	0	0	129	-1
	Sequence	-edge_11_0_+disjointig_1_1373954_1888223 514269 -1 4681965 2793741 3308010
Edge	30	11	25	0	0	0	110	-1
	Sequence	+edge_16_0_+disjointig_2_102745_108361 5616 2 158758 102745 108361
Edge	31	27	15	0	0	0	110	-1
	Sequence	-edge_16_0_+disjointig_2_102745_108361 5616 -2 158758 50396 56012
Edge	32	30	24	0	0	0	125	-1
	Sequence	+edge_17_0_+disjointig_1_2594159_4681932 2087773 1 4681965 2594159 4681932
Edge	33	20	1	0	0	0	125	-1
	Sequence	-edge_17_0_+disjointig_1_2594159_4681932 2087773 -1 4681965 32 2087805
Edge	34	24	18	0	0	0	122	-1
	Sequence	+edge_18_0_+disjointig_1_28814_398055 369241 1 4681965 28814 398055
Edge	35	5	20	0	0	0	122	-1
	Sequence	-edge_18_0_+disjointig_1_28814_398055 369241 -1 4681965 4283909 4653150
Edge	38	25	11	0	0	0	92	-1
	Sequence	+edge_20_0_+disjointig_2_34990_102745 67755 2 158758 34990 102745
Edge	39	15	27	0	0	0	92	-1
	Sequence	-edge_20_0_+disjointig_2_34990_102745 67755 -2 158758 56012 123767
Edge	40	34	22	0	0	0	130	-1
	Sequence	+edge_21_0_+83602177-cfc7-4a40-98e6-9220e2b7e1b4_8160_13405 5245 * 0 0 0
Edge	41	12	32	0	0	0	130	-1
	Sequence	-edge_21_0_+83602177-cfc7-4a40-98e6-9220e2b7e1b4_8160_13405 5245 * 0 0 0
Edge	42	35	37	0	0	0	119	-1
	Sequence	+edge_22_0_+f78c7c91-43bb-4c12-834d-91f9f5b96b2e_8323_13687 5364 * 0 0 0
Edge	43	14	17	0	0	0	119	-1
	Sequence	-edge_22_0_+f78c7c91-43bb-4c12-834d-91f9f5b96b2e_8323_13687 5364 * 0 0 0
Edge	44	36	10	0	0	0	125	-1
	Sequence	+edge_23_0_+0107078c-e6a9-4f7b-857f-917417f40793_6299_11731 5432 * 0 0 0
Edge	45	9	19	0	0	0	125	-1
	Sequence	-edge_23_0_+0107078c-e6a9-4f7b-857f-917417f40793_6299_11731 5432 * 0 0 0
Edge	46	8	13	0	0	0	119	-1
	Sequence	+edge_24_0_-7bf530fe-d57b-4f9c-a571-1a0352ac666b_5920_11241 5321 * 0 0 0
Edge	47	7	23	0	0	0	119	-1
	Sequence	-edge_24_0_-7bf530fe-d57b-4f9c-a571-1a0352ac666b_5920_11241 5321 * 0 0 0
Edge	48	18	6	0	0	0	124	-1
	Sequence	+edge_25_0_-9ef6f9f0-4f5b-48e3-bd5d-dc351a384b0d_8781_14191 5410 * 0 0 0
Edge	49	16	5	0	0	0	124	-1
	Sequence	-edge_25_0_-9ef6f9f0-4f5b-48e3-bd5d-dc351a384b0d_8781_14191 5410 * 0 0 0
Edge	50	4	26	0	0	0	126	-1
	Sequence	+edge_26_0_-bbce2441-dd99-4f75-8b05-f0ea9ff54f37_8087_13423 5336 * 0 0 0
Edge	51	3	2	0	0	0	126	-1
	Sequence	-edge_26_0_-bbce2441-dd99-4f75-8b05-f0ea9ff54f37_8087_13423 5336 * 0 0 0
Edge	52	21	30	0	0	0	128	-1
	Sequence	+edge_27_0_-5d148ef7-1608-437a-9d32-23a3c101d006_3747_9160 5413 * 0 0 0
Edge	53	1	0	0	0	0	128	-1
	Sequence	-edge_27_0_-5d148ef7-1608-437a-9d32-23a3c101d006_3747_9160 5413 * 0 0 0
