Edge	8	58	6	0	0	0	98	-1
	Sequence	+edge_5_0_+disjointig_1_3511452_4207482 696030 1 4930982 3511452 4207482
Edge	9	3	29	0	0	0	98	-1
	Sequence	-edge_5_0_+disjointig_1_3511452_4207482 696030 -1 4930982 723499 1419529
Edge	10	10	16	0	0	0	101	-1
	Sequence	+edge_6_0_-disjointig_1_108177_196464 88287 -1 4930982 108177 196464
Edge	11	12	9	0	0	0	101	-1
	Sequence	-edge_6_0_-disjointig_1_108177_196464 88287 1 4930982 4734517 4822804
Edge	12	1	38	0	0	0	101	-1
	Sequence	+edge_7_0_-disjointig_1_4095807_4803746 707939 -1 4930982 4095807 4803746
Edge	13	4	15	0	0	0	101	-1
	Sequence	-edge_7_0_-disjointig_1_4095807_4803746 707939 1 4930982 127235 835174
Edge	14	32	59	0	0	0	85	-1
	Sequence	+edge_8_0_-disjointig_1_4808973_4845150 36177 -1 4930982 4808973 4845150
Edge	15	17	2	0	0	0	85	-1
	Sequence	-edge_8_0_-disjointig_1_4808973_4845150 36177 1 4930982 85831 122008
Edge	16	50	45	0	0	0	101	-1
	Sequence	+edge_9_0_+disjointig_1_4212719_4403543 190824 1 4930982 4212719 4403543
Edge	17	53	5	0	0	0	101	-1
	Sequence	-edge_9_0_+disjointig_1_4212719_4403543 190824 -1 4930982 527438 718262
Edge	18	14	55	0	0	0	111	-1
	Sequence	+edge_10_0_-disjointig_1_201807_381649 179842 -1 4930982 201807 381649
Edge	19	54	13	0	0	0	111	-1
	Sequence	-edge_10_0_-disjointig_1_201807_381649 179842 1 4930982 4549332 4729174
Edge	22	0	19	0	0	0	99	-1
	Sequence	+edge_12_0_+disjointig_1_840422_1025924 185502 1 4930982 840422 1025924
Edge	23	42	8	0	0	0	99	-1
	Sequence	-edge_12_0_+disjointig_1_840422_1025924 185502 -1 4930982 3905057 4090559
Edge	24	40	22	0	0	0	82	-1
	Sequence	+edge_13_0_-disjointig_1_1424946_2065314 640368 -1 4930982 1424946 2065314
Edge	25	46	57	0	0	0	82	-1
	Sequence	-edge_13_0_-disjointig_1_1424946_2065314 640368 1 4930982 2865667 3506035
Edge	28	23	51	0	0	0	75	-1
	Sequence	+edge_15_0_-disjointig_1_2069385_2668546 599161 -1 4930982 2069385 2668546
Edge	29	36	44	0	0	0	75	-1
	Sequence	-edge_15_0_-disjointig_1_2069385_2668546 599161 1 4930982 2262435 2861596
Edge	30	27	28	0	0	0	86	-1
	Sequence	+edge_16_0_+disjointig_1_1029994_1276352 246358 1 4930982 1029994 1276352
Edge	31	33	18	0	0	0	86	-1
	Sequence	-edge_16_0_+disjointig_1_1029994_1276352 246358 -1 4930982 3654629 3900987
Edge	34	52	31	0	0	0	77	-1
	Sequence	+edge_18_0_-disjointig_1_2672230_3446971 774741 -1 4930982 2672230 3446971
Edge	35	39	48	0	0	0	77	-1
	Sequence	-edge_18_0_-disjointig_1_2672230_3446971 774741 1 4930982 1484010 2258751
Edge	36	26	25	0	0	0	87	-1
	Sequence	+edge_19_0_+disjointig_1_1280036_1480325 200289 1 4930982 1280036 1480325
Edge	37	49	47	0	0	0	87	-1
	Sequence	-edge_19_0_+disjointig_1_1280036_1480325 200289 -1 4930982 3450656 3650945
Edge	40	56	43	0	0	0	117	-1
	Sequence	+edge_21_0_-disjointig_1_385356_523776 138420 -1 4930982 385356 523776
Edge	41	37	24	0	0	0	117	-1
	Sequence	-edge_21_0_-disjointig_1_385356_523776 138420 1 4930982 4407205 4545625
Edge	46	7	30	0	0	0	108	-1
	Sequence	+edge_24_0_+disjointig_1_4828239_4930979 102740 1 4930982 4828239 4930979
Edge	47	34	11	0	0	0	108	-1
	Sequence	-edge_24_0_+disjointig_1_4828239_4930979 102740 -1 4930982 2 102742
Edge	48	30	35	0	0	0	94	-1
	Sequence	+edge_25_0_+disjointig_1_57788_80520 22732 1 4930982 57788 80520
Edge	49	41	34	0	0	0	94	-1
	Sequence	-edge_25_0_+disjointig_1_57788_80520 22732 -1 4930982 4850461 4873193
Edge	52	21	21	0	0	0	52	-1
	Sequence	+edge_27_0_+disjointig_2_35688_171010 135322 2 171013 35688 171010
Edge	53	20	20	0	0	0	52	-1
	Sequence	-edge_27_0_+disjointig_2_35688_171010 135322 -2 171013 2 135324
Edge	54	19	27	0	0	0	92	-1
	Sequence	+edge_28_0_+12924d6e-25f0-4e34-8b74-78ee648efd5b_1589_5665 4076 * 0 0 0
Edge	55	18	42	0	0	0	92	-1
	Sequence	-edge_28_0_+12924d6e-25f0-4e34-8b74-78ee648efd5b_1589_5665 4076 * 0 0 0
Edge	56	44	46	0	0	0	78	-1
	Sequence	+edge_29_0_+c0d7d2c2-80ae-4c45-8975-5eca258c626c_16569_20656 4087 * 0 0 0
Edge	57	22	23	0	0	0	78	-1
	Sequence	-edge_29_0_+c0d7d2c2-80ae-4c45-8975-5eca258c626c_16569_20656 4087 * 0 0 0
Edge	58	28	26	0	0	0	86	-1
	Sequence	+edge_30_0_-ff2b76b0-a36e-494d-ad03-add6bef229b7_5281_8976 3695 * 0 0 0
Edge	59	47	33	0	0	0	86	-1
	Sequence	-edge_30_0_-ff2b76b0-a36e-494d-ad03-add6bef229b7_5281_8976 3695 * 0 0 0
Edge	60	48	36	0	0	0	76	-1
	Sequence	+edge_31_0_+39e10639-9b7a-4b44-a412-bbe0710b3248_2573_6254 3681 * 0 0 0
Edge	61	51	52	0	0	0	76	-1
	Sequence	-edge_31_0_+39e10639-9b7a-4b44-a412-bbe0710b3248_2573_6254 3681 * 0 0 0
Edge	62	45	37	0	0	0	109	-1
	Sequence	+edge_32_0_-1831b33b-5da5-449b-886a-2ac0a6819b16_4057_7741 3684 * 0 0 0
Edge	63	43	53	0	0	0	109	-1
	Sequence	-edge_32_0_-1831b33b-5da5-449b-886a-2ac0a6819b16_4057_7741 3684 * 0 0 0
Edge	64	25	39	0	0	0	82	-1
	Sequence	+edge_33_0_+072903a9-d274-4d27-b94b-3cf7169229ef_3088_6781 3693 * 0 0 0
Edge	65	31	49	0	0	0	82	-1
	Sequence	-edge_33_0_+072903a9-d274-4d27-b94b-3cf7169229ef_3088_6781 3693 * 0 0 0
Edge	66	24	54	0	0	0	114	-1
	Sequence	+edge_34_0_+ce929d52-9c90-48f0-8b06-68c024db3587_9215_12939 3724 * 0 0 0
Edge	67	55	56	0	0	0	114	-1
	Sequence	-edge_34_0_+ce929d52-9c90-48f0-8b06-68c024db3587_9215_12939 3724 * 0 0 0
Edge	68	29	40	0	0	0	90	-1
	Sequence	+edge_35_0_+ff042f97-7905-45b9-b520-373b95263812_2962_8377 5415 * 0 0 0
Edge	69	57	58	0	0	0	90	-1
	Sequence	-edge_35_0_+ff042f97-7905-45b9-b520-373b95263812_2962_8377 5415 * 0 0 0
Edge	70	59	41	0	0	0	89	-1
	Sequence	+edge_36_0_-18f423a8-0fe3-4fe0-962c-e69c299dccca_7715_13026 5311 * 0 0 0
Edge	71	35	17	0	0	0	89	-1
	Sequence	-edge_36_0_-18f423a8-0fe3-4fe0-962c-e69c299dccca_7715_13026 5311 * 0 0 0
Edge	72	16	14	0	0	0	106	-1
	Sequence	+edge_37_0_+78f1a057-e694-4dfd-a901-78e085557da0_3961_9303 5342 * 0 0 0
Edge	73	13	12	0	0	0	106	-1
	Sequence	-edge_37_0_+78f1a057-e694-4dfd-a901-78e085557da0_3961_9303 5342 * 0 0 0
Edge	74	11	10	0	0	0	104	-1
	Sequence	+edge_38_0_+bffaf547-b0f6-4392-afa1-2daecf1a0bf3_7889_13321 5432 * 0 0 0
Edge	75	9	7	0	0	0	104	-1
	Sequence	-edge_38_0_+bffaf547-b0f6-4392-afa1-2daecf1a0bf3_7889_13321 5432 * 0 0 0
Edge	76	6	50	0	0	0	99	-1
	Sequence	+edge_39_0_+a6e88095-fda3-425b-813c-871da2c3ebbe_17044_22280 5236 * 0 0 0
Edge	77	5	3	0	0	0	99	-1
	Sequence	-edge_39_0_+a6e88095-fda3-425b-813c-871da2c3ebbe_17044_22280 5236 * 0 0 0
Edge	78	2	4	0	0	0	93	-1
	Sequence	+edge_40_0_+ec868489-ac67-49d7-9ab7-c1147732589f_10808_16034 5226 * 0 0 0
Edge	79	38	32	0	0	0	93	-1
	Sequence	-edge_40_0_+ec868489-ac67-49d7-9ab7-c1147732589f_10808_16034 5226 * 0 0 0
Edge	80	8	1	0	0	0	100	-1
	Sequence	+edge_41_0_-6c428cef-f9a7-4323-ba25-75e5fa016fed_2086_7331 5245 * 0 0 0
Edge	81	15	0	0	0	0	100	-1
	Sequence	-edge_41_0_-6c428cef-f9a7-4323-ba25-75e5fa016fed_2086_7331 5245 * 0 0 0
